11
1.5707963267948966 1.5707963267948966 1.01 1 -3.5 0.0 0.0 0.0 -3.5 -1.0 0.0 0.0 0.5 0.0 0.0 0.0 0.5 -1.0 0.0 0.0 3.5 0.010000000000000009 0.0 0.0 3.5 -0.99 0.0 0.0
1.4404015048940486 1.4915496214995387 0.9903273835231103 1 -3.5264994853026956 0.021735404805655056 -0.004487761759996865 0.013535664666621318 -3.4257120470534286 -1.0010506680263929 0.037519818698121356 0.003076148927465383 0.4999579376312928 0.0003315114895312554 -5.5092695986828385e-05 -0.005201187054413256 0.5006452226433531 -0.9999354270896821 0.000143500782063194 0.005444072670646085 3.4740024258782274 0.025039130467411352 -0.012647194445004934 0.00040435707561409587 3.4511023227185706 -1.0046170468066773 -0.026527575766492405 0.0009402289240363695
1.1539496592241136 1.1116662393460561 1.0427469990775717 1 -3.569924678023371 0.09403497258087423 -0.004109504296987076 0.010563015126744435 -3.3057212565549943 -0.9232007213608902 0.009440121799160124 0.027007102293551924 0.4846174813305879 0.015686433594371385 -0.00625562410421805 0.0014295437547092015 0.48297376791598623 -1.0119331785857026 -0.007645496547677088 -1.2001015694105069e-05 3.3736420345849467 0.07967828350978268 -0.027865217184803354 0.01000213717731903 3.269622441391271 -1.0064103676737015 -0.03895854679789351 0.011848962632166896
0.8770762322031429 0.7168185791701961 0.8157401687494508 1 -3.575906566898635 0.14535561929027496 0.005042974097303381 0.0035589532342733265 -3.3387011043610206 -0.8321195108578465 -0.01348791084274693 0.012872160183486353 0.42614650725059366 0.05120011457168672 -0.017184086297619847 0.005563003904707991 0.4176120573334625 -1.0290627321067423 -0.01800196269532685 0.0007991283547237622 3.205016218078242 0.1684459960263971 -0.03685913150041395 0.014847717452731259 3.099812172467214 -0.9387502694842754 -0.03109069517513065 0.019135280283550493
0.7372333273078732 0.4986328130424049 0.7270387335564875 1 -3.561097639812381 0.17489495293073798 0.0027109984576516298 0.005404447221329859 -3.4218730286921515 -0.8243336945349903 -0.01174575071476449 -0.001512315354605687 0.3102365508581393 0.08674038738496415 -0.028281983442869748 0.005477673677794113 0.2991922129765623 -1.0205299753654593 -0.02923165964036233 0.005067345095337569 3.0263565367919947 0.24783206747891273 -0.031718013892061386 0.006535946129465094 2.9281647125623547 -0.8751842124748693 -0.038573983251419273 0.011498808112267753
0.635665407194352 0.34524059034360716 0.7444317960785363 1 -3.5958360939507186 0.2197848975185579 -0.009302624335218519 0.012511640849083879 -3.467827700517571 -0.8335277387113477 0.002283664815860626 0.002377044119743168 0.14747650447695548 0.12047972869303303 -0.05711024337042209 0.010430759847199152 0.12756796526549596 -0.9950989049255876 -0.05751416402758606 0.004402746478745902 2.8900655921706457 0.26328056361743446 -6.984555912125517e-05 -0.00602211737799657 2.714579564979518 -0.8524648378998578 -0.01557374086656273 -0.005458598520646233
0.5084919741204407 0.18309877463092505 0.8037629725957088 1 -3.6937022626885554 0.30039774571626165 -0.012688322052645916 0.01823992316879245 -3.4689096516103453 -0.8121731249196371 0.010926644143058174 0.011932872311137684 -0.03223564976651705 0.17366734589671795 -0.01765854706353432 0.016347458607207127 -0.04424875694771302 -0.9488441676435565 -0.013317429321489434 0.010982848704766228 2.7702820808591095 0.23368013279175348 -0.03159206903040329 -0.006802602860938908 2.515367796232354 -0.8482214029700508 -0.04065438733187522 0.00567356798565535
0.4027411326520798 0.06812495671295456 0.898255437371792 1 -3.790882378958816 0.3990998048417609 -0.004026559606556207 0.019795052490530304 -3.485524226809651 -0.7667941325043867 0.0058434213651101415 0.01650149333472762 -0.18757720613266482 0.27095241363710665 -0.008924860227870172 0.025195069294426675 -0.16318154281063002 -0.859554358710015 -0.004055518550869384 0.02071943061151281 2.6490123076116934 0.223328142921984 -0.009022958840646083 0.002693906993273208 2.3716978575403243 -0.8416273109280026 -0.010731032204597202 -0.007085309287514323
0.316224589902076 0.02000488867011075 0.9976582692057234 1 -3.8391235654048237 0.48289547540570066 0.0033229694674741907 0.013371582833324621 -3.5222578394755204 -0.7071953733435541 0.006376789395609718 0.01826922410520155 -0.2723398072458023 0.40000627443465864 0.004774721030923301 0.026342075724455093 -0.24972795721508945 -0.7455492542260942 -0.0025074779131826555 0.02301661550353289 2.5433396155686196 0.23008478224698758 -0.016958047337730542 -0.021524794401925597 2.2482777795187747 -0.8321156080170872 -0.01380471452338641 0.01601602725622939
0.23056312165601384 0.10716022411548456 0.5418288141613514 1 -3.7918097888950353 0.5229436303672834 0.03784883555775295 -0.00018850166574012477 -3.540891381640308 -0.735369505421104 0.008446524090860365 -0.025664373873880174 -0.5490146010316899 0.5940850612554687 -0.04405015661003826 0.027112905907069784 -0.4292954843290824 -0.7234312249926783 -0.021940880553548835 0.011224934799654935 2.54665850578286 0.2648451001727621 0.02541712979557476 0.02005424929061525 2.296839416787315 -0.6822055882754775 0.024686597359197742 0.028963073676864036
0.37808094006122633 0.07377781515582751 0.16569580196726863 1 -3.7915558904101228 0.404871956515211 -0.03342273886081476 -0.028743007671773794 -3.546900170067307 -0.9300691384470834 0.007850326109549046 -0.0468452202701338 -0.7414946316996183 0.6693344184421404 -0.02829099030442354 0.004062184805594284 -0.5636145021866339 -0.6161978160794741 -0.014530715880153984 0.03354393303196761 2.7604348015754328 0.2190587039593015 0.060552396908346046 -0.011479971202517411 2.4712732135808677 -0.557033430209543 0.03299534775999299 -0.0019620344874542867
1.4012127 2.0822153 2.4329398 1.3471869 0.33168316 12.193435 3.2800689 -0.3427639 1.9104943 1.0460163 1.6912031 1.650053 2.8086672 0.9602866 1.7575638 3.3997502
1.5180154 1.8058503 2.5694015 1.2748041 0.11437225 12.368738 3.076243 -0.246279 2.0549657 1.0456854 1.3398623 1.391114 2.9557343 0.9638071 1.7417005 3.165874
1.7477031 0.83123255 2.7447615 1.1757058 0.10688019 12.918816 3.4490585 0.47117686 1.910495 0.9946712 1.8920884 1.4957174 2.922386 0.93132067 1.5964597 3.1739578
1.7073317 -0.2567792 3.126709 1.2456484 0.05572796 13.542105 4.167797 3.2383668 1.4050906 0.93012047 3.2322516 1.3458277 2.4789762 0.8593724 1.5081226 2.9416566
1.105062 0.73553157 2.8240347 1.0272862 0.33065367 13.714793 3.1365552 1.0395647 1.7943574 0.8133819 4.5564156 1.1511331 2.6743302 0.755914 1.3636271 2.6732368
0.31716776 0.2667327 2.0939474 1.1177348 0.67678213 13.507158 3.6138887 -0.003912449 2.0429776 0.8258089 6.309497 1.855669 2.4224474 0.7849866 1.2789887 4.262973
0.09672642 0.20411444 2.1452978 0.9534873 0.25966406 13.60181 2.398737 -0.16311288 1.4871358 0.72546375 6.6506214 1.4010577 2.1123087 0.6754409 1.1253508 4.3582134
-0.27086973 -0.71595573 1.4780364 0.9039998 0.15587997 13.209256 1.0553522 -0.92822146 0.8742662 0.7339746 8.055143 1.320554 1.9520884 0.6213839 0.90666234 5.584484
0.048322678 -1.6604142 0.6620604 0.7407155 0.6205044 12.345295 1.4527633 -1.9481609 1.0320797 0.7626586 11.5126705 1.9386146 1.4331238 0.7583289 0.5233815 8.610701
-0.051782608 -1.927546 -1.5959208 0.6833348 -0.49048042 11.799247 -0.3309182 -1.9049103 2.2553265 0.7834996 10.788089 4.209733 4.7924075 1.0374757 0.52777076 10.844492
-2.467423 -0.26366138 -2.914779 0.6899004 -0.9951749 12.939702 3.2210808 -2.1159978 3.6137962 0.60114145 10.114271 4.675913 4.088332 1.0254765 0.8022684 10.0165
5
5
5
5
5
5
5
5
8
8
8
