14
1.6028432625519304 1.6146796483587358 1.5200328943809078 1 -3.56 0.06000000000000005 0.0 0.0 -3.5 -0.94 0.0 0.0 0.4299999999999997 0.29000000000000004 0.0 0.0 0.4900000000000002 -0.71 0.0 0.0 3.4299999999999997 0.45999999999999996 0.0 0.0 3.49 -0.54 0.0 0.0
1.4750761186597274 1.5866545000843446 1.4888906679019955 1 -3.5873481743813294 0.07652793047929163 -0.012295477752463688 0.0024525005980570507 -3.427553194137004 -0.9394368499679512 0.02887985300841555 0.009689528610386453 0.43079894255695095 0.2865881723418877 0.0005980285026397588 -0.006402902210483258 0.48951320502700746 -0.7140294036949849 -0.0005021811632990106 0.00416015454172316 3.4065524522761654 0.4711517900185678 -0.011812963500825101 -0.0010168205283793575 3.4398797801857937 -0.5571273134391234 -0.027101307648140317 -0.0006346513820803413
1.1929844216039887 1.2660370702945722 1.5385825603599839 1 -3.6319254638752363 0.14447312501277998 -0.0013179331144079409 0.01794191657693697 -3.311667858133683 -0.8573265382903261 0.01188133954474304 0.024999630053966625 0.4159309846973569 0.2953973466527229 -0.006160671545776074 0.00035458688100748446 0.471004213922531 -0.7321059891335788 -0.007652869385314464 -0.001073092745397814 3.305505468377455 0.5177755012968335 -0.028220559916735558 0.008110273186656806 3.256312978282419 -0.570462368497058 -0.03968065834864663 0.00961167260294499
0.9265178716542134 0.9016090343280645 1.3248005282324187 1 -3.6406247363835584 0.19947769757160128 0.006963979724443936 0.011975369998367822 -3.3495031014534975 -0.7623805980799396 -0.00961114369891357 0.010347345276260399 0.3552862120554465 0.32614786166374743 -0.017454151296230572 0.004801371091353989 0.4078408772676072 -0.7538314553045594 -0.017412480359993647 -0.00016255418342171063 3.131203218442562 0.5975577301837667 -0.037900682165396216 0.013025147703837552 3.0838322833818603 -0.5116531056040692 -0.031600905595013364 0.017875756322695995
0.8024836313042955 0.7183687114779869 1.2243190768146992 1 -3.630484114257949 0.23304510495888153 -0.004004384410231191 -0.004977905264799361 -3.4310927255862698 -0.7541091391734707 -0.02074742698797353 0.0030288752464142287 0.23768859265924558 0.3565726239773894 -0.02822588025895914 0.00432303895639303 0.2913533390796159 -0.7510934460401693 -0.0290502167532129 0.00347381946491793 2.946650840507486 0.6695233863604471 -0.03221801790498611 0.0051649698493934065 2.910944133715823 -0.45555998203291415 -0.0387906885652522 0.009822180229955148
0.7148868822098153 0.5792244218623579 1.2010652225410514 1 -3.669878337760447 0.2763622765164777 -0.003910188851692744 0.010125483804627428 -3.4754988701786216 -0.766567808092997 0.008337362652881028 0.005831276424908438 0.07956375719621889 0.382547091421505 -0.02067749983117173 -0.0006417770903695075 0.123325224116976 -0.7350661131900768 -0.024570647933128412 0.01193665981406954 2.8093884188458977 0.6790694694008956 -0.026764906927922254 -0.010325053913093744 2.696808979971549 -0.4436754955234612 -0.047646846309478665 0.003805468156861263
0.6022498246019025 0.41612636451644386 1.2000379466596387 1 -3.7734746442040894 0.350445317472013 -0.014481209043715906 0.019851610670648848 -3.481014483980232 -0.7485804885457359 0.009863779759340814 0.01012505933581805 -0.10310622596240027 0.4264025083803633 -0.03820169247010796 0.023238269854531663 -0.05391803317922772 -0.6992801108086646 -0.031528319373823735 0.0006530427185874911 2.6961582033961173 0.6436679598644255 -0.003058582191402214 -0.006938859244848768 2.500542929193326 -0.45293674535435835 -0.01074079799616159 -0.00939207640640513
0.5102989270205489 0.3020549709059905 1.2328385292007893 1 -3.875054445753732 0.4413452226509915 -0.030041598683012354 0.010969826404365411 -3.500513435481257 -0.7047436798392437 -0.026956648836573706 0.00458198387125408 -0.26714726599892735 0.515344411275837 -0.046347635483751974 0.01965632775715058 -0.18407176010181647 -0.616618418027083 -0.039285085745944484 0.02136850674754045 2.5715408221250007 0.6202829144829394 -0.015617879646141121 0.0009452940634924046 2.3534156390667134 -0.4547362716281226 -0.016623311027557812 -0.0055170443282161145
0.4342760891921017 0.21064206435421387 1.2700343253209574 1 -3.9286336168147433 0.5218778724064683 -0.015799778252118153 0.01908493949410029 -3.538574719306568 -0.6497722193029919 -0.012212125141165767 0.0034056232729949786 -0.3651965339684047 0.638966458894956 -0.035601572456634735 0.019497944341655412 -0.2801299197846241 -0.5046328535435444 -0.04212691409739581 0.025358481556663922 2.4688450650340696 0.618009619144668 0.006229753177553801 -0.007979142548933612 2.23492161990146 -0.4556649022911019 0.004642345636686826 -0.005220179959252973
0.3547640611116125 0.11585163648357977 1.3116325449973718 1 -3.965845596411352 0.573080758036538 -3.6774131139163165e-05 0.010150546332588734 -3.5546962103041966 -0.5843542736830025 0.009481766420026218 0.019229072455027838 -0.39121546791121276 0.7583217557482487 -0.013200963473574228 0.02032096765892616 -0.35855869198663193 -0.399556852842504 -0.025740707056155162 0.01956147105780003 2.419117696035144 0.6092311532826276 -0.026021914391730214 -0.00021884695703494345 2.1286294585350323 -0.461968283569536 -0.04403400318094962 0.007669126216879272
0.27318595724725264 0.026046503155534483 1.3656436542120203 1 -4.033374021334158 0.5878271995632494 -0.02879058440413497 -0.0037994569866651833 -3.532573327290631 -0.5092795848303179 -0.010050495374130067 0.005328029592046146 -0.3803389491167737 0.8565144317490034 0.0028530881379268853 0.013214618224192821 -0.3900080582407801 -0.3077981349982778 -0.0010991024221316918 0.024113412803433844 2.41885303673293 0.5880811758687199 0.022159559697851106 -0.004282870461056274 2.0486212953992915 -0.46721287431365577 0.007441136184810515 -0.011391442744650556
0.17684759760544552 0.09750973772082686 1.0240042717472986 1 -4.149904680567102 0.6959743755390135 -0.03794894321634039 0.034563836461917734 -3.5921262222332047 -0.3100013245768284 -0.030086067788546982 0.04977196586752911 -0.3574199279415584 0.9609630513430021 0.04678898622502072 0.015935958829597068 -0.35293833719600975 -0.16652543421166754 0.046358664546572885 0.040541713812654506 2.5396386139458773 0.6067370365615865 0.06373412837709949 0.019868705947688102 2.20093428505494 -0.3701228992050857 0.05847972979442282 0.014930070772201643
0.21076777295171337 0.15041734137135052 0.5935100722514267 -1 -4.376448158786924 0.8080111656015605 -0.047350085810636364 0.0081358599349979 -3.7229228269409487 0.013349378762601782 -0.02073256288910801 0.07747653797737207 -0.21948672815055037 1.0537829944853065 0.04511228950246006 0.02837636776868168 -0.25211028074997266 0.03276911996046472 0.03271420169783579 0.03021241626245662 3.003954019283295 0.5473821522233919 0.09042727378804524 -0.04262682655391667 2.5705072056104648 -0.27233578985793583 0.06879945785786519 0.03282175489719909
0.24431381555157236 0.24620450366925775 0.4036150538177946 -1 -4.618228088389439 0.8220579886585326 -0.034436585373772456 -0.0036498359208215134 -3.8715970931256125 0.2708234815078858 -0.035399873878669635 0.01954703616759939 0.022263068474628334 1.1509489804511746 0.04719459575805596 0.03358018561271073 -0.05410813277158155 0.24148837758558672 0.04181664500998553 0.031205601158153896 3.490184755476177 0.40771037433949964 0.05868545735891396 -0.052276173518899224 2.9365675271591742 -0.2939339161206892 0.08510430364923655 0.00249977417819245
0.45993233 1.3533463 0.64480436 1.08831 0.8303385 13.156906 0.6937895 -0.1609664 0.14042595 0.50969267 3.3611646 0.4755116 2.066086 0.39736426 1.5930946 2.9026537
0.53568125 1.298204 0.7256955 1.0459077 0.5344391 13.213526 0.044823885 0.08286619 0.07894817 0.46127224 3.2192986 0.3988912 2.0823083 0.34758246 1.5500076 2.3547683
0.48692417 0.9562111 0.6549592 1.0686269 0.56359625 13.309879 0.50097346 0.4416287 0.273654 0.51102805 3.2588959 0.3492881 2.2020078 0.36859 1.6196115 2.1596932
0.39806414 -0.28798676 0.43228135 0.9844768 0.036321163 13.67289 1.1784738 3.5773003 0.48284298 0.62131464 3.4654703 0.27349615 2.1967971 0.37049353 1.7193369 1.9338608
0.09773159 0.47422314 0.45428225 1.0845325 0.9093108 13.44938 1.7303734 0.075787306 0.560331 0.5813509 3.618289 0.529968 2.0849168 0.46062005 1.6927315 3.3051147
1.4306841 1.6586876 -0.20761284 1.7685525 0.67349005 13.411112 0.4731506 2.2912924 -0.13668618 1.100138 5.79454 0.59947485 1.1907419 1.1362178 1.7837597 6.67976
1.2938681 1.7739477 -0.14970699 1.6819913 0.4169464 13.540034 -0.3377142 2.3296502 -0.46498278 1.0004361 5.732802 0.70261633 0.88411856 1.0679786 1.6706959 6.7422953
0.9472828 1.2423654 -0.30941394 1.6542599 0.91692877 13.507599 1.3439488 1.7774572 -0.00093343854 1.0754566 6.0673757 0.8582554 0.9238274 1.1550651 1.7407541 8.085153
1.1421361 1.2104621 -0.34860006 1.644963 1.136723 13.284933 2.0157275 1.947741 0.26903972 1.1491152 6.431652 0.831694 1.0396552 1.235837 1.7236726 8.9060335
1.2566543 1.0644021 -0.32959402 1.4830079 1.488936 12.931746 3.0651908 1.9792643 0.6580766 1.1726027 6.9401083 0.87969863 1.1296856 1.2823141 1.6079584 10.421099
1.5192266 0.7995734 -0.29829848 1.2724315 2.2170005 12.273042 5.2363043 1.9094515 1.5313553 1.2527609 7.5831084 0.8281939 1.603545 1.358803 1.509414 12.288976
-0.5684719 -2.0374246 0.6238315 0.6223233 2.9870853 11.981756 7.0899973 1.6869624 2.0733545 1.0110214 9.810503 0.22737181 -3.7617283 1.1810141 2.2545228 12.400284
0.12341881 1.1551704 -4.308195 0.96404314 -0.381423 8.980533 5.7419214 0.1717174 0.82174325 1.4557556 9.443858 1.6215702 2.697826 1.5083852 1.8290849 14.510354
1.4817972 1.6687262 -1.7027754 1.0576859 -0.48119497 4.0361567 -0.97430253 3.4672036 2.3762753 1.275985 11.597853 0.1594019 0.9134491 1.4178367 2.1028767 14.267806
5
5
5
5
5
5
5
5
5
5
15
15
15
15
