13
1.5961695131469795 1.6138582801284909 1.4500344823486095 1 -3.55 0.050000000000000044 0.0 0.0 -3.5 -0.95 0.0 0.0 0.4400000000000004 0.25 0.0 0.0 0.4900000000000002 -0.75 0.0 0.0 3.4400000000000004 0.3899999999999999 0.0 0.0 3.49 -0.6 0.0 0.0
1.4710493159811426 1.5782558760321732 1.421610496343378 1 -3.5775936931693897 0.07037423401331999 -0.0051512244529382445 0.013274508943356075 -3.4256228075992654 -0.947311431038013 0.03739227812193207 0.004980889243847705 0.440782092178309 0.25035295165860294 0.0005567011947357555 -0.00509233626311228 0.4888562056594399 -0.7506151362097234 -0.0006377894091569932 0.005022241755052859 3.4154967364866318 0.40416591630627496 -0.012010490945545562 -0.0002619567330301321 3.4407794315389095 -0.6157569095293749 -0.02697149276186963 0.00017175011276922628
1.192385961343021 1.2565618487807566 1.47792965136959 1 -3.6246547871587667 0.14047246677157887 -0.004645668540369158 0.010340839772771296 -3.3094859229718043 -0.8635605744598861 0.008068011227679412 0.027449932731676414 0.4257004494856602 0.2642614844423439 -0.006089370372954408 0.0010442112521457676 0.4690429231562252 -0.7646718624510807 -0.007666537299960185 -0.0006360853868799896 3.3147014831346775 0.4540235831873056 -0.02836688101093912 0.00841198100332923 3.258101906422258 -0.6260441996042229 -0.039573444467705124 0.009864403193042848
0.9239553937270671 0.8901471931474815 1.2608808999404542 1 -3.633278924780786 0.19163845549239755 0.0048571312908339236 0.003856537270564746 -3.347503024350441 -0.7743943906485494 -0.014280380727622832 0.012171124462223215 0.3649145985112279 0.29611784841374056 -0.017416958765065067 0.004799460600895582 0.40572903448003483 -0.7848273751678829 -0.01721994927579751 -5.838294737410023e-05 3.1402077097024303 0.5335755058459117 -0.03807322814311853 0.0127394303289675 3.086913645962471 -0.5682644002994801 -0.03135537668843345 0.01747564825179218
0.7986909725907446 0.7092579061714567 1.1508038019139735 1 -3.580063642002936 0.2915246569097889 0.016230558746646223 0.029055405052139938 -3.5334779124297166 -0.7207101296845558 -0.01174451581252517 0.016225247753959438 0.3890158472221561 0.2434338934126714 0.010957517697187438 -0.0011004032299984506 0.41454109288199703 -0.710211819592329 0.0037719399723764044 -0.004559699792700631 2.9871612769773748 0.6255861176525792 -0.039097666103236374 0.016681620089774425 2.959091410664082 -0.5196881544684907 -0.04431757987095359 0.01128496420558851
0.7394563148115456 0.5857439349938314 1.0667950574843785 1 -3.642510503261409 0.3605322796413213 -0.033046954689548644 0.002252139155191679 -3.5384843666277117 -0.6880325582040907 0.02397422151218673 -0.001504454498866813 0.3020188645067927 0.2692608263185947 -0.0373833575136209 -0.0013048169198449557 0.2899459669149218 -0.7690385979541594 -0.039404345068211125 0.005644487928642184 2.9864893022483736 0.6651788180487197 0.02909177494832959 -0.009101320988180367 2.8711400098712065 -0.46872003993176536 0.010880276604914696 0.0072454004640662845
0.672145236142458 0.4663729980706439 1.0226568014800328 1 -3.803402528979024 0.33950665890043363 -0.03172664175073118 -0.006571303518319377 -3.3586328901742943 -0.6813350669410614 0.016521183832160575 0.0005205391831789828 0.0987933265716725 0.3536869165587089 -0.02213256029880481 0.0188787355377324 0.13200170828778024 -0.7322104155084124 -0.00963570420134948 0.02418493101292103 2.989864728338855 0.6037132881029867 -0.02905272112138483 -0.012254471264971397 2.743419033158541 -0.4508243523900848 -0.05602281868356356 0.006607153962713925
0.5822571004888892 0.3535822290807643 1.0217368971582883 1 -3.853374973436761 0.36626567748611616 0.010393216084324952 0.012743302186319893 -3.3787386332418223 -0.6624482441373571 -0.01996193923819093 0.006563727588000721 -0.059042141459878295 0.48838742386762557 0.00598579885434989 0.022993317707484664 0.04463772980028313 -0.6114097422563929 0.012056869722183686 0.0365654116555182 2.926974685214197 0.5451212516074033 -0.03203908198155003 -0.00223812524975215 2.6307315986759807 -0.4761630266844401 -0.030075540707124895 -0.001143563243044302
0.4888128245471717 0.22808781917195278 1.0092866979048665 1 -3.8061712233056104 0.4444472645044506 0.0028073710252493845 0.015943857992537863 -3.527054200012406 -0.6738089708844761 -0.029269657244909642 -0.0061378510815967725 -0.12015758174673064 0.6240712603207959 -0.005086663952243761 0.03490318154575012 -0.04236168813965335 -0.47911642267893206 -0.022369326588662135 0.016577594106906776 2.814970975485016 0.5395603691318553 -0.004194457878325817 -0.007985120852375955 2.5627479531309234 -0.502724563268548 0.00795397910902896 -0.007270753911773236
0.4375447843168195 0.1633378304053592 1.026975623008667 1 -3.813759671326749 0.4795598331745796 -0.026783017697843553 -0.000741582081001493 -3.5527215592815438 -0.6619534696585349 -0.0023671770333965753 0.0008698620792204903 -0.12840352629337826 0.745510438822149 -0.024101563243108404 0.023153532241018706 -0.16144577256608894 -0.36009499727906424 -0.044229161822195356 0.02228491365930669 2.71836462764675 0.5346940904199369 -0.03445372870692676 -0.005944791616982787 2.441302701487696 -0.5196106159321917 -0.05370744792005904 0.00726910519735083
0.39152297974712513 0.12213815861255413 1.1056111729203435 1 -3.9212598311641313 0.4640493667027039 -0.024378709753806672 -0.006120415756988883 -3.456541628862759 -0.6115964585025637 0.015448617931455737 0.013531591204178663 -0.15408841690967723 0.8517854600764623 0.0034080890576738253 0.020625114430917968 -0.21995549602515485 -0.27240257505676535 0.011144339281444154 0.01262176943297408 2.6572306532258 0.4910738452253507 -0.018248991127578943 -0.02790404002368469 2.274889904265951 -0.5436305520848346 -0.025954332462118944 0.010919099490911927
0.29238927077508675 0.0037324729772368636 0.79349574448845 1 -3.9763084001696622 0.5771730092456184 -0.014132002448603957 0.04319092234083076 -3.531557680671691 -0.469853582393179 -0.0366227397688639 0.025304517890549025 -0.21071326593741446 0.9765545929976283 0.015108380788888265 0.023133254747225412 -0.1935429777020765 -0.14384080067550797 0.02246207247015845 0.041628622377747136 2.676782953724417 0.48412090264531105 0.05613163885203693 -0.008965590845191591 2.357658327114547 -0.4885642233759355 0.07930623440227128 0.011674013795871428
0.3386025979647956 0.03303558097272686 0.5061404750147828 1 -4.118542833102881 0.7147106126686587 -0.06468541415736766 0.01772657516205656 -3.6060642028302183 -0.23406656660052527 -0.008531627845101872 0.052406540144883856 -0.1075131596985841 1.0989462899968259 0.024228698491552618 0.01969005341789283 -0.16340331074161618 0.07065392006369176 0.0021225077281088744 0.04815283409083207 3.0525654166514524 0.4298380294808446 0.10975295194158007 -0.0021394473039223864 2.642276220619771 -0.40232304446800626 0.045267887216330766 -0.0038025344905393867
-0.18169037 0.8321643 -0.04369339 1.5238287 0.83897656 13.653162 0.96347797 0.044868 0.032696344 0.4009893 3.7851403 0.2810691 1.4809606 0.21277504 1.4510127 2.5496535
-0.18171684 0.83223146 -0.04371884 1.5239497 0.8390649 13.651263 0.96349925 0.044809245 0.032721765 0.40100396 3.785588 0.28102362 1.481128 0.21273403 1.4511274 2.5509384
-0.18561454 0.83247256 -0.0400525 1.5238229 0.8390237 13.64315 0.96328354 0.043997243 0.031901047 0.3979475 3.7871897 0.28093824 1.4813813 0.20357257 1.45133 2.5519545
-0.18898097 0.83237875 -0.036487572 1.5226929 0.83864754 13.631155 0.96287805 0.043142833 0.031748362 0.39507762 3.7906055 0.28080052 1.480683 0.19571102 1.4509866 2.556655
-0.19182466 0.83168554 -0.03269216 1.5197706 0.8376876 13.612023 0.96217334 0.042116694 0.032347977 0.39228308 3.797978 0.28059566 1.4782858 0.18934385 1.4496247 2.568712
-0.19422425 0.830806 -0.028955158 1.5162487 0.8365496 13.592932 0.9613415 0.08238753 0.03325308 0.38958347 3.806333 0.28038985 1.4751536 0.18399246 1.4478892 2.582211
-0.19561309 0.8248737 -0.019840878 1.4969351 0.8309267 13.471016 0.9585067 0.11490507 0.03899166 0.38483372 3.8660803 0.27944136 1.4580232 0.18512453 1.4372262 2.6950476
-0.17710574 0.6875553 0.09649785 1.1531943 0.71402156 11.367063 0.93127 0.08163907 0.107210204 0.31722796 5.0062923 0.29407173 1.1279764 0.31620285 1.2029035 4.7451596
-0.087931335 0.40957946 0.118055105 0.74514675 0.4701118 7.925691 0.85265505 0.024335869 0.17389572 0.17490436 6.36679 0.33919752 0.70091355 0.44237584 0.8750292 7.201779
-0.056930248 0.35090053 0.10275753 0.6791534 0.41685575 7.1718063 0.82319087 0.0468759 0.17453851 0.16224045 6.5685925 0.3332667 0.6336451 0.44128188 0.8106674 7.461706
-0.004199177 0.29740587 0.11528361 0.5318845 0.35768184 5.9206896 0.7543078 0.1135346 0.16279596 0.19491503 6.8404145 0.2700146 0.5363168 0.42752254 0.685728 7.6699147
0.08709733 0.383475 0.0888241 0.23102365 0.41719317 3.1760626 0.5677666 0.1958326 0.11576493 0.16141802 9.482148 0.21018481 0.39033327 0.43890166 0.16607562 4.582648
0.09129803 0.36402282 0.11362316 0.15871802 0.43558705 1.9216611 0.55232763 0.18052939 0.09362358 0.21721417 11.364397 0.23028846 0.327102 0.45919183 -0.06517749 2.338418
5
5
5
7
5
5
5
5
5
5
15
15
10
