50
1.6698399435581093 1.7048392230290406 2.826393461639763 1 -3.7199999999999998 0.17999999999999994 0.0 0.0 -3.52 -0.8 0.0 0.0 0.1900000000000004 0.99 0.0 0.0 0.40000000000000036 0.010000000000000009 0.0 0.0 3.13 1.6 0.0 0.0 3.33 0.6200000000000001 0.0 0.0
1.5763679539731397 1.795185417601477 2.762427806251726 1 -3.647802029949273 0.19594431065966655 0.03714524784604453 0.00458622728573343 -3.5412072790851554 -0.8262709973668667 -0.001540068089073754 -0.014002288576353593 0.19031702347098634 0.9894531314108925 0.0012410435371433006 -0.005392537788113307 0.39905410378065476 0.007652863342714644 -0.0012414328681050338 0.004491841862156044 3.0800350397737306 1.6025591092705103 -0.025455733198024307 -0.006728119573638464 3.307564122154984 0.5987956454112779 -0.012151898406340771 -0.0034315896913103897
1.6704113715434434 2.0155878867581722 2.6642993702781093 1 -3.5159301725157266 0.14528819941433158 0.014515732698808927 -0.024052448491752296 -3.568546837231545 -0.9043974252440109 -0.0018262913845347687 -0.010733118465314814 0.17003567705488276 0.9968392410848852 -0.007600529542714627 -0.0014330389217053503 0.3866824612703246 -0.012076190039154944 -0.005692196577500558 -0.002776548605218764 2.9024257028789764 1.565393803139064 -0.03554945649997398 -0.01961252214899107 3.220490115576096 0.5232831889279519 -0.025031147942333538 -0.015675001305236837
1.8480282413658804 2.170246544226556 2.630671049655665 1 -3.53009641607934 0.05197817222413925 -0.010570835860553438 -0.014949318216981863 -3.5640017141326 -0.9537288124678172 0.005602896201474649 -0.0021295471318355467 0.10145404250676204 1.0004206630960488 -0.01754821911956195 -0.0042886663280470826 0.3374267606340613 -0.057994035279272826 -0.015337693226049134 -0.008827645543836037 2.7497845902849205 1.4645211166073349 -0.026422394165875135 -0.024759962972501083 3.072834782220144 0.40187030768659215 -0.033073957145467514 -0.02196694988358356
1.8290844986099721 2.157466009763825 2.698643374776182 1 -3.6097506210199586 0.028160425772565834 -0.011758274792106673 -0.0010094884005113717 -3.5439007798873776 -0.9790598113117354 0.003704556150119169 -0.004874502623330199 -0.013279022154367048 0.9673597888530725 -0.027439603838671243 -0.010900658873971661 0.2319544207079538 -0.11615909181060813 -0.026291999882577084 -0.01140809994785573 2.5942500889489306 1.3687738746129852 -0.03551707186920162 -0.018658759265300588 2.913036592205878 0.28877190556874055 -0.029789632886566234 -0.012709867032899875
1.72521015252493 2.0026048384625774 2.7957463496878314 1 -3.7206953977715225 0.03825780632738929 0.00783328133365032 0.01523500002529651 -3.478946494753966 -1.0718313728057796 0.027087573503719396 0.00521965985143796 0.003175418047164591 0.8693511856054994 0.015511130613425017 0.0005860269223640566 0.18842673016333666 -0.07177683133162505 0.005995751220396969 -0.008738935511475272 2.44095736972623 1.3272972925976898 -0.0022469897091454347 0.004803271428925263 2.8206100972015555 0.2351391916772132 0.0010006945554354267 0.0016266246513680846
1.4128922274886055 1.7068887141935232 2.8346789524453553 1 -3.669210073589862 0.13799801674639411 0.016035460469125896 0.021531087795468994 -3.6140805135433682 -0.9352671498150634 -0.04759670240049292 0.032771253650542585 0.06851936805928638 0.8372871265359969 0.0020804141975466206 -0.0028750310747943306 0.2154532838960188 -0.10942039779338208 0.0036814525938607193 -0.013711230267074107 2.392724083728841 1.397375819828837 0.017374736634129737 0.02992255639974907 2.786879698848429 0.2584560206519513 0.015385097616855761 0.028998123983122133
1.1833481832040667 1.4072881843045304 2.9568536252318656 1 -3.6472535345895656 0.19305767498975301 -0.015487448113314622 -0.003999993358211873 -3.600352283274472 -0.8344148707620804 0.046817356183544295 0.016559375377174567 0.14786505937582906 0.8139988752106047 0.036106463997139224 -0.005732331545783443 0.30791029667952596 -0.14000281176778573 0.03830324307215714 2.3578187548613586e-05 2.410204039703788 1.5553209100137209 -0.008867070047219986 0.02636055269398686 2.842494541402618 0.44860348275638673 -0.0004467829674291504 0.03881468394277736
1.1532800400997147 1.3444453222794917 2.9066478340278024 1 -3.743149038957532 0.20701065523873496 -0.010800115296212368 0.0004547190650907784 -3.4692008698875734 -0.7705297414978775 -0.016339950845295634 0.014487446218699209 0.26776173747016596 0.7480607921007716 0.046778178406630254 -0.02230135082922501 0.45545759012214226 -0.17932853562595652 0.05472035581583022 -0.001861515817749057 2.5465443092003035 1.7252215945719 0.015025066604874798 0.017616126460470668 2.9783381727397416 0.6408248035047346 -0.008888389576213407 0.021231679966031647
1.2678769167631807 1.450676913596749 2.8566722816628527 1 -3.7242225982650576 0.21475166528922385 0.008554056526275833 -0.019647101996390158 -3.4410291465186615 -0.7275832777268907 0.012189920576408726 0.019381746379523217 0.45527047818997257 0.7271069106083492 0.026909351783952776 0.003445466882596058 0.39274485557934646 -0.3207853395880955 -0.033061241338862735 -0.03442287009523354 2.8127453913933094 1.8267291162416401 0.03685533502029424 0.005861181390833281 3.095362660825474 0.747946024538938 0.006000442429341106 0.004709643210923958
1.5287774920637902 1.8203211665896948 2.714852443158946 1 -3.725629916096681 0.22031171881086165 0.00354879373249477 -0.013664907006897932 -3.392853624384083 -0.7024027025519877 0.0012335918120236163 0.02408160897233573 0.5480224055105172 0.6993225327174009 0.011886634434786823 -0.0009408876092625654 0.2591953896046082 -0.3808870885893849 -0.011689003090807022 -0.0015455835887612963 2.989626461165164 1.775603152550843 0.025802205743800335 -0.045958321487721124 3.2178923749673656 0.7197292092332486 0.023085812830064313 -0.004975447805300508
1.84023957897552 2.1670011239648304 2.675141797919922 1 -3.7603782197433318 0.27253486669009575 -0.0027726217956959755 -0.0046928615469075865 -3.4276705852771534 -0.6524564732706057 -0.012587469248603437 0.027166635765655277 0.5055956153464951 0.7480829153243587 -0.012516435730901847 0.015041707205133628 0.18833885852109322 -0.3030555952222821 -0.010060172131308671 0.0325719070831198 3.0824082046677237 1.5678059090521366 0.018847778282431032 -0.04769095021071181 3.349862434816793 0.5541690111473518 0.033126415423506056 -0.035767408460082466
1.9729188843286378 2.3391725224059416 2.595071489926775 1 -3.8277819553397534 0.3405392491753003 -0.007705803709785039 -0.006470345820339372 -3.4662705096615807 -0.5963168380810985 -0.00280315532206264 0.026576399685734733 0.4423579443068544 0.8717357919421378 -0.005851676083836734 0.02000868443253767 0.13972438030353018 -0.1387331188847568 -0.01097690523832803 0.039872360505645535 3.0720380254669983 1.3309899278334987 0.0010652594242698695 -0.030580448158780152 3.4344898346250057 0.36623839147988724 0.023170755368473784 -0.031978785203625085
2.0246755175336832 2.4265143866542394 2.483145718289357 1 -3.90505436457652 0.38155000346677936 0.0010829355765889104 0.004929556462598831 -3.448781053039391 -0.548918674974658 0.017267807937155204 0.021592045060514084 0.4417553602860229 0.9668477563506872 0.004351184766409198 0.005193983829422542 0.0647347026421512 0.0055136568607701 -0.018384019316136486 0.024858826141682985 2.964811520902531 1.16990329639074 -0.00025256019391086196 -0.014348586939233701 3.4165938857136986 0.23433297647996554 0.002483736198595536 -0.006293852684765695
2.117935165239566 2.5046096839005023 2.455516206618878 1 -3.944549278047133 0.4061986781124478 0.007249144443548395 -0.009282620851552972 -3.44130511754591 -0.5072559619150865 -0.0035932389108913375 0.023234173096559348 0.44449307651692305 0.9774048739035965 -0.006368832804078604 -0.009477469449726668 -0.04536029486707882 0.05018216994529334 -0.022828014387227032 0.0032365315919795756 2.817818247863709 1.0793653716856846 -0.003053252321693501 -0.005188712145514523 3.2907595269892687 0.13712360882583186 -0.014490318425502626 -0.0031768172447086077
2.121463555927857 2.4965288440836355 2.4648980153178695 1 -3.9548042998706134 0.4375390466959852 0.011313603891407653 0.006567020266126633 -3.4702141954721073 -0.4684874396923603 0.0039044688946451456 0.020907812711391898 0.3657549180733435 0.9459842969110399 -0.024805181701382666 -0.008921523572416028 -0.17017736128198635 0.014452707851072999 -0.025145458506089364 -0.007861936629845228 2.651571504038717 1.0027918756733518 -0.02516186597967602 -0.02951509375526346 3.1127284196301055 0.037449333901578674 -0.04360393203901664 0.004215118291324267
2.025227771752714 2.406287152009044 2.500507455583154 1 -3.991535023937913 0.475134355084486 0.0021968633982075957 0.007736138827621326 -3.4926372687084037 -0.42009919452982625 0.008254907221660179 0.024091920498636732 0.22314154816919896 0.9241608513557424 -0.030830935602939518 -0.004998340082773667 -0.30030084910562405 -0.038213955444301395 -0.026087332957403335 -0.006936000116546272 2.4603067684098496 0.9259133614996238 -0.03105876825700657 -0.007195020999129442 2.934197776558939 -0.05043570701195632 -0.028382331385619138 -0.01145021074009685
1.959573593418043 2.31716290799617 2.582789471298583 1 -4.0799541677771165 0.5182986588570704 -0.020866053174360577 0.012975331257263944 -3.5056241988386545 -0.3633932066915059 -0.0021978972638704766 0.0105870552420225 0.06825160273300312 0.9095467855467583 -0.028444478597617288 -0.014473353872081322 -0.45177305311636395 -0.0656777695405274 -0.026714411493509286 0.005292580521493801 2.2608994135903417 0.8729191972220711 -0.0210836499034223 0.004674208576661188 2.7415898401336722 -0.10822962209212961 -0.024496605995203667 -0.009319202465357378
1.8984013071005281 2.2177364573526264 2.5992541369955946 1 -4.188287200018415 0.5771818047119599 -0.03237782736308992 0.008386626043041318 -3.5540559492086277 -0.3184604275727321 -0.025944063628578165 -0.0034618504649414905 -0.06707757786590562 0.8813548890249643 -0.03486242577693522 -0.0032057509518021825 -0.6220296578648004 -0.07539740367551295 -0.0437688097361382 0.0017589296285253492 2.0932975555793085 0.8350973321801054 -0.018827025060829033 -0.0025743620653505828 2.5490193954158764 -0.1644359173058897 -0.025111233126532705 -0.010523648420311175
1.8173225449313617 2.111816383056768 2.608458867574678 1 -4.288557155931997 0.6522433708259121 -0.02739660311984325 0.01496104126582614 -3.625432021688513 -0.28405659169518027 -0.017251338847803225 -0.0003029578170953256 -0.19297310137718338 0.8448300012001106 -0.028880702912774368 -0.019226831698880155 -0.7883569034200559 -0.08924870759321557 -0.02662384554786123 0.008237753389629223 1.9483537701597617 0.7713546816171888 -0.02763904607587414 -0.0314387738064634 2.387700874046807 -0.2304621559463188 -0.043141050120539155 0.004185268949353057
1.7548377417878869 2.036990491755332 2.6200335573115745 1 -4.376184301354366 0.7021172348870837 -0.010509718089773096 0.01312897094917978 -3.6718427206630233 -0.2307107208287541 -0.001226680511824401 0.016790099958609885 -0.31475079479622803 0.8170302042921909 -0.02517134847294781 0.0037071133301521558 -0.9340442470738122 -0.11262855179445652 -0.033493899818981744 -0.008995190391737917 1.80831153864563 0.701033281069088 -0.05160233161491046 -0.023007686613991128 2.249883428545152 -0.3014348423068077 -0.04472922807602148 -0.020360063993704682
1.7423498880529518 1.9973993115294981 2.613264208011367 1 -4.4560876956924425 0.7141200751517904 -0.012062054901257483 0.0045405455476036916 -3.6927222404177242 -0.1585327961273082 0.0008838502074040807 0.017330155785410188 -0.4125697507407011 0.7937155241985006 -0.0005290124824053411 -0.009395632445452499 -1.0461171920882482 -0.12961121625934857 -0.006418268795148275 -0.009661111928225451 1.688266415354395 0.6458875386741365 0.006529018586213582 -0.0008918180928528382 2.12457973834693 -0.35883041856148445 -0.0037760463698315455 -0.000681438870000918
1.7165493756046262 1.9615810116652814 2.61579308926215 1 -4.521985006683998 0.7229098058793464 -0.002934886646661425 0.003739275489469679 -3.717981435112049 -0.09501159585089292 -0.0009956654672644508 0.021201117779890706 -0.4727782011789996 0.7798111778922223 0.0019267410841551577 -0.008952441419062516 -1.128890960263481 -0.12356656862675952 -0.0057043049691128285 0.003296791345518843 1.5963350642813134 0.5849120879269127 -0.02568169593583771 -0.004084075983125051 2.0183125857694586 -0.4321172609760663 -0.01535937712186132 -0.034874448889394324
1.693754449300307 1.9210966455207183 2.625533976099159 1 -4.570258377766843 0.7294884884302979 -0.011994804576481926 0.008822051529256268 -3.7444657741182588 -0.04254285269932445 -0.004624686717753176 0.0028436493949043056 -0.5010452973818627 0.7779105337043943 0.004279025492156062 -0.0002329898852890316 -1.222241898445119 -0.06459704965718494 -0.010664709900977782 0.006921775042460016 1.52306500973038 0.5090006636062205 -0.016334742003915492 -0.017146566731695827 1.9435227320211688 -0.5079051855676431 -0.014629670462018504 -0.015854340352789945
1.687350991003851 1.9040058142898901 2.6214246653283526 1 -4.604002438309243 0.7410231750114358 -0.016766139044130893 0.00786000741703434 -3.7705585623157605 -0.012309850710103154 -0.00417086300676844 -0.005112290987150096 -0.5282360114792399 0.7999562962835747 -0.01175512893237582 0.011562235862028973 -1.2934380417698463 0.0015313998645194449 -0.021559780412066857 0.018199982044781335 1.4738079311247798 0.43437500795337236 -0.024288595066843006 -0.01918981083434984 1.8842270891838666 -0.5756993936849639 -0.02101262859226281 -0.016555834094278646
1.6139952011945367 1.767807868605028 2.6466844355576398 1 -4.730341185399776 0.7894156200018334 -0.03966556687352451 0.017115293830688688 -3.915413082253691 0.18720946409047134 -0.033176075532095485 0.05617003810991008 -0.6310591616191226 0.8134775638353227 -0.011817917661742212 -0.006057310789500399 -0.9804020681084249 -0.1253665447481508 0.05129171736342307 -0.02763788387050504 1.4744330263581222 0.410039642762978 -0.001901402870062588 0.0008630133829490537 1.8425829195628474 -0.6630342223599914 -0.014045930904259377 -0.031247898819110092
1.2620872810482235 1.4652045911532352 2.7075878733287273 1 -4.869731887626426 0.8042121205384898 -0.012591000401960106 -0.006142192582134121 -4.123815235486154 0.42350048058015144 -0.04602552401405598 0.029377203780092846 -0.532590846921523 0.6544185119697647 0.028949934135081144 -0.023066687098026718 -0.8690530628858424 -0.15813877173647772 -0.02009996574650413 -0.005338353455683291 1.535053716839256 0.44772628156468275 0.0343042916944067 0.015881828320812464 1.9045963305151705 -0.721964159632474 0.049449409169567464 0.016624214389805082
1.0290807648919618 1.178129601588867 2.455054620017147 1 -4.929819641978139 0.8342412044376781 0.021844550491341992 0.002081507600924362 -4.245558257227604 0.5104476336273827 -0.0251544541588328 0.015899373024686997 -0.4849145996294961 0.5872660568591754 -0.027169165191867205 0.015894118188255917 -0.8873313060557773 -0.13120662872441302 0.0046955187369134045 0.012843528442214064 1.6031570818863283 0.5254605747307408 0.03717844727185937 0.01627200517258208 2.053555675799239 -0.5919070349392754 0.02061486968874872 0.04123420301499664
1.0014119777658677 1.1008930359781388 2.2235655492244515 1 -4.902028748131336 0.8702886160089454 0.03359809775124463 -0.007718129723629785 -4.242968964354067 0.5132960101209274 -0.004253207129347722 0.00474471941345196 -0.5548292025826265 0.689043684612338 -0.029696107767821507 0.01201721793755069 -0.8040124851764268 -0.11640121997620156 0.017734271541089412 0.022516694483730067 1.7942704313409301 0.6409385545118376 0.047790943425596866 0.0048888952380395905 2.1014299516975035 -0.4670644148321894 -0.008574424735678036 0.03653305866075287
1.0031509860142407 1.0287873463828454 2.0446039025988725 1 -4.7749186466324804 0.7603237806323093 0.03596716503921426 -0.0410939101361262 -3.983693697982955 0.3941829815912732 0.06821521190659129 -0.01902180965336453 -0.5922509056643679 0.9193733222951053 -0.009920514039113561 0.045901363234201784 -0.9529113282249311 0.048549624948059256 -0.02533657771797303 0.05775281549617676 2.001953161155102 0.712949617507525 0.0435648950246751 0.0105998038567485 2.0820518546856137 -0.36694882242175897 -0.0018992120076802774 0.021549184384500097
0.8463475055952436 0.7700955621820688 1.850510880536353 1 -4.736366097088406 0.6841139552609312 0.01798592421108114 0.010533602536896489 -3.7871205100197707 0.16794413330586333 -0.0020599157092505427 -0.04622734393844438 -0.6475529361793293 1.2244169918582304 -0.00820730880231815 0.051673802391742504 -1.0229525280421696 0.26322653330434287 0.018050564060117576 0.03989072164253687 2.1135974358938094 0.7700447381532516 0.02827867915879926 0.008014233417311938 1.9740502998254934 -0.24833890898509026 -0.01227928399324555 0.028064356000672044
0.6142306780018227 0.4923896873641174 1.7837109242152565 1 -4.700556800354179 0.7655674400162713 0.03468699938919874 0.031098341669408502 -3.7929088621216067 -0.0696888767280105 0.0070772271862705885 -0.018938565783222727 -0.718267685576738 1.4889256311000985 -0.0005250361093061331 0.04130130984839199 -0.8964005033939251 0.4187775923602557 0.04948180737839539 0.02663971819941207 2.1205676619797105 0.8756330758463988 0.007367748299235408 0.017600564606406535 1.84699672521708 -0.12319116126051544 -0.0048509184384911835 0.022395223553026367
0.39798642114857874 0.25893109402258757 1.852971764273834 1 -4.552458758083777 0.7743699034145215 0.035473268136628475 -0.016978128777001264 -3.751762467544223 -0.16342892588197366 0.0328105172569791 0.0011436339117775716 -0.7672426707614317 1.6598595889858179 -0.012903160388119454 0.030699090764947763 -0.7486126460470435 0.5478813364183572 0.007950267957709662 0.01732718921473916 2.0772116182736893 1.020219101234483 0.011075969524782528 0.02185134812893709 1.7669869993598892 -0.012971817780700778 0.0034963459455007936 0.019183324628031826
0.2064880026497764 0.04821919246240921 1.9607948270776083 -1 -4.411294319775756 0.655277297036555 0.01783579992027847 -0.029869982048133473 -3.6178477637950293 -0.21977015434810854 0.016274307380216756 -0.02778944162663834 -0.7256931678631173 1.7710298750100555 0.020624337539333328 0.0015838873552080704 -0.6720508623947912 0.6273290692324831 0.01634891362104199 0.026579525135577348 2.0975488090253753 1.1506712028269903 0.005453123631691974 0.0030930449692857815 1.6759894379799478 0.1264050581074474 -0.01430996397992454 0.045359971934280416
0.035439698541582174 0.11577275899676889 1.8677206813374956 -1 -4.274861253297775 0.5715913886651836 0.03627625800792012 -0.0035140032444366236 -3.5281352644602504 -0.30679994086265805 0.015978376994147794 -0.006124055575483112 -0.6458849296395535 1.853769177273791 0.03546258745815517 0.01354147902880567 -0.6070852200517103 0.6904607676412888 0.04113549316759496 0.017104230337875385 2.2022291441620823 1.2248086521881696 0.03678601829218905 0.012857826940448538 1.601700245248904 0.2717312800413405 -0.0007760431843030595 0.01371599674755547
0.14227359769302436 0.2939706424927158 1.7697011193764793 -1 -4.183933890212068 0.5496208524547075 0.018090564309875427 0.003312592732855794 -3.535956440960768 -0.37418401025730963 0.003081572397415383 0.00015796504410040034 -0.6133182671340429 1.9244913976645743 0.016005141138572047 0.018899472380233467 -0.5267893533121559 0.7847640619136336 0.0325171403614641 0.019095994525295246 2.312921117565131 1.2642903752496508 0.012621673975332048 0.0106141228594743 1.6150689047262263 0.3844229827184118 0.00507253041622082 0.026469780921164136
0.29753437520918546 0.48314170697574466 1.7111787401569527 -1 -4.177423124049255 0.5499577972848397 -0.0002766457983954867 0.004064101729575053 -3.5368444916270603 -0.36974120100632146 0.011669332840424198 0.01281969788454123 -0.6077527964195584 1.9981868370856768 -0.0006409447061088598 0.02346355291476265 -0.45937307841711217 0.8943397247219342 0.009821459380305883 0.014510031823938356 2.4141748566322523 1.2928648176730357 0.031205153095124408 0.0040690501725536045 1.6959469399608764 0.46406714459994425 0.022758738416666834 0.0009462406418337095
0.4520543018015943 0.6326662077749104 1.491770026042784 -1 -4.223476321439425 0.6266632330130979 0.0016599943038151464 0.01928756161050011 -3.6061247800857323 -0.2856026215126005 -0.0196658314776421 0.029346103086287906 -0.5873305258900294 2.150656229449665 0.0003176571248695373 0.037153673707253324 -0.39354701128476766 1.1218140600808155 0.004277547809742583 0.06554944027021904 2.642993535858836 1.3276884507625146 0.07516670612114867 -0.02115310613861108 1.9781946636091385 0.6243821178537889 0.10407647424319459 0.019925639117268884
0.46566571589406386 0.6937941448848415 1.0870218322313594 -1 -4.288160440984586 0.6643316928242038 -0.011026983560515496 -0.01489991514620813 -3.648697921863245 -0.13902494317795855 -0.006840070211820972 0.04936006160103186 -0.4325280361382555 2.414198688107465 0.05084610308726414 0.0705184411771887 -0.23803825013481195 1.488708143685122 0.04640326942774288 0.06901135307772009 3.0617698222898095 1.1624547274318466 0.052369309267288305 -0.07511472387320944 2.3845451376616342 0.6884699430273755 0.09231096272909524 0.005263728603493022
0.4781396522643946 0.7213140155350204 0.8588400601439903 -1 -4.373959641230251 0.6692166608540042 -0.012792195347931459 0.016143933787070214 -3.6805840212710246 0.06425227807600775 -0.010863846305403097 0.02967873863353369 -0.08867719286559161 2.706089515644586 0.08712384237308757 0.02701123876300806 0.02948858965031942 1.8607584317248644 0.06288166430018714 0.0878935561616235 3.3972129835261367 0.8743376291173264 0.011577646064769465 -0.06694327128311436 2.6581102592399137 0.5768367989093608 0.06828259291614647 -0.02240883671079166
0.49612575002578263 0.7828121112323108 0.766172143289235 -1 -4.337296793675525 0.7452721400706359 0.0174986251035596 0.01770850394541542 -3.7548566840836197 0.19389942479894318 -0.004004346310944989 0.019484211525803468 0.3449856090471197 2.931052680292894 0.08829501219667561 0.0023335685559627423 0.37663857400568546 2.1278840357398097 0.06752780692899327 0.06417728543609023 3.5725571035325796 0.6656555055380355 -0.011650079593984036 -0.049137747641305 2.8023663007181714 0.39658442650879766 0.04975568144531464 -0.02517881221118133
0.4965151896498417 0.7959825923145335 0.6713579162111415 -1 -4.228828557998413 0.7693001295612858 0.042290995458578715 -0.017160812113220077 -3.745684805797064 0.2572368641855083 0.00025532222242267283 0.02130717299707192 0.7369894043678844 3.0421229000042933 0.06600306409325754 -0.022587053327650694 0.6757390090387565 2.255728484912619 0.050764398870198235 0.04025797891861725 3.6785680674600076 0.47620111266861276 -0.018266441277069265 -0.04645277034404269 2.8773666528377237 0.2692393922959826 0.04297779195684279 -0.01412687156075025
0.5083677502385429 0.8364722032497572 0.6391312613478698 -1 -4.1195197755580715 0.7234467319987519 0.025148578896414562 -0.0034636943727829827 -3.6697122228533114 0.19150993336857502 0.029306279679025982 -0.017359626308281962 0.9963227803226147 3.065139141537439 0.03648298614426878 -0.025315048119495392 0.8765589207516857 2.282726027287744 0.03768717802309096 0.016884325179467245 3.7554956496924614 0.3267726601971952 -0.022796929452150366 -0.030267535452290734 2.945528671560731 0.15414048886267562 0.04397812444773492 -0.02114079455423567
0.5212435507691444 0.894680210738117 0.6385758213192185 -1 -3.992905997124193 0.6629378469606169 0.044207711899935796 -0.030815158694265356 -3.5909938964882286 0.08905293001957171 -0.0014686909477681018 0.005576478733975203 1.1054218711748423 3.038140657021936 0.007219199350454012 -0.026168123131428436 0.9703164968807796 2.263134946714622 0.011385411239932686 0.003868045764823559 3.810704864618213 0.22872613368298755 -0.013847862920909844 -0.028509409035998683 3.0077773582734313 0.02793403270562056 0.032211772857291904 -0.020100937256442984
0.5273448731919271 0.9134768754036603 0.6555452914907262 -1 -3.951298901256183 0.5867160634504776 -0.004001520048996378 -0.016280238083723697 -3.5263043591972587 0.0170467163536705 0.012553073269277756 -0.013269066387420021 1.0789653070334273 2.9744691209111958 -0.017490524382141673 0.007896609056236042 0.9382857301748864 2.2006659886375464 -0.025695916639435903 -0.0326304429267195 3.8541052204888366 0.13038968477840407 0.01383313490415895 -0.014722414753884486 3.0451262306670506 -0.0414366640806304 8.840471736784594e-06 -0.014693269932604676
0.38400754917169805 0.859270009429445 0.4405489377228822 -1 -3.9580085578541375 0.5066106566957262 -0.011712699492071776 -2.0813450839613206e-05 -3.4669080800058008 -0.018126643197275305 0.018396853616184525 -0.02162215401029557 1.2935325933545618 2.7518005130019914 0.05638423139917325 -0.03230460827523533 0.8859510909119832 2.0863294564171335 -0.0006776160706372918 -0.05059515232480524 3.788134665421804 0.1551518760254471 -0.002540499454330907 0.03851321783759244 2.9627314421384385 -0.1392646413681441 -0.056447647032875345 -0.02634132927061416
0.16520163918022504 0.5272769939683225 0.27350569975677463 -1 -3.9227847559394613 0.487114436486358 -0.007094271491237579 0.019135828354789206 -3.45374180013536 -0.062205217193381124 0.008174659663904835 -0.030121102867189015 1.1306050132407428 2.6838746091052603 -0.07151063476589177 0.03924360854144267 0.8506086813651246 1.9002663642075257 -0.029102130219470983 -0.05513073935323651 3.707858976467051 0.2766688973716094 -0.010951112513861782 -0.019588445204062506 2.8046853125295224 -0.0838679407391234 0.0024007914926053725 -0.0010464849302419983
0.08668896023440491 0.5310391373573247 0.11078615344281935 -1 -3.882856799966835 0.5029488221845662 -0.015291047584955359 0.0191309555650494 -3.479429906254118 -0.09503122306622902 0.008525392969660515 -0.023632880186015632 0.7475654486175678 2.695077820748712 -0.0605010144976733 0.02088481062299574 0.6562682849680943 1.8159758153954453 -0.051370756175323495 -0.025162013805510294 3.6364073092495843 0.26304192668964865 -0.002113436506945683 0.00922132830926193 2.829049229797037 -0.07128365456815633 0.005206665951178059 -0.02132907355587773
0.07333907380287838 0.6165766346478548 0.1265570035007982 -1 -3.93125067504693 0.4975511076506707 -0.03273581501815579 0.009363823657405523 -3.482209887824815 -0.12617593931343196 0.009295578786665343 -0.027251803654267312 0.500135287208292 2.6539863213520145 -0.0397783689281828 -0.011928797375337285 0.44764600375989083 1.8003878153265322 -0.03747651355923212 -0.0006362459722408483 3.5725954944155163 0.2784710402642834 0.0009721630243113635 -0.0006826976989565657 2.889010810771219 -0.1475274027862118 -0.005549521901335265 -0.006661795772401764
0.005855722833248878 0.546503307562206 0.17762041580103924 -1 -4.024578543059226 0.48664631145544 -0.023169297564173564 0.008941716560468667 -3.4841870770285093 -0.19227475522545245 0.0018941292542853714 -0.024376274372726624 0.3694800071544142 2.6099318317649196 -0.017775582231786935 0.0026133655007075096 0.34374049485312597 1.7772096799618198 -0.014955225165108586 -0.01402081593800062 3.568838366160497 0.22737904355808602 0.008218712825981571 -0.0036869070350213154 2.8541340487559834 -0.12110501957580777 -0.01441724131718165 0.0010563290805754195
10.9293995 2.9555645 0.27599186 1.4180901 1.35394 8.598468 3.6481965 0.369591 -0.26458526 0.7581949 8.244284 1.9335103 2.7337704 0.5957277 1.2338276 2.3056145
12.398752 1.4486909 0.34621918 1.3827909 0.7990813 7.386183 4.195961 -0.4042418 -0.045587778 0.7893528 8.490767 2.2899919 2.9423018 0.7717279 1.1842184 2.8752804
12.3307705 -0.23040104 0.79723984 0.8469707 1.1944847 6.5022955 3.1631155 -1.5278239 -0.724522 0.6830673 7.9498425 1.6242192 2.8501318 0.7964529 1.0170507 1.9347863
12.780083 -0.6106148 1.214967 0.70773757 1.4775882 5.434743 2.6655946 -1.687202 -0.9851135 0.6827698 7.623127 1.2308149 2.919529 0.814569 0.9853558 1.3225622
13.052276 -0.9349246 1.4597318 0.733459 1.6572332 4.7016783 2.6464076 -1.337945 -0.9403994 0.7353867 7.2932024 1.0575509 2.9924204 0.847815 1.0142634 1.0781364
11.127967 -0.15853786 0.8078281 0.7936237 1.6279922 7.231881 2.6402862 -0.98128676 -0.7821357 0.6956831 7.564809 1.2141935 2.7786264 0.7274345 1.0332437 1.4743052
4.7181787 5.2864137 2.4917345 1.2179396 -0.31797695 5.736504 4.1313987 -0.7552438 -0.7379336 0.773764 10.927609 1.4162753 3.2256446 0.37683094 1.1018646 1.0036607
0.99518394 8.480415 1.1561911 1.9549398 2.419697 11.280687 3.3304596 2.502175 -0.41941792 0.9554709 8.171073 1.6102529 2.4044142 0.29322636 1.4789244 1.724761
0.656085 10.01244 2.2561743 2.145759 1.8418608 8.745976 3.7784262 4.6984215 -0.5103383 0.9546647 9.7449 1.2145562 2.5823636 0.12059522 1.5017812 1.538033
-0.937932 10.695056 0.8852032 2.2839794 3.0403147 11.470857 1.2143192 3.2051785 -0.69452006 1.0045863 8.408919 0.85434175 2.478588 0.07327938 1.5633913 2.0377245
-1.3087096 11.6057 0.8621732 2.3811326 3.3182101 11.175176 1.1963227 3.5020754 -0.4645962 1.0172511 8.417793 0.77733123 2.5252523 0.08094311 1.5796838 2.0993176
-1.3986263 12.080376 1.1412476 2.378743 2.2548316 10.553187 1.0720067 3.3251014 -0.7345196 0.94011116 6.922359 0.8495938 2.261226 -0.00041294098 1.5699985 2.7217507
-0.31111622 12.119025 1.7619511 2.6003156 2.6280315 10.12774 2.7041569 4.4825773 -0.19924426 1.0715413 6.1427894 1.226695 2.5189161 0.14946318 1.7242149 2.256422
1.0302086 11.292788 5.7041764 2.059955 -0.6094489 10.535849 0.78950983 3.94334 -1.6197829 0.6808524 6.6641316 0.31198496 2.3761625 -0.20409119 1.5689788 2.5891342
1.874793 11.092157 6.5014515 2.003527 -1.1081867 9.963442 0.6456501 4.195904 -1.9491236 0.67588305 7.492136 -0.008651733 2.339193 -0.17299545 1.5392909 2.9533615
1.6761441 11.424054 5.4553514 1.8888073 -1.6188974 8.98458 1.0056592 4.3405724 -2.1939955 0.65998495 7.7600656 -0.10917097 2.609209 -0.20661688 1.4634634 2.8008862
1.5936418 10.833427 5.8649583 2.182311 -0.7769804 10.058056 1.169355 5.1352463 -1.8478291 0.7572843 5.920251 0.37964964 2.28075 -0.15865326 1.6460593 2.8393073
1.4005518 10.742464 5.3665643 2.099695 -1.1440978 9.765686 1.6820648 4.6108303 -1.6696539 0.7239851 5.509062 0.51950675 2.4074955 -0.18635023 1.5928428 2.6725774
1.1234679 10.392052 4.4591503 1.9947102 -1.6774945 8.993145 2.6082268 5.475314 -1.6535667 0.70201564 5.5855217 0.61955225 2.5571897 -0.26479495 1.5320578 2.3154407
0.709887 10.927679 3.1938865 1.7495944 -2.6168513 8.774075 3.0216038 3.4549532 -1.5450102 0.59986544 5.6958356 0.4593514 2.8243337 -0.3049755 1.3647093 2.6029992
1.0890422 11.025362 2.6550338 1.7163422 -3.220777 7.8920283 3.3790555 4.8277416 -1.9426734 0.6353917 6.069529 0.1390996 2.949376 -0.33615625 1.3487022 2.7076874
-0.17755413 11.270152 2.5586984 1.7726609 -2.1758423 8.99064 3.4703736 2.8327892 -1.2090993 0.62722564 5.039682 0.68440723 2.9705095 -0.33461583 1.3913311 2.3322926
-0.2647748 10.157508 3.145782 1.6164335 -3.0860906 7.7095714 5.3248205 2.6736884 -1.3878102 0.64376247 5.320992 0.4517496 2.8128588 -0.36540484 1.3703223 2.3621192
-1.8845415 8.512909 3.9753122 1.6317704 -3.6636767 7.808953 9.174171 -0.39497614 -1.2155414 0.7964891 4.1289783 0.059995174 2.0153685 -0.28854215 1.5329797 3.394671
-2.1091237 8.094077 3.9476285 1.6805182 -3.3793902 8.406357 9.550917 0.44774795 -1.1156433 0.8285161 4.2021313 -0.0034573674 1.823249 -0.3159765 1.5827782 3.3883328
0.6440072 -0.4523487 3.7539103 1.2574954 -0.8191829 9.64204 14.702215 3.8476233 -0.9166248 0.9895071 6.354966 1.3614767 0.046879828 0.2712729 1.3930495 6.4397087
-2.2775035 0.30487537 2.888281 1.2498478 -0.15959644 11.209512 11.420578 4.025634 -1.1583238 0.9127759 3.9388375 0.019538045 0.06028223 0.040744066 1.488678 4.4940977
-2.6559367 2.3799276 3.7186134 1.7714043 1.2022858 12.67354 10.3963175 4.402712 -1.5260649 0.9964428 3.070366 0.2542985 -0.5944793 -0.033448577 1.7918143 4.6549397
-1.196815 3.657145 5.834575 2.227558 1.4123678 10.193207 9.013763 4.697978 -2.1856694 1.138217 3.4264498 0.86816466 -0.23438925 0.163679 1.9753004 5.4297037
-0.9803653 7.444756 1.4417679 2.1982775 4.8934355 10.909386 3.5668316 8.256023 -0.44635642 1.0668226 6.101241 0.8217585 0.930394 0.19039214 1.6261848 3.2871485
-1.6953712 6.108305 2.9436245 1.9428308 2.3224294 10.788346 6.270794 4.1666145 -1.3161387 0.9874531 4.601122 0.5287981 0.8010233 0.07484162 1.6758306 4.25577
-1.7839141 3.6649418 2.0875845 1.5765055 2.1557148 11.460386 6.5278 -0.6187928 0.11805856 0.9772912 5.8678904 0.5822301 1.4278886 0.56145346 1.3541436 6.9038973
-0.7388849 0.47078133 -0.18646729 0.9655092 1.8700655 12.904746 5.3750305 -0.011811495 2.2745614 0.8708055 7.17743 0.66977197 2.6698976 0.75096905 0.89115757 7.0357065
2.5339994 -0.9043188 1.4056667 1.0151368 2.5896337 14.165228 5.1285152 1.3321095 1.3776909 0.91051877 8.463463 1.5504076 1.9261553 0.9565714 0.95165026 7.5336785
2.5157351 -2.0980725 0.22982949 0.9109819 1.2114968 14.1909485 5.551466 -0.38317966 1.541151 0.8885443 8.904461 1.4422109 2.045133 0.98235136 0.91578686 6.959057
4.6823387 -2.1368546 0.62182313 0.664646 -2.260816 11.505234 4.1648693 -1.8321042 1.2901758 0.5526414 11.825491 0.88494706 2.9102902 0.53048146 0.6739663 5.6889205
3.2647073 3.7210183 3.1617239 1.2350428 -2.7005935 9.792664 4.8262935 0.052437544 0.021414518 0.4554093 13.582649 1.5669322 2.3035576 0.16876793 0.90807045 5.2444572
3.23177 5.5626974 8.659871 1.9906821 -0.795372 5.5079684 -1.8274956 3.9458067 0.0517174 0.44493556 11.67898 0.6733283 -0.60198945 0.24224424 1.490005 2.507392
1.10185 3.9358099 5.9439306 1.6102376 0.48272848 6.65583 5.5821414 2.14222 -1.549093 0.83273244 8.67868 -1.2504761 -1.3629849 0.42201912 1.4730812 1.0630593
-0.25755262 5.123809 4.3195496 1.5269686 -1.3686614 7.3252287 7.0602875 0.28067088 -2.590166 1.0024112 9.820137 -1.8782463 -0.12585372 0.46812737 1.3066652 5.7492514
0.064228535 2.8397784 6.392146 0.54311705 -0.61448145 5.6579027 5.334518 -2.80373 -3.6741457 0.6186049 15.120575 -1.7276618 -1.9140115 0.14781547 0.5900289 9.907253
5.18587 4.473482 9.946712 2.4960427 1.3145175 5.8317904 5.732964 7.2071347 -1.003919 1.1334884 13.679498 2.052021 0.6978891 0.6493397 1.5901986 7.754892
6.4965925 3.07236 10.137471 2.6166651 1.2187185 3.9652424 5.814105 9.844361 0.45829046 1.122097 12.112776 1.6874095 -0.86678606 0.7108829 1.8515526 5.819725
5.4473147 0.14515638 11.981591 2.5546064 -1.9046288 4.3782606 8.585804 9.153819 -1.3457605 1.013643 4.8769455 1.6146339 -3.0389924 0.45248866 2.2066574 4.6127906
4.7708893 0.3033886 11.9466505 2.5444329 -2.1011233 4.7163534 8.296553 8.954642 -1.4493115 0.9790132 4.968153 1.4032736 -2.9776268 0.39413548 2.2053678 4.326317
5.459236 2.0587828 12.271093 2.3251681 -3.8912115 7.6049914 10.718145 7.5479474 -3.960434 1.0754294 2.914525 1.4125917 -0.63419247 0.16702569 2.0921783 5.377238
3.2951438 0.24325752 11.584667 2.2877083 -1.3504076 5.8939857 7.337707 9.686793 -1.525985 0.7976465 8.87076 0.94065577 -3.4914365 0.25391853 2.055571 3.442368
1.521616 -0.43542433 4.0187593 1.5245228 -1.1223526 3.7196238 3.7151973 6.254261 -1.4042165 1.0391716 10.835661 0.77703685 0.18731236 0.4551028 1.3689028 4.3814783
3.0220988 1.4586012 1.3976406 0.94709337 1.0974598 2.4473696 5.901183 1.7453097 1.0571766 1.1320362 13.8657875 0.9726765 1.5656773 0.86594814 0.91755086 5.1252565
2.4815297 1.2321608 0.4300474 0.71503425 0.9758582 1.9722627 4.5313663 1.1027846 0.92140543 1.0748749 14.908319 0.86118317 1.6922905 0.81483483 0.7262908 6.035488
0
0
0
0
7
7
7
7
1
1
1
1
1
1
1
1
1
1
1
1
1
1
1
1
6
6
6
6
5
5
5
5
5
5
5
5
10
10
10
10
10
10
10
10
2
10
10
10
10
10
