21
1.8194227069374005 1.7336040931876098 2.356713813766958 -1 -3.15 -0.5800000000000001 0.0 0.0 -3.62 -1.47 0.0 0.0 0.3899999999999997 -2.45 0.0 0.0 -0.08000000000000007 -3.33 0.0 0.0 3.04 -3.85 0.0 0.0 2.58 -4.73 0.0 0.0
1.8186679135722483 1.6115737949159326 2.3251418147028216 -1 -3.085167175340632 -0.6137258695523139 0.03137452100248843 -0.020393713200076453 -3.650193239869483 -1.4779470640746148 -0.009637330175010604 -0.009982951925326222 0.39174194134130147 -2.4493669479437354 -0.0023808540685259453 -0.004394337018990908 -0.081092298166757 -3.329555773699242 0.0023505574977551336 0.0048942550222758965 3.006556420251874 -3.8116420759099214 -0.023823570053255534 0.01187264516728329 2.5483078861748627 -4.73100215340396 -0.011630129040016871 0.005677734185398475
1.5506833061941403 1.3381020798196925 2.3472992674118345 -1 -3.018641667110944 -0.7384750790702163 -0.00466625043100314 -0.028347330613575042 -3.7221196036364965 -1.5211096587336952 -0.008771964882115683 -0.007640445569553168 0.3816963680735661 -2.42758744452615 -0.006726192939859382 0.0041682777187763715 -0.10047439235231082 -3.3342973727100267 -0.005884725197766891 0.0021432669162444844 2.8452463415718565 -3.72676037378226 -0.04064377130982696 0.007035671638718596 2.433661643888284 -4.734283441639475 -0.029591907807827427 0.0035085377768404227
1.223692093071768 1.0872774648584929 2.225383081732485 -1 -3.092009444288451 -0.8040927423709872 -0.017721969923513294 -0.00554170707191317 -3.7536840168458867 -1.5652121893041642 0.002356369576987599 -0.006188631273682042 0.33250948269366987 -2.3799136996987897 -0.01631405097481194 0.00794359762060832 -0.16755885714704988 -3.3359537732201185 -0.01780513742861084 0.003598984537875922 2.662186231433279 -3.710360089078104 -0.03656416120724274 -0.0026869884701613035 2.241832470665986 -4.737347707149109 -0.03995998259568061 0.0038215305048690112
1.0789709657067297 0.9810213195000821 2.073809280836741 -1 -3.167380741276234 -0.7746038763201715 -0.008319403145863404 0.006264516384449635 -3.756710023796468 -1.599785611706513 -0.0003211682632175807 -0.006850662172248705 0.2234682133308361 -2.3318537209129753 -0.02847176930933746 0.0091617631448633 -0.2868553628756789 -3.3122039781968975 -0.027772725619608547 0.008365845499537797 2.481296150318369 -3.6861562269990826 -0.03954422454240931 0.008272235829837821 2.045887352268055 -4.723640798053047 -0.031254606624517504 0.009500156915374603
0.9645584626579846 0.9104134492688917 1.9868722494139797 -1 -3.2007244699185207 -0.7460793188070322 0.0056196747781120035 -0.009030197792511841 -3.8090276765646647 -1.6222793827380215 -0.007741120350396912 -0.007687846357842339 0.06186718688139692 -2.274163740381688 -0.02886522783436074 0.014711507261844703 -0.44540298145827784 -3.269505417830197 -0.03278608712189514 0.002414583253721469 2.280339647875908 -3.6040852914997124 -0.04078573596086832 0.01732376522792392 1.917569780728397 -4.671073680728314 -0.017972449222183818 0.018376538430438877
0.8072834605443517 0.8072007487561421 1.9110651772145117 -1 -3.211161099469064 -0.7632338948726743 -0.005666332398277662 0.0010346004244548065 -3.9331288070489974 -1.6471812416062177 -0.03559577788851509 -0.007390908769458606 -0.10951409342990548 -2.232957140907377 -0.020881916832094793 -0.003342175434209751 -0.6259307712291617 -3.2360872163286842 -0.024674927149023123 -0.0027046061151932543 2.1014064837221094 -3.51093540089725 -0.002139620270382517 0.0061201923617283036 1.8243328911732712 -4.586505849285143 0.006363549756783021 0.013731751972277892
0.6966470615662452 0.7234784162074328 1.86193705129659 -1 -3.2488325765961377 -0.7975645028047963 -0.006665779223454064 -0.022829849884669517 -4.063970075165951 -1.6870037070626256 -0.007096519810830364 -0.00843700954643129 -0.26180895628113543 -2.252369513592483 -0.049021253301801494 -0.00080910014055827 -0.811341142224371 -3.245814727945882 -0.054193613799295395 0.004848911263208388 1.9659551523031071 -3.4442662001442783 -0.04927117705959295 0.014755629573251914 1.7097037490995648 -4.517893292196687 -0.0444748892973005 0.01748735780899187
0.6163025265496813 0.6639599250026079 1.827157928179023 -1 -3.306627245970093 -0.8340918542381424 -0.0020335751829913835 -0.020635202571263514 -4.146431349545479 -1.739327360033192 -0.0023521312666434954 -0.013590918182073563 -0.393174512502914 -2.309633617193939 -0.015151581135305982 -0.017144695030906702 -0.9479222900623396 -3.3161107691225564 -0.010135225888321376 -0.023035704520293514 1.8526099803182374 -3.393979089466942 -0.03105110232131305 0.0019556241344182088 1.6097971178844785 -4.472690275661977 -0.017964549826162756 0.02042279564998952
0.5222922102716632 0.5995609944791227 1.7904916459294111 -1 -3.346855237457757 -0.887114960815273 -0.024602548523997403 0.002380297338495558 -4.205897169391558 -1.7687665009010083 -0.021007994184462267 0.009709289682227087 -0.5118637513309885 -2.364465347259816 -0.004925017247052444 -0.020625695625145418 -1.0238370627075635 -3.4070695523316927 0.006660391838703105 -0.023685381627506007 1.7576338737951431 -3.346466224431393 -0.036115801319191926 0.012757252629052087 1.569106351072434 -4.442586817181651 -0.01849844328216156 0.00714869224566964
0.43641898571123167 0.5276361384029205 1.7729346876938068 -1 -3.3603096132363834 -0.9645994886023386 -0.010013978047203918 -0.0021570279940110325 -4.274859620075417 -1.7570054602235476 -0.024615000364561178 0.0100284088765358 -0.584191775474693 -2.430475274958598 -0.022866072528369696 -0.010347834617055756 -1.061434853127622 -3.4948110231016756 -0.019513111639478883 -0.01170189502459517 1.6851505536929317 -3.3097058330553417 -0.03516899127332136 0.0025289667778977364 1.573165697302846 -4.424339079592413 -0.016944463391561276 0.008189754941171
0.3429985191980215 0.45685962148608605 1.7395223489223215 -1 -3.3732790493385867 -1.0425816519842597 -0.005771415258398265 -0.008096399850075243 -4.344501748747207 -1.7354897941715879 -0.017130530574356505 0.005954811290274132 -0.6246687813007483 -2.529855203301058 -0.02360728429089434 -0.018928596142772508 -1.0901087176115962 -3.587242950097292 -0.018806527460505915 -0.012464930526348547 1.6601339866713714 -3.3065141006132905 0.02959364544849835 -0.008848840534904406 1.6073218808101544 -4.425247332872823 0.03556588780808103 0.003219878868379527
0.24177269804037071 0.3897606086269581 1.6826424311279515 -1 -3.399645574361519 -1.1070887522098491 -0.004754847085134157 -0.022472312795098943 -4.389810606502014 -1.7285751651637629 0.0030067192660091723 -0.003697262168701962 -0.6766205108916576 -2.655117650158491 0.0036105661520136954 -0.03210167842177209 -1.1076655821244583 -3.70642216307639 0.014049009463118557 -0.03306574906045289 1.665460578793268 -3.3289780835789498 -0.005114711813740028 -0.01966257699674842 1.6648987481219093 -4.439018013502805 0.01040346519447471 0.01722279026954003
0.1544409096985797 0.32327232467757155 1.6442452292551368 -1 -3.431558215643754 -1.1524520354813528 -0.0010039473325055871 -0.008004495298143557 -4.418312176847793 -1.7321928764375638 -0.009186162181032364 -0.004396725128194101 -0.7519821082064349 -2.7891821638396053 -0.014290682240895818 -0.04224533824980721 -1.119376504239197 -3.839047043159111 0.007425630658529041 -0.013752527949608684 1.66043603279239 -3.346756926445222 -0.0341867098727971 -0.004898958766533776 1.7425092107923685 -4.4431415682717175 -0.009620160542682325 -0.00043086962214383077
0.07771435062031758 0.263029030876543 1.628895918591279 -1 -3.4500218370793143 -1.1989018405063416 -0.0016109788342544649 -0.022859996456261737 -4.437309199451504 -1.7275299062864935 0.00822378212368332 -0.0018467932666190248 -0.8080101990012007 -2.923441082074805 0.01081233989623544 -0.037206499575495135 -1.131586938825858 -3.970797557796593 0.017020739813388218 -0.025477866444391525 1.650717216979979 -3.3472493300429806 0.012918116856860241 0.0029478642527483653 1.81705762579446 -4.4288611061198475 0.023649802258063134 0.006129178162988341
0.0009496023272579265 0.202307261756875 1.55741017477188 1 -3.4545293999075293 -1.2368565441193804 0.0020241344513246082 -0.003515943161967322 -4.453990089050111 -1.711952673751173 -0.006450974281822314 0.002277851792270779 -0.8378672740765531 -3.050700988565926 0.008838080335598398 -0.026861332459749965 -1.1558103367886532 -4.085630376537962 0.005593294019459622 -0.025760042138335902 1.6338798576986822 -3.3418156910971457 -0.0051982562239816475 -0.005005946104550536 1.8501692813609 -4.406502429587364 0.0003580143814095691 0.01238714893940263
0.07325170599488139 0.14536360252845532 1.4912752204553417 1 -3.4520380323864774 -1.261695133883351 -0.0063531706979509635 -0.01072504104757369 -4.452421723357274 -1.702395824958042 0.015660937267893704 0.003939794470367608 -0.8644295663935129 -3.155573171127044 -0.026362414035924497 -0.015250288944017637 -1.189881939678267 -4.182574933892294 -0.02182005408421089 -0.008321459054215215 1.6063919706540233 -3.3324848137834513 -0.008241900742125711 -0.015840459716302706 1.8532286920282521 -4.384156112629978 -0.007994203061827207 0.028159825192722764
0.15957999624590807 0.06859287533136299 1.142765718007018 -1 -3.585217430732679 -1.271805394282856 -0.0354083355383734 -0.024242504487334074 -4.512359481275095 -1.8004185834880606 -0.010281304688455454 -0.03068029122313675 -0.9386342417032312 -3.328241182773553 -0.004574050315700136 -0.05770943419758008 -1.2287693643357764 -4.333520610456656 0.004370593930253904 -0.037392162127294064 1.705301724086473 -3.470219074791016 0.03843521029559464 -0.02804977647390736 1.9224529838527227 -4.426930573633712 0.046962002711300084 -0.029935944354533443
0.14720125041498722 0.17594066398720623 0.7112662793247131 -1 -3.751086884489452 -1.4317772905614308 -0.026618849340429948 -0.038927778074585265 -4.652684835597748 -1.7713311624933057 -0.04539703253416847 0.03159519365032264 -0.9869707135821142 -3.623964872910267 -0.012408641040467109 -0.06280718307904817 -1.2505501308846791 -4.5413572908117406 -0.003876002003756887 -0.038704562984662884 1.9943087901052472 -3.6197415476454604 0.058928203658612524 -0.006260939619967529 2.312400964893553 -4.417202106283889 0.10131294818291771 0.00613957563604204
0.12595027420781396 0.2886689968376774 0.40339640742789235 -1 -3.93793918449773 -1.598680196868853 -0.03100151303130051 -0.007592146392614212 -4.818245160181177 -1.6492743559939944 -0.04113574923821579 0.003672429137452458 -0.9084639803160091 -3.942551763778419 0.026522846394731542 -0.049237872375245344 -1.1162975726897897 -4.777979390590259 0.040869031718928826 -0.057123071131941046 2.3023426686640835 -3.6161268802121294 0.05583728519065315 0.02152230711136604 2.743293092772908 -4.305778187916682 0.07319635982566342 0.01341991723219619
0.14803329213077315 0.3557047106184548 0.19377668535584958 -1 -4.102125169879028 -1.6091525239102178 -0.014832884534779822 0.002093486392706267 -4.90786051426301 -1.7337064048733306 -0.016541792240172347 -0.02697087787720789 -0.7702037667572865 -4.180724151879616 0.032600633009835706 -0.027766499789784835 -0.878424470488198 -4.965747630933157 0.04570477165876733 -0.03712606803551182 2.567336280854869 -3.5080496222915514 0.03763905959865979 0.03058634173154512 3.0055251839029955 -4.19692443454305 0.04742113645429222 0.015459801074320288
-0.6430769 2.6164331 0.4890265 0.54985094 3.4440446 13.646658 5.679012 1.9288299 0.85525787 0.6972468 5.6490536 1.6666284 0.40187433 0.7442602 0.70064425 8.238782
-1.2563553 5.0300636 0.57096153 1.467927 6.385443 14.301653 11.095161 1.2036414 -0.47619018 1.1937575 6.7967153 4.25984 -0.63962376 0.97727644 1.4064924 7.1533313
-1.4151716 3.9765399 0.4615392 1.5561211 6.193263 14.656258 11.847113 2.413167 -0.42440295 1.257973 6.821331 4.409352 -0.68396395 1.0360833 1.5189378 6.683803
-1.6119556 2.8076098 0.35419244 1.6189371 5.968811 15.080697 12.400703 3.7131798 -0.40566355 1.3101143 6.8438187 4.4849257 -0.745736 1.0798872 1.6149343 6.197098
-1.8190961 2.1751418 0.29230204 1.6481262 6.0534163 15.47629 12.55607 4.276459 -0.42881364 1.3391556 6.938227 4.460798 -0.8017303 1.0860578 1.6586735 5.9092226
-1.9897614 2.0181434 0.26081806 1.6574057 6.343575 15.746099 12.446546 4.473737 -0.3805431 1.349349 7.070468 4.3490505 -0.8708824 1.0742785 1.6676626 5.8175697
-2.3640695 4.712764 0.18372044 1.5496818 8.00824 15.802437 11.269715 2.5085592 -0.66060686 1.3310853 7.5701447 3.9282975 -0.7831544 0.9498383 1.4715698 6.739475
-2.5885496 5.7999 0.099449635 1.5098969 8.869669 15.919468 10.652917 2.1220126 -0.4903317 1.3256803 7.934087 3.564112 -0.8282712 0.8964958 1.3905833 7.1361046
-2.2563572 4.3076105 0.21316147 1.5675935 7.7032347 15.688918 11.466039 2.9593737 -0.5218243 1.3277133 7.473179 3.9847405 -0.81444156 0.9778532 1.5052214 6.6317773
-2.1226993 4.689719 -0.0010968745 1.1972736 6.952574 14.976968 9.967132 2.5739918 0.4550716 1.1707691 7.1985025 2.9292002 0.19617242 0.9650165 1.1228325 8.407293
-1.9214015 1.9114041 -0.35468683 0.8695594 5.0696025 15.002682 8.973926 3.4934838 2.4233184 1.036891 7.04632 1.622466 1.422596 1.0265325 0.8314383 9.378378
-1.6163187 1.8270662 -0.29033098 0.796947 4.066863 14.822599 8.76981 4.008358 2.8294559 1.0078931 7.340549 1.5575824 1.6099212 1.032285 0.74233866 9.8567505
-1.4534416 2.1857471 -0.06139663 0.5975735 3.786399 14.208952 6.888779 4.042891 2.2005525 0.80613065 6.6486444 1.3778261 1.0834587 0.9006933 0.6391902 9.815939
-1.0558624 2.2438235 0.41002643 0.1499579 2.548345 13.832123 3.6997087 3.5482183 0.9478128 0.4524821 6.3362374 1.1646842 0.021131158 0.6118392 0.36219347 9.791439
0.181036 1.4625201 0.71117103 -0.13860893 1.5611038 13.250702 2.2339263 1.8505254 0.72312844 0.22135508 5.725563 1.0201198 -0.1836873 0.49775577 0.21523285 9.27813
-0.6286807 -0.88694 0.7481475 0.09487295 1.3724928 13.548537 4.814616 -1.8412185 1.8783057 0.0810864 6.786073 2.5316515 -0.88935196 0.6604507 0.2790885 11.639611
-0.52741814 -0.84512997 0.74430966 0.061733246 1.3178267 13.560554 4.3895383 -1.8297186 1.7004448 0.047417164 6.746236 2.5079741 -1.0188334 0.6205183 0.26039374 11.556276
0.6644368 -0.68442535 0.47405678 0.16141462 1.8255067 13.219489 5.4987874 -1.3346152 2.2201152 0.20485222 5.686183 2.2114396 -0.12880751 0.78659236 0.35766685 11.042873
-0.23497915 -1.080739 0.45996955 0.49085736 2.195125 13.115645 7.838398 -1.5677509 3.1687868 0.4686216 5.4927955 2.1875575 0.8313384 1.0148249 0.57718253 10.712215
-0.9298692 -0.7076998 0.3388552 0.8808776 1.1669211 14.311664 2.980462 -1.8075976 0.95199573 0.41163492 4.6168027 2.0503802 -0.2572451 0.5039799 0.879471 7.1026206
-1.1131916 -0.5676813 0.46623692 0.8024287 0.63572836 14.399566 1.3735157 -1.9234757 0.18196638 0.2590623 4.602626 2.1627426 -1.0268604 0.3422681 0.815747 7.193483
5
5
5
5
5
5
5
5
5
5
5
5
5
5
5
5
10
10
10
10
10
