39
1.6780973195606004 1.7176647548109516 2.8663042406555523 1 -3.73 0.18999999999999995 0.0 0.0 -3.52 -0.79 0.0 0.0 0.1900000000000004 1.0099999999999998 0.0 0.0 0.3899999999999997 0.030000000000000027 0.0 0.0 3.12 1.63 0.0 0.0 3.33 0.6499999999999999 0.0 0.0
1.5818841002533768 1.8048383803605133 2.8042712909848984 1 -3.6553703656086363 0.20367914282842947 0.037830010007932215 0.0039890906163235935 -3.54219762104836 -0.819537250219277 -0.0018669509736992298 -0.015114989086116743 0.19004831354930474 1.0134065507506227 0.0007870469887071921 -0.004388812602848877 0.39063504802389204 0.031812965544083305 -0.0009111697605276416 0.005817376765915906 3.0682754286178486 1.6372009672094818 -0.026233087488473784 -0.005954089784743216 3.3069285759811446 0.6319949897823169 -0.01236708873109901 -0.0023033342743192155
1.6716701819081612 2.023045424471922 2.708462065386403 1 -3.5208495441278287 0.14987605812889204 0.014803159124117152 -0.02454555993195458 -3.570759136605531 -0.9029535395972149 -0.0018664930198793118 -0.011458232760892384 0.16804876997102802 1.0241166084526894 -0.007820092169318404 -0.0013290543327459554 0.379837700647526 0.01689167371924105 -0.005845161577333736 -0.0024974659019639505 2.887609992328229 1.6008671580189753 -0.035818809915819774 -0.020203936743835714 3.220465616615515 0.5592237260819057 -0.024948173148275136 -0.0157347248873392
1.8502212242080855 2.1778446568362844 2.6762129558274492 1 -3.5350765458178763 0.055131052323141416 -0.010759539840453287 -0.014993751001518743 -3.565489220760825 -0.9532057989790209 0.005859433075014296 -0.001846549443799514 0.10123650901827563 1.0266386441472393 -0.0171770090894814 -0.00479305163526165 0.32909936555615804 -0.030732562645445327 -0.016126071141250416 -0.009612286476924414 2.7363761898892287 1.4968836330180015 -0.025998271299457993 -0.02550226139183142 3.0745685047448488 0.43486265702579363 -0.03300078200197389 -0.022708653610232866
1.8334473540621217 2.166332197657497 2.7438930408313342 1 -3.61606117246214 0.032017967757829835 -0.011993157374121186 -0.000774368919287045 -3.5439862190742986 -0.9766738795066241 0.003887619390432295 -0.004430896652938405 -0.01068894296841183 0.9921762278254458 -0.027387504513695128 -0.011143382914833364 0.2215117437410914 -0.09203182663141718 -0.026811294708423392 -0.011669336353687072 2.5831637868407196 1.3989162394472783 -0.03527881732145612 -0.01914103016554264 2.9159962607289387 0.3187225445024777 -0.02973837688360187 -0.01285725365972209
1.7945925139019443 2.138810836919936 2.824388293094468 1 -3.6628162621860527 0.03161056845896715 0.0026445312278798004 -0.00040719822326134615 -3.5685297438071863 -1.0277828273286398 -0.006531849081802599 -0.016236260598600952 -0.1721103747666053 0.9321799374024464 -0.05343228349954354 -0.013421298127552378 0.0705009848229885 -0.15912895602206956 -0.050425137275134965 -0.02308088501854151 2.379768504164952 1.3329316367950872 -0.019085096848067487 0.0036470956735508413 2.7872916821272335 0.27806579569873935 -0.0016001784462271289 0.002649250170852435
1.8294461840882916 2.1655228975334153 2.8747951864852066 1 -3.660503946836444 0.011780820616364762 -0.006067726859983278 -0.0008695149764024798 -3.6494717854207646 -1.1290555304645378 -0.023614099024905546 -0.03103464987527243 -0.3342464800743725 0.8525991419204055 -0.039729536474292185 -0.024130759634025084 -0.09553929177992426 -0.24960888994395292 -0.04666433885319163 -0.02291555453325602 2.1841891738420767 1.2855419957956515 -0.05665743853105441 -0.024934567994255575 2.662574670319617 0.2795339778316954 -0.04942954483581414 -0.005931034252545894
1.8413384087983111 2.170907566150782 2.9378305382732295 1 -3.669621303236237 -0.035890245198182735 -0.012585511484868356 -0.012108958102949062 -3.725809553913334 -1.244539373737342 -0.016165246478967846 -0.019627021660545082 -0.4344415190150732 0.7392286402799249 -0.02857609565217226 -0.02350835692692479 -0.2292039709520015 -0.3772188111409597 -0.033474657342953566 -0.036132374010187485 2.0434692902027827 1.2464910540106926 -0.011721089513926756 -0.01796263673843605 2.5365338850328003 0.26649760407189915 -0.025711808513690357 0.0164287366598782
1.8406211822062344 2.162004290116166 3.011447452616619 1 -3.690786470387664 -0.09941919386257403 -0.02412074173004259 -0.013951117611152598 -3.7516128715644053 -1.3352820504540266 -0.018383935167247574 -0.01082598733478367 -0.49527005817732217 0.6075086281981341 -0.03219593028655362 -0.033947013942381324 -0.2895579721889918 -0.5229002231259288 -0.026628544062081014 -0.027855683123596212 1.9334036581364895 1.2208597659902654 -0.005849482483730656 0.0017861068058223836 2.443732925251835 0.24254712900734465 -0.0030852757699534328 0.0064086252018260275
1.8554326274199202 2.1845900696106577 3.072252285942677 1 -3.6890510767672224 -0.16778303056284716 0.02647100867286958 -0.020596997903703788 -3.7712586785953937 -1.3928612447696365 0.011934941779321412 -0.004796821906577893 -0.5398769538546127 0.489874347494349 0.008573978777910303 -0.019304104193513787 -0.27769035504370976 -0.639845254395853 0.019776303871138226 -0.014490748115973891 1.823131536955981 1.1958720864951045 -0.042800628596418325 -0.017473385395487356 2.390578281446504 0.23362354074602742 -0.02377848707158172 -0.012597263356967973
1.8816247325566722 2.2300587204684987 3.086398369039433 1 -3.6492814869140533 -0.2346533824618614 0.0047275389754123966 -0.014063367781355788 -3.8316842174548573 -1.4272532773314688 -0.017084419868983926 -0.0024075279692779062 -0.5467368737984262 0.39525532525117457 -0.009657473787646243 -0.02252921301064565 -0.24125098144114165 -0.7302443190997159 -0.005682468219044369 -0.020533010762017828 1.749472257721047 1.1759596674799266 0.0012434891885350942 0.012823907091966964 2.3852631136808347 0.2480531119282734 0.0199838626842227 0.006012599264990754
1.943017832646925 2.3102554499147 3.0828402607433363 1 -3.59701229541944 -0.30057468687158106 -0.0015362002906122987 -0.01606981478640784 -3.8973971221579657 -1.44768135322106 -0.014790757961099604 0.005899416318928652 -0.5088881855332374 0.2954019691490668 -0.005007704748658807 -0.02459492733639452 -0.1963098764618847 -0.8194734424876338 -0.00276880648133721 -0.02500631301884708 1.7257667562294214 1.1610572101450791 -0.01612540763605464 -0.018845169757383602 2.411958962578505 0.2680363090796871 -0.0089472652192535 -0.006715363181413294
2.0251235954447675 2.396642478413231 3.0675279006796594 1 -3.5771150522456905 -0.3611610097412927 0.01300643424647008 -0.016660144324140917 -3.9317824993261676 -1.4673176850528893 0.006028809695542866 -0.0058867251759717 -0.47290129040586937 0.16433207540016337 -0.01470451537196591 -0.028104970229558397 -0.13934086870222195 -0.9236694656055792 -0.002641935557889468 -0.034912120107839596 1.74597368874712 1.147910456436553 0.014764921322156704 -0.0006539465368119828 2.4675981987979823 0.2976227584002886 0.014848610845343668 0.019325180751506212
2.2676158460939226 2.589151846517641 2.9783671703954346 1 -3.6441895341600494 -0.54790257826515 0.007272454632613511 -0.06691636348814514 -3.9541446524057284 -1.6200644693739954 0.005389878058331155 -0.03772498257777268 -0.42397198930416113 -0.027268172393800416 0.020234555945032005 -0.03741857337327939 -0.04340234303349355 -1.0465620105478166 0.02745551321005438 -0.027574942744798058 1.994147960005816 1.0841959644378605 0.10403363641709634 0.0031411837213828273 2.653833052521156 0.33716465053833056 0.07364164240065849 0.03736229174798161
2.428952174605773 2.707704814143571 2.9337178227270764 1 -3.688360130322657 -0.8945685215388505 -0.028177495267271417 -0.06801922997117849 -4.1597696951286895 -1.7385710199979698 -0.06978287302163458 -0.005660642003102325 -0.24586557277151844 -0.2239181551103422 0.0363719409243587 -0.040175484325707486 0.10331363311040231 -1.1318784449915111 0.024344448082757816 -0.015058830440311727 2.4432144220598158 1.131649977613053 0.10817766694181147 0.01931740168405014 3.097973804771491 0.5774799221413665 0.07824587623767079 0.08978844771266804
2.524555880467022 2.8135059306242156 2.6585096979759215 1 -3.811587262107197 -1.207387529646239 -0.037307256038947655 -0.05303707228365331 -4.419758003101965 -1.8007885224479678 -0.022934012477048037 -0.01093374736224918 0.03623593552155491 -0.36587637208071555 0.04955768749755587 -0.005738671538215778 0.3654529017351118 -1.1584184175846886 0.06895242413827299 -0.021120701967997133 2.8148670265738653 1.3364845724013135 0.031272417925622034 0.06799539887002397 3.5363488334211706 0.9409049630704032 0.10773059427721274 0.047292963211395866
2.634307344986985 2.915285021362296 2.5739944456577866 1 -3.949675933450716 -1.3299526085053102 -0.010450646944283704 -0.007195985147112158 -4.487088278192531 -1.9263805271694459 -0.002357413019114251 -0.026928040008634385 0.3116492796060202 -0.46988636668022365 0.05160740806537485 -0.010960175008426207 0.6633934788448395 -1.163077183900951 0.05709679691783426 -0.0035788884772005244 3.060652191347369 1.604683017076582 0.07652404204111232 0.03745348709388994 3.794020248795654 1.24723814115579 -0.008069090101934191 0.07892793036762281
2.6481651175204393 2.9921191592957905 2.739462294134846 -1 -3.7392884289876185 -1.1629726796935491 0.07773190045440898 0.06160882001720666 -4.20387844970113 -1.973492824991574 0.10522906552294745 0.016936782565745913 0.7901856745375246 -0.41043989086263455 0.06757427257068782 0.05823014385973866 0.6182733313350779 -1.2893728172799763 -0.0060119416977284686 -0.06721915473681742 3.0469270051334307 1.8371130962722089 -0.060526885025628085 0.03127571874792884 3.8398543095271407 1.5040646886547053 0.01849416005033324 0.017622365500058065
2.7116401856654155 3.0886349689399606 2.8415228286053975 -1 -3.467252134939212 -0.7436970311664922 0.03305215198572731 0.09215132489950598 -3.717495645346535 -1.70847487817468 0.0782884195541161 0.07596690331372773 1.002588214531757 -0.3113199838700885 -0.0023460907269664925 0.03197254838352691 0.6135030965148527 -1.3400142789106895 0.031967197876777334 -0.010033845846687262 2.842075159493705 1.8465142201146971 -0.020368020900836552 -0.012148609539547906 3.7665594543205447 1.4936869808302973 -0.032007113749351425 -0.023709029537181757
2.742307952435425 3.1124827973515212 2.887618068838037 -1 -3.4202269525161118 -0.38227732646072143 0.0032125613966301476 0.07674481917201494 -3.430844664623076 -1.3075882287904737 0.03043387351374271 0.05431034235943442 0.8828762879376457 -0.20556454870170549 -0.03352415340326158 0.004662774822781119 0.7493651465945952 -1.2752863046077842 0.0174072147068563 0.038122627210003784 2.7163805506707 1.702934555084389 -0.008428356773247497 -0.05159395387602356 3.610435240785332 1.1993368801430213 -0.055937969013207356 -0.051294155586028664
2.4686366378522697 2.91563738889028 2.7497462501252623 1 -3.4589771724209335 -0.15937736834862704 -0.013283070371601525 0.014046268349023503 -3.317456632142953 -1.0386550082688923 0.013320581936769233 0.055191023991234024 0.6771220741715211 -0.10076163223061896 -0.03206390204265713 0.017181374180918186 0.8285622629094469 -1.1835935454628925 -0.011084539536724341 0.02285434847686744 2.528920032781543 1.449392190684212 -0.029194306550677666 -0.05833365641257694 3.4160214806556963 0.8446893677565253 -0.057212128613979236 -0.048117337073265314
2.2992393112707954 2.755395856976714 2.62730518952095 1 -3.526103931924161 -0.009782670894033396 -0.018946696210353515 0.04672523996116769 -3.327699368737513 -0.8925739774451231 -0.01848279110907418 0.0051560031107442846 0.553888175019698 -0.0045593260765610655 -0.03327929629705854 0.016354196932985027 0.6121454479864301 -1.1011132471567155 -0.08990154897441771 0.011775304173904171 2.308238984193128 1.2310551934552185 -0.024981933827924623 -0.015110856917628765 3.231154796205945 0.5844045023081847 -0.018857034424226676 -0.02807454220891881
2.3452206363318644 2.7756756324248113 2.5970873511075805 1 -3.628220717607954 0.13785230921176028 -0.02845653084190412 0.04697046023033721 -3.4621480690311826 -0.8125513865367718 -0.03531400864184403 0.0016629485191513842 0.4545734734119522 0.0403498893308567 -0.02488076662596557 -0.010723108216835402 0.14865441474960406 -0.9941025319507335 -0.09559933236599318 0.03833318029170197 2.1865589696818253 1.049940270925478 0.002997338106122637 -0.013898832014995602 3.0931681762580014 0.3811663474903757 -0.001292605864094392 -0.024893682967859224
2.340409133455108 2.7759333455072874 2.620052537964192 1 -3.7641917163461693 0.3293233625729364 -0.04333344147852312 0.0372212970499474 -3.597213255897371 -0.7458900879322203 -0.03015579752558151 0.013435191489480148 0.2647220097157481 0.034824628710729 -0.05200544932522197 -0.008697703291043008 -0.27282005261673525 -0.8907920515525867 -0.07051257526454824 0.03004115277151167 2.131689093581908 0.8012819460373457 -0.02216841029573409 -0.06237283122745034 2.9907339420421577 0.14167954372006797 -0.02121357686209043 -0.060833127176586496
2.294794804691059 2.7361772856272477 2.5035534779212516 1 -3.9551056624394123 0.4869607632935913 -0.05209492190565521 0.027600867974918515 -3.6061767139613536 -0.641951646133892 0.0036278438006641265 0.017214343846422966 0.009226107399191719 0.07909674760109886 -0.033345333293653655 0.003683254973496636 -0.5462103041785182 -0.8326446099278436 -0.024828286021789773 0.010337166101110943 2.0366561472345506 0.5459570166321428 -0.01809077504941784 -0.0564352234833749 2.8617639892544275 -0.10686429701723998 -0.05363615986953542 -0.034434788419124826
2.2848136551675515 2.6880565946994226 2.480286207018002 1 -4.158124377297394 0.5616551388036406 -0.041601751443611175 0.008917722270363287 -3.565680710772033 -0.4962861488162654 -0.01201091221596557 0.02327739134729037 -0.18656933755199034 0.17169900966525642 -0.033212436677489236 0.02172665686038549 -0.7175784584555145 -0.7768322753996452 -0.03708109033491816 0.01612880709889422 1.881669451207749 0.3849842085894535 -0.019293488503914186 -0.01493665656664659 2.6528825493253034 -0.34471247448162157 -0.0428880304830976 -0.03249912661426231
2.1982620307017386 2.5159230308549856 2.5359627300796075 1 -4.255844155449119 0.6502720136477911 -0.0020272520818146456 0.01934225369306124 -3.626619375733976 -0.35447438013249966 -0.007844491971560279 0.03209646357703181 -0.2703202535373883 0.2481078764513298 -0.03265853256630081 0.023194101181632256 -0.8702575164119701 -0.6781698510426164 -0.05339370773493936 0.030670715838520473 1.738666876909753 0.2749863921802511 -0.005733919772144415 -0.009884228225233348 2.411482315223223 -0.5615282940817126 -0.036920972408517064 -0.031939732542105956
1.9824293228240057 2.2559898429143384 2.578471032252472 1 -4.294464524292088 0.7379315002251703 -0.0031923294011546284 0.015114070795851297 -3.705958903669083 -0.26599474344608953 -0.0005819024442589717 0.020844444256969734 -0.3310035141600629 0.2998784675860655 -0.03209354325015698 0.014998967304782198 -1.0317054892633961 -0.5701717006842888 -0.04916898735734202 0.032683797774241546 1.646008318022588 0.1607146553323633 -0.0009213676697468615 -0.012895002370379143 2.2101985307950507 -0.7570604408469042 -0.02516782222238253 -0.024186705955696768
1.7857809541562066 2.054167231819488 2.5201133711519654 1 -4.362502094411454 0.7453735982765559 -0.013610957446544046 -0.00296522655816276 -3.7145793605597413 -0.18477854373309022 0.01041309237147853 0.020918926370907115 -0.3937419382016891 0.3146554183007184 -0.03624091607928438 0.015412333815123455 -1.177254078161658 -0.4782420898861175 -0.04220575791749149 0.0313320645340625 1.5344964592116686 0.06285609565944705 -0.00415352990510303 -0.01053015276485349 2.0591325052375415 -0.8841241381681314 -0.015840836559522054 -0.007318092411479321
1.6368205976827033 1.799643753710022 2.4610014915847107 1 -4.458249127932856 0.7098142985694709 -0.0004896377047174001 -0.005740537400756624 -3.6926981347564176 -0.10061736951560463 0.016798993065898143 0.03870095362803545 -0.5589675494905921 0.455840309910871 -0.0549037097849373 0.03700725238086514 -1.138110545122272 -0.5383159545850701 0.007139356134475215 -0.00405622718621431 1.4269825572323755 0.015254286452909271 -0.000816728601417259 0.00603192271180698 1.9135113622041953 -0.9723799297881112 -0.02407667657666298 -0.011173103367803697
1.2236019267239424 1.333238138397928 2.4951980927600945 1 -4.546175012405737 0.6869922528036738 -0.022335464302613482 0.012667634431611532 -3.691303761623807 -0.04005315614137395 -0.007703944672784836 -0.00648728979588712 -0.6839701615047087 0.5665105770171266 -0.005977315658140192 0.014256135392990997 -1.1200054525355227 -0.5235552402883464 -0.010442598043266185 0.012338361781932124 1.3421117074906217 0.05936822792687391 0.019417082162138256 0.025954101291988996 1.704588219507838 -1.0492015365420917 -0.022987289449561764 0.009330414832741052
0.8663210370277319 0.903159145767131 2.212849118956896 1 -4.5985048287293715 0.758523173731207 0.003238432211143346 0.030588968085067357 -3.773827880672678 -0.05936030871544529 -0.0037325568430085707 0.010808107286315182 -0.7297621266598475 0.6295964916025696 -0.029207767114038122 0.02329082970007619 -1.257864236902305 -0.41481382775512765 -0.0531677190519851 0.031587856495855104 1.3336872236268071 0.20450209149159204 0.028953441120671972 0.03784109447513267 1.549966076816152 -0.9402595194858252 -0.00156925273968532 0.03480322610275869
0.6788859750705153 0.6376445864905257 1.9994577016282091 1 -4.640514994671563 0.8558647760331779 0.0011430802518910647 0.008718344145080806 -3.856643493740406 -0.06985897786662587 -0.0015402379908703231 0.018788695920404108 -0.7882154503695067 0.7234645579060328 -0.034209397809916275 0.03178635616443351 -1.3509175722697595 -0.3199635338753457 -0.020461497890803152 0.022749553934360133 1.403747005189774 0.3572594440685992 0.042011087976196834 0.023021530838339768 1.4654021405422766 -0.7806860510099667 0.007464672185503399 0.027703391323006657
0.5230257414995343 0.4317108053096997 1.858400935453859 1 -4.850128286035606 0.7983415547559989 -0.06119438364604009 -0.029833203883923735 -4.00303808243383 0.23227833100685347 -0.061943751089924746 0.06751156050588955 -0.7993591284398414 0.6628408575835301 0.02949664280437038 -0.028852179984051686 -1.0889294134008107 -0.2773798410417224 0.07018370899574317 -0.0072080638786725364 1.567550939068039 0.4602866500378531 0.025118311120486236 0.019355283568849885 1.4838446087715509 -0.6980836499156455 0.001061762287867528 0.010424323503745824
0.3305296453421544 0.16916268472358675 1.6569071614416855 1 -5.093179301475833 0.7519388560543578 -0.051942547861519646 0.015666020047142914 -4.303457846511846 0.494458879517216 -0.04455274702397315 0.021889407526613086 -0.6797025008124131 0.5427371989526786 0.024827004257424484 -0.02483972649928595 -0.8948745231512745 -0.29421808668834815 0.032950282172411346 0.012710047473625238 1.8575835934815057 0.5193223001302694 0.08541406188198523 0.0008299143879506657 1.693327635144244 -0.6590461862184276 0.07491555465775046 0.010255494546898666
0.22700855001912548 0.013666116069277041 1.4412595776701225 1 -5.207189992459842 0.8393872150427981 -0.03273725616421001 0.02415612283729084 -4.485879796857251 0.5387072347278257 -0.0013372481656446986 -0.00380394805871713 -0.6096068870235394 0.5745606967854442 -0.0014771775667261552 0.01440440018025856 -0.7564916322332604 -0.2143035932965507 0.03724926545853125 0.04883617722668422 2.1858737642034436 0.52666357064083 0.040638404453609236 -0.00032327764346004595 1.90866350917337 -0.5743410714897623 0.003956104540793377 0.029531090376222292
0.1935579300869318 0.0820726916860311 1.1219455401802378 -1 -5.197417647883334 0.8640499142699838 -0.01224707117835771 -0.0018179887055190858 -4.479585301109417 0.539816172120164 0.027899702789194444 -0.010419105599432224 -0.5544755288016856 0.776666419776028 0.025013597118548257 0.0670772708776754 -0.6120173854299624 -0.013148067492177007 0.01594020457320634 0.020882410646197717 2.501331241552701 0.4763307123122762 0.05607569607138507 0.004842630528714625 2.044926622310725 -0.5064436780229395 0.013534499325725874 -0.0029206209842248835
0.1150904305559478 0.23392012254614597 0.6806217203842527 -1 -5.148708823142587 0.7953023375634118 -0.008980620158125417 -0.008635857310117453 -4.376570930418587 0.5011652725333922 0.03372146561000799 -0.010984623430171654 -0.5517774353255924 1.0644031792792763 0.0010956728544982061 0.06090359421215593 -0.8060091214133731 0.20881329731419074 -0.04875405867121021 0.03225291430528132 2.7065039092940095 0.473688046963912 0.016192155190014424 -0.004118625861029431 2.338405366193963 -0.3873647986870842 0.05451283893264891 0.05076430978961398
0.2649478521607712 0.21259878386242412 0.2997735574958373 1 -5.126791652049448 0.7584738879487369 -0.007909620233191885 0.0030389205559210675 -4.303261870224098 0.45913998270897594 0.011072131265265227 -0.006996882854139793 -0.6146186431940817 1.250297857533662 -0.004223855963926236 0.028681691134886975 -0.9013548264438995 0.4280849759654817 0.010834826041704972 0.0321555874103055 2.9797534645549826 0.39922247782411957 0.050104796037170385 -0.05521540868028563 2.6271351136558376 -0.31172096835346463 0.04761527770111909 0.01793678857968952
11.286738 8.120734 0.93911064 2.322489 3.5827863 9.103138 5.2309227 3.453944 1.6433794 1.2049632 8.346018 1.7406895 3.5277529 1.2434393 2.1968546 3.8919377
11.530028 7.7787967 1.0347408 2.3244097 3.40452 8.772849 5.231234 3.5081637 1.7346895 1.2229136 8.03977 1.679862 3.6543622 1.2894795 2.2102492 3.9390392
11.167166 9.007046 1.319941 2.4834163 4.3517437 9.015207 5.2651362 3.6761968 1.1304094 1.2815472 8.034073 2.2429287 3.2982204 1.2602501 2.243396 3.777372
12.22592 8.568665 1.4668703 2.5458405 4.7542777 8.678641 5.203394 3.8304915 1.231969 1.3506266 7.6498036 2.263792 3.4293022 1.350803 2.295838 3.6528993
12.708202 8.63217 1.6467855 2.5849352 4.8987083 8.579227 4.9608927 4.197459 1.0745727 1.3900927 6.56656 2.1808655 3.466733 1.3705614 2.3352797 3.3140464
13.152564 9.0478 2.39544 2.6439183 4.6644807 6.7986856 4.6424937 4.6334567 0.7448498 1.4406166 6.4626327 1.8786266 3.787514 1.3948398 2.4344695 2.5276246
12.551493 8.53694 1.1430268 2.6168332 5.563982 10.586069 4.7412424 4.3269014 1.1744789 1.4421034 4.3633475 2.426775 3.1271539 1.3994426 2.3232741 3.6550555
12.520449 8.004303 2.0027928 2.7949574 6.056839 8.696318 5.1622534 3.8461704 1.432149 1.6428308 5.4879127 3.1029274 3.454691 1.652569 2.4548311 4.080098
11.077675 8.320006 1.758823 2.8043602 6.3341355 9.824278 5.158157 3.82438 1.6856347 1.6482105 5.3280687 3.2131433 3.281497 1.6480255 2.4606256 4.3574724
12.267206 6.9984336 3.1159484 2.7577548 4.9939985 7.085534 5.756062 4.3858833 0.66272473 1.608413 6.955139 3.2817926 3.6209106 1.6303754 2.3570487 4.09029
10.721045 8.560638 3.6181884 2.7217546 3.625493 4.788739 4.967816 6.1086597 -0.26912153 1.374496 10.242354 1.8366947 3.8671827 1.3694532 2.439035 2.2730484
7.7045956 9.444436 3.7091155 2.8823771 4.730567 6.6366835 5.3728776 5.9521875 0.1708684 1.5265725 8.597302 2.7081544 3.525112 1.4908547 2.5249205 3.0958805
8.709664 8.74548 3.5726643 2.5986152 3.1538477 3.819933 3.040536 5.54294 -0.7869705 1.340662 11.864502 1.2779026 4.0252504 1.2459507 2.35051 1.8981013
10.464561 8.526678 2.5179064 2.506634 3.1919456 3.0348072 1.9757458 4.4316893 -0.432953 1.2702051 11.506163 0.651379 4.210485 1.2320076 2.3628464 1.7405019
5.2214274 8.710175 3.0368505 2.6255405 2.5662494 3.7203078 3.0089207 4.407653 0.47671664 1.3558953 12.882837 1.0791913 3.9955556 1.3473681 2.6064038 2.276803
-1.4293365 13.649174 5.189123 2.7593493 2.07777 3.8925033 3.9894588 5.7667 0.41616786 1.4898398 10.208853 1.4403794 4.326418 1.2990456 2.6636035 2.2611318
-1.4647532 13.6118145 4.758397 2.736786 2.302261 4.4699273 3.781301 5.5569572 0.5533829 1.4728253 10.667117 1.3997922 4.2305536 1.2828009 2.641029 2.3967037
-1.4122219 14.278879 4.8640776 2.780172 2.414995 5.2351165 3.445386 5.4478126 0.3166641 1.5057361 5.833772 1.7774422 3.778731 1.3297507 2.6438222 2.9181986
-1.9117742 14.32753 4.9029045 2.830719 3.004392 6.114106 3.3272939 5.8827496 0.6188613 1.5055926 6.835206 1.6032901 3.6439443 1.3380516 2.7024312 2.908472
-1.2804027 13.850773 5.0827894 2.9480698 3.1685326 6.621734 3.161919 6.908968 0.19959402 1.5368769 5.698477 1.6771591 3.4602282 1.3860879 2.7342296 2.884636
-1.7369828 14.480934 5.6340094 3.0048368 4.318835 8.117397 2.3736033 6.849533 0.697919 1.5533365 5.639629 1.4205731 3.0564644 1.3688145 2.8102906 3.109447
-1.9164314 14.438503 4.824718 2.915225 3.5303893 7.2755766 3.1258667 6.37119 0.68385947 1.531584 5.436312 1.6218184 3.399125 1.3659775 2.7572494 2.981091
0.09714317 13.458778 5.700299 3.01648 1.637526 4.238509 4.7108464 7.679351 -0.47841704 1.569387 3.6585596 2.0593152 3.9572186 1.4718636 2.7584674 2.5480795
0.07612419 12.996613 5.7019086 2.9853165 0.93626356 4.4509068 5.3128753 8.784321 -0.8085971 1.4423809 4.4628344 1.8777759 3.8212392 1.4142845 2.7026756 2.5538254
-1.1810818 14.024757 2.7309604 2.6185768 0.039206028 10.1433525 4.3819227 9.447113 -1.2694616 1.0024722 2.9321187 0.6845262 2.3387065 1.0067102 2.3776884 3.8003268
-0.073524475 14.126324 2.9498768 2.7161906 -0.9207411 8.764621 4.339949 9.850001 -2.0558105 1.0697591 1.034378 0.7304555 2.3568313 1.1169904 2.4114962 4.224156
-1.2140455 13.962835 3.0476656 2.6001968 0.07065153 10.143466 5.057329 9.003739 -0.684487 1.0061481 1.0307379 1.0090654 2.7411823 0.94299734 2.392284 3.000586
-1.3281183 13.512849 2.6362686 2.5223331 0.41130447 10.972226 5.7880416 9.01145 -0.19911623 1.0566722 0.40394258 1.1186595 2.5023644 1.056475 2.4024346 3.9434123
-1.7465734 11.02183 2.7412887 2.2742782 -0.6653037 11.498855 6.3987207 8.801548 0.49102283 1.0424829 0.3148284 0.5253657 2.7125077 1.1149257 2.3515668 4.6345706
1.804491 0.9531417 1.7982106 1.4935602 0.6097913 13.905164 5.341613 7.558458 1.2636831 1.0175663 2.2205892 0.632792 2.9286847 1.13992 1.9515395 4.413253
-1.1966815 -3.181015 3.9667509 1.6208346 0.12122059 13.26373 12.395938 4.0101633 -0.178998 1.2545472 3.4132695 2.095486 0.98757315 1.3264005 2.2934313 8.776019
-1.4331274 -2.5734887 4.10353 1.5893568 0.05455208 13.182172 12.476852 4.536684 -0.33594966 1.1856306 3.8715842 1.8424557 0.93161106 1.2863021 2.1966994 9.1212015
-1.7818375 -0.6715975 3.5327544 1.2919347 0.3585577 13.097517 13.644877 4.485693 0.69820535 1.1061728 7.993958 2.099102 0.38750148 1.4194541 1.9532025 11.7638
0.41096973 -3.6071787 5.683873 1.4535449 1.2860489 8.0647745 14.405449 3.8922584 0.19407785 1.4921443 9.570305 2.976728 1.1234708 1.8343318 2.1531708 11.804595
1.8827653 1.4327788 5.851246 1.4905052 -1.4608235 7.5421705 16.667448 4.908701 0.3374461 1.3674692 11.988565 2.1517534 2.0984755 1.4238825 2.146997 9.965832
1.2313662 -0.9227419 5.734368 1.4511456 -1.1568756 8.3178425 16.041216 5.9474783 0.85687137 1.3997365 11.282316 2.197852 1.9837599 1.7051594 2.098805 11.083731
0.57358456 6.745097 4.5332513 1.4806697 2.0600555 8.10268 10.855595 2.9797418 2.1184683 1.3593094 15.103861 3.245691 1.5697105 1.6519473 1.7820679 11.889075
0.25624228 6.175541 7.919379 1.5700998 -0.4022565 5.192203 10.866641 2.2514238 -0.31112742 0.78908575 14.8810215 2.555467 -1.8129406 0.90552413 1.9048073 11.9398
-0.2136302 4.5582037 3.5904896 1.4884615 -0.54152536 1.5429167 4.7440057 0.32282376 -2.249515 0.7990743 15.201994 1.1933928 -2.4346752 0.9479705 1.7943187 12.707159
0
0
0
0
0
0
0
0
0
0
0
0
10
10
10
10
1
1
1
1
1
1
1
1
1
1
1
1
5
5
5
5
6
6
6
6
10
10
10
