18
1.6404101830676274 1.671300268062004 2.2517992805754248 1 -3.65 0.1299999999999999 0.0 0.0 -3.51 -0.86 0.0 0.0 0.3099999999999996 0.6799999999999999 0.0 0.0 0.4500000000000002 -0.31000000000000005 0.0 0.0 3.2800000000000002 1.1 0.0 0.0 3.42 0.1100000000000001 0.0 0.0
1.5181391092240384 1.6695485762527047 2.213322977590433 1 -3.6791358540926113 0.14765721405654975 -0.006300947758732751 0.012706765044649165 -3.436043267756408 -0.8504526919121486 0.036819775149878047 0.008350346509840068 0.3114783816452569 0.681059911358525 0.0011657988933414113 -0.004949059148602506 0.4488431322632289 -0.3095728017261703 -0.0013877992915411687 0.005412134618708949 3.2527025114944284 1.1115986627256076 -0.012382959879603486 -0.0012187393628506748 3.3731465955272935 0.08883862347345617 -0.02669544499703014 -0.0026292681924093442
1.243602528938423 1.3979041733973345 2.273895213252239 1 -3.7318947554456594 0.21294846001600098 -0.005450718485163657 0.009798419277917459 -3.3278766607096486 -0.7569565447930114 0.005482031041679856 0.02786174813227002 0.2963164952662618 0.6948219494880556 -0.006301531245594844 0.0005419311350804493 0.42981783014956854 -0.3244835148347902 -0.007840693509164335 -0.0012125709118520882 3.146568618881366 1.15292933785524 -0.02893366238501704 0.00636507580351974 3.1918137065252683 0.06315383073168901 -0.04051137236298188 0.006658656990702273
0.9890781956567496 1.0686571773303488 2.066336169134537 1 -3.744335051353316 0.2622909893997918 0.004591260243989804 0.004050572531316745 -3.37399328214833 -0.6727562356324861 -0.015308865791570125 0.01054732243515393 0.2325427257196866 0.7215512406242319 -0.018306408702609012 0.0030205023807133163 0.3684332985050247 -0.35075438149674454 -0.01755004513705805 -0.001621420401834316 2.96680494047538 1.2187287511619385 -0.03880790357120313 0.009709394689872301 3.0140474181932975 0.10780938699670806 -0.033284152552962284 0.014733343242039216
0.880253650604702 0.9225582625848526 1.95145247979406 1 -3.7336559348486276 0.29274409831307313 0.0018706967660513892 0.005624890626183246 -3.4576246411093816 -0.6778149634066739 -0.011299833541488108 -0.003284512048912426 0.11103114509454937 0.7407509678214779 -0.02902908118464862 0.0015878581412205883 0.2517438524739184 -0.3579160523023647 -0.02960383175531703 0.0011923647840724767 2.77767750249856 1.2724468947540188 -0.0324771069503049 0.00195645430868927 2.8363035933285294 0.14673407800770533 -0.03964799726857563 0.005915646161644179
0.8077051291195184 0.8095194021834945 1.8995569390522404 1 -3.7748535295207373 0.33194543631928575 -0.010982143633990539 0.011485088149262117 -3.501021986258706 -0.693402627548235 0.0023351910398629406 0.002531146488351997 -0.05466938534208232 0.752589232182068 -0.05807456557834132 0.002812265489096035 0.07763839812921791 -0.3557762308907506 -0.058054281469283674 -0.0036848093527004242 2.640564468846902 1.2684841809504595 0.0014932345738392309 -0.006747347405196731 2.6213470372477436 0.13916460341422998 -0.01428942286127569 -0.007044117376742963
0.7097310253654053 0.6626125233280891 1.858484425248982 1 -3.88501685155388 0.39856969726654756 -0.03254266330567392 0.010964737174906997 -3.5072850943062246 -0.6730503450407499 -0.011677686515830784 0.004599735365987486 -0.23868237698761696 0.7811733169741815 -0.04805100820330184 -0.0011576512467755835 -0.10012997588084538 -0.3338895300675304 -0.04440619170615183 0.01726475998733122 2.5270140354091932 1.2232044280674548 -0.0028651323313765853 -0.006804814953204102 2.425464708420207 0.11795767206714669 -0.009773081192462438 -0.009493386804114368
0.6235048504630027 0.5558389353394745 1.8451302589194365 1 -3.9933461594914332 0.4835103141379591 -0.0069173042525226625 0.01605859501859189 -3.530021357949449 -0.6293087918549622 0.0013343264537300959 0.01831518164375883 -0.40451981371632684 0.8573340376014666 -0.005101344401970305 0.01883152135282841 -0.22847097038323838 -0.2643558861943752 -0.001507324405692588 0.025848101442874475 2.404813922464829 1.1935909762355346 -0.05054860667293459 0.0003301129084994506 2.2768019134180273 0.10239927483431499 -0.05661317536952285 0.0017486134997992454
0.5511506361652937 0.46371101586023006 1.8394654203781533 1 -4.051598826881294 0.5612529786046236 0.0009906536723606509 0.016149760135507875 -3.5717495405831525 -0.574721814676876 0.00540184643713881 0.017938300464124875 -0.5079365251285477 0.9709041296406975 -0.03278515762273662 0.02492734800006617 -0.3306516072524621 -0.1621568321404161 -0.03847975482110092 0.014206648080285381 2.303207036318355 1.1839221098578503 0.0019199837311527192 -0.004582277345605703 2.157511192350843 0.08743730870011013 -0.0010069141498327938 -0.005261490420230196
0.4849299057980121 0.3795102447805724 1.836970916213605 1 -4.094289948810198 0.6074935284560246 0.0010065242562184544 0.010547143576144627 -3.5903576492811085 -0.5082969008350993 0.012693649646642477 0.021714993889603483 -0.5394088977088094 1.0887764712696693 -0.02503991810039479 0.015541790780548395 -0.41685777208943264 -0.06963434580516914 -0.03879212044365706 0.017266633618204172 2.2496059749124084 1.1761377722257782 -0.029302629680079482 0.0018169506869199943 2.0517079973447743 0.08096220702663715 -0.047750770252959526 0.005794910696781732
0.4200868268262543 0.2997561548357162 1.837835443104531 1 -4.1623737810604196 0.6171335141583123 -0.019010091831229443 -0.003977995888541395 -3.577112429012331 -0.4321736980097449 -0.0010346341493784328 0.01295015052011621 -0.5374145445103546 1.1838386096873363 0.021513736203537567 0.017858024886647103 -0.456366656070748 0.018085657234517605 0.018011299508859713 0.021426392358582937 2.247902099151821 1.1628774555414578 0.0015691201604257944 -0.017084331856656733 1.9742031740527501 0.07847109114584905 -0.007213739853459508 0.010696577439648036
0.3472681202070949 0.20827759238420668 1.8199773170879419 1 -4.230290441686266 0.6154161449679689 -0.00021319362251677552 0.005487128410275043 -3.5530516300290818 -0.35562785110509654 0.013905819598707223 0.02486693453018469 -0.5393844687889526 1.2786148303510272 -0.022112987168777125 0.017444812460134837 -0.46469725125329653 0.12451534988497959 -0.02378753179233037 0.024823780333798198 2.280793359100464 1.1516780619588385 0.0015758492619215685 -0.006141009346015576 1.9499677622823723 0.08380755539196616 -0.006589003505217628 0.009174165194783517
0.2741559713511225 0.10674479162657019 1.7854253093011085 1 -4.273427569882121 0.6286045688874524 0.0019455208446487043 0.008046765810440799 -3.5607145627646446 -0.2911959228354536 0.004831486439447599 0.02060413423075786 -0.5245575181195901 1.3956121665513042 -0.0062836621298984815 0.025829334274439765 -0.47812849517352074 0.2633559366496099 -0.015976215256006544 0.02900759755705945 2.346267040414479 1.1387274814795525 0.021983709370495527 -0.010641954036801066 1.964895000470631 0.09776855329933842 0.014360769116195857 0.0029926364344427855
0.20331852099131237 0.024845621115798012 1.729708533567115 -1 -4.348505180424196 0.7580284612563644 -0.03114559646085539 0.03859362270761439 -3.6875345000040554 -0.12480095628027177 -0.027621400306659532 0.04348659594119183 -0.334558518564247 1.4635982384213122 0.05573939000880995 0.02683886485736886 -0.2449182296059984 0.5105818626265535 0.059523997349014535 0.03505066263717789 2.4638289954742785 1.1326402594555232 0.05165132978091547 0.011107291913381792 2.0085101915249757 0.0926221419851978 0.026956594082593214 -0.021607539714350747
0.1331152894166854 0.09862294144548339 1.5348027733256009 -1 -4.495423222096133 0.8018099095033109 -0.025021530287045405 -0.0037217570819836326 -3.825959956823862 0.1931525567920338 -0.017843283133353965 0.07538171486347428 -0.020925738873680544 1.5835800259278354 0.05659236251859237 0.010084900652956127 0.016205536198325987 0.6827030318748399 0.04323136196100944 0.04779137194482537 2.7370445141235695 1.1097381413617486 0.04461540146848157 -0.0029639103882396316 2.1767270904248965 0.08594407135408955 0.019445994255842113 0.02054328322343339
0.08009196260875884 0.1873339047508767 1.257314560729506 -1 -4.616313248077403 0.8071617491810101 -0.005928847833729437 0.013864620370510124 -3.9469625951859015 0.39142729143823973 -0.015501816681623688 0.022916059761469095 0.22823747834281427 1.7226157010856609 0.037303178383279206 0.002987481660105115 0.25978976883563565 0.863118410654353 0.04808133952079954 0.06210837188457568 3.09700851178735 1.0199431720366294 0.07966255756803356 -0.015339170906714921 2.3982463293558665 0.10943475770406286 0.0378575398510313 -0.0002899650672283285
0.04096682182051144 0.26826660783177847 0.9348626716315536 -1 -4.582247632592585 0.885232727331936 0.025193348654928817 0.008153966339980332 -3.9891205921496837 0.40305230229699385 0.0016467881274125282 0.0017875414536532115 0.41074284775228254 1.850431668727878 0.031585759082812 -0.0035694188655525858 0.48246027858358076 1.0508172820835195 0.03579715269088439 0.056849425243238494 3.4332071668520268 0.8859152605981861 0.07177917133072931 -0.03108291583313748 2.6156434326803826 0.13816045712642233 0.05329857562313202 -0.008906225770591436
0.030047378862602933 0.41744107232147715 0.454089037350647 -1 -4.4844481920536525 0.8727729423894439 0.026107286453710264 -0.019687374150156638 -3.91553156800929 0.37150231215251983 0.01876320775774106 -0.005170727383137423 0.4416465703866965 2.0491574928679834 -0.012098932131746204 0.024897592516428646 0.37068681313153284 1.1736992668041077 -0.030661784904187216 0.039432345049062595 3.74408958218366 0.8213380842056277 0.05002689008539096 -0.006918901963791965 3.029254636397263 0.2193846460327311 0.08640208563534003 0.03165236035099342
2.3787792 1.4887085 0.67767596 1.3158268 2.1958215 13.7765665 1.5769749 2.0412107 0.4053014 1.255702 5.004271 1.0179758 1.4672368 1.062727 1.9166601 7.437766
2.279424 1.4503689 0.71044064 1.3828197 2.617022 13.6730995 1.6288986 2.0588908 0.5228699 1.2970085 5.4004016 1.1457634 1.4774299 1.1068308 1.9676287 7.5288877
2.5391665 1.1313822 0.5331578 1.4747368 2.7223914 13.478935 2.0706644 1.859947 0.78281873 1.3987412 5.039773 1.3546938 1.7304894 1.2084074 2.0032802 7.7896285
2.190578 1.1329446 0.77414465 1.4976633 3.5183806 13.418896 1.7951875 1.9820886 0.94303924 1.4049289 6.191885 1.3745308 1.6010199 1.2348828 2.0635507 7.845097
2.124661 1.1191115 0.88854 1.5481471 4.015219 13.281956 1.7641717 2.027026 1.0786132 1.4488965 6.575184 1.4585476 1.6161084 1.2802334 2.1193178 7.895308
2.0504029 0.99895906 0.89266706 1.6164427 4.430449 13.117344 1.8909973 1.9450614 1.2281373 1.4955609 7.046153 1.6468755 1.6275394 1.3366498 2.165384 8.10696
1.628552 0.822515 0.3683939 1.401873 2.9931056 13.757618 2.0108871 1.677644 0.85559684 1.2322346 7.6938534 1.4354119 1.2566922 1.1599587 1.9073493 8.4305315
1.2133799 0.97850895 0.3798573 1.0773137 1.5415225 14.414098 1.3670282 1.7390925 0.17664272 0.94346535 7.5339756 0.93136895 0.6575392 0.89960396 1.6461494 8.485968
1.8776481 0.64371824 -0.41205716 1.2503903 1.4733357 14.227265 2.7390695 1.5106695 0.72882605 1.0467472 7.72121 1.2152762 1.3557354 1.0689569 1.670824 8.45734
2.0707161 0.6555228 -0.43465853 1.2926852 1.5122218 14.152613 2.8503938 1.5583544 0.8034633 1.0892977 7.3568535 1.207286 1.5386618 1.0939047 1.7107972 8.240018
1.7839274 0.6101482 -0.5012045 1.0919299 1.0991611 14.209715 2.8866782 1.3207374 0.5665359 0.9254658 8.572247 1.2433565 0.9564457 1.0426729 1.4937451 9.264556
2.5624413 0.716517 -0.49369812 1.3709023 1.7636223 13.937993 3.2353425 1.7346568 1.0598583 1.1592352 7.3119316 1.1817298 1.9140313 1.179675 1.7673407 7.917248
2.9066346 0.51187515 -0.10523367 1.3641876 1.7601972 13.61745 3.599546 1.6047709 1.0375067 1.1770674 7.6138997 1.1871951 1.836765 1.246007 1.7558783 8.307038
1.9449422 -0.26298952 5.861711 1.2145667 1.56001 6.396654 7.1973023 -1.4528103 -3.2688563 1.0720968 11.654655 0.7843493 -0.8111917 1.5126265 1.0668584 10.573439
3.4244645 3.2684493 11.463729 1.9615971 0.17021132 6.3260684 11.147513 2.5546288 -2.5359244 0.5561749 16.307343 3.0972753 -3.178227 1.5464146 0.9811884 11.971203
4.432841 2.1818075 10.063758 2.0800452 0.36248112 6.4892683 10.516965 0.7424321 -1.6655874 0.85858464 16.597963 2.2821848 -2.0285904 1.8495119 0.885424 11.574774
3.7591813 0.6559081 4.5393467 2.5098805 0.6597338 2.316574 5.161108 1.8709636 2.0525222 1.1051891 13.976731 2.3818138 1.3975528 2.3637342 1.2089081 7.9224935
2.341488 2.1257744 6.4355354 3.2084665 2.1081393 0.09519684 3.3203309 1.2869365 4.614608 1.3718446 14.996553 2.677349 1.7402825 2.6447518 1.9687954 9.88987
5
5
5
5
5
5
5
5
5
5
5
5
6
6
6
6
10
10
