10
1.5618482669011147 1.550798992821746 0.81 1 -3.48 -0.020000000000000018 0.0 0.0 -3.5 -1.02 0.0 0.0 0.5199999999999996 -0.10999999999999999 0.0 0.0 0.5 -1.11 0.0 0.0 3.5199999999999996 -0.17000000000000004 0.0 0.0 3.5 -1.17 0.0 0.0
1.4291532880167244 1.4368398588215914 0.7954402348392574 1 -3.5060761982448376 0.0024014074900156057 -0.0041808629455374535 0.01367648357923317 -3.4260629671927365 -1.022642614773579 0.03741860069536161 0.002304581801747821 0.5208650421590573 -0.10810591989898521 0.00018698006156014387 -0.00466656470641098 0.5001402234119983 -1.1075810155387773 0.00010528697543772653 0.005934714801108049 3.494937121194294 -0.15415521172219904 -0.012395402538567243 0.0007847923869289276 3.450399505889002 -1.1834349800245818 -0.02674132693244544 0.0016616075800963692
1.1393209754008427 1.0190061661295349 0.8551123518349162 1 -3.5477368155041145 0.07574577513184266 -0.0038001612087885947 0.01069794202569378 -3.3054885591029057 -0.9468516709375097 0.009872760876766997 0.02694424275778135 0.5074275767224741 -0.09109982217397283 -0.006027006586523753 0.0014593815136314595 0.48112088659526364 -1.1183592649492529 -0.007730103684266609 -5.0802404905327114e-05 3.3970419267183942 -0.09624089116070988 -0.027454142952820143 0.01094749953573608 3.26773710229992 -1.1798874879472958 -0.03879214450392836 0.013053877943613098
0.8553070868288768 0.6087185492415639 0.6156210068745195 1 -3.5524581984361747 0.1274906735610779 0.005140437661872173 0.003480168674776459 -3.3367042654627896 -0.8546359813470472 -0.01311915503762698 0.013161310526296443 0.44907141954871665 -0.0562004027157631 -0.01738632303000343 0.0054568215562139765 0.4161311013896922 -1.1358154519688846 -0.017491224916699962 0.0007985586729269221 3.230867064443088 -0.002276191936765648 -0.036525751395766165 0.01586512151181268 3.0998928710166327 -1.1070403848611186 -0.030445900806664844 0.020002643934645202
0.7054753653792454 0.3760638321123771 0.5338587508341163 1 -3.5370324639612196 0.1563444208253777 0.002828852184390329 0.00511543389157695 -3.4189458293262938 -0.8456513403131474 -0.01159393430508123 -0.0014634929380856927 0.3317467241291405 -0.019888312852790357 -0.028399238014747506 0.005973008686365676 0.3003572686159979 -1.1258568185085067 -0.0286064510736495 0.005592456017864974 3.0539627134899003 0.0815296724750405 -0.031552708984641964 0.007264341893845739 2.9306561329207854 -1.0392302002561762 -0.038197262803602576 0.01241049662364064
0.5956745551430557 0.22286083242439556 0.5833529100697246 1 -3.570519506244584 0.20045295172112287 -0.008899975032187805 0.012354660031156556 -3.4645190118833735 -0.8552961174157082 0.0023449355227012645 0.002021240421261486 0.16928204709863248 0.017308633746151658 -0.05647092241863138 0.012512078640544077 0.13018579228966765 -1.0966267037668065 -0.057296159291153004 0.004672567570098299 2.918490777302803 0.10039016040957915 0.00027900697109362223 -0.0065788674535134685 2.7176712338674305 -1.0110999305889268 -0.015223465906804609 -0.004488258030237368
0.4689126921705122 0.07273645075968241 0.681589364232977 1 -3.666265611889145 0.2821044784743876 -0.033147458461433944 0.01851987151634499 -3.4664356139543537 -0.835671948481013 -0.013537671943946873 0.0029811878961619738 -0.0061629382421655166 0.07412416729132087 -0.020082226757414876 0.013098460344853773 -0.04011300636850379 -1.0468994061364463 -0.016163925581610568 0.014791467110615464 2.796947609386157 0.07625018330722044 -0.01354568513341968 -0.03513099588971797 2.518185184862161 -0.9998246316995629 -0.011920617958556437 0.017792732616280046
0.35951401333725186 0.03637586247061103 0.8050938757406586 1 -3.7618633088562583 0.3834980715902294 -0.013061500812166935 0.02345078215835166 -3.4845954942143242 -0.791043856816986 -0.004305126368522158 0.008531271603956914 -0.16148169942059631 0.1733606177917395 -0.038831775398973076 0.024004896581448186 -0.15979376999081385 -0.9544477706508863 -0.03191670984431677 0.022806729389971123 2.6719340976982346 0.07005325948620267 -0.01028739566284339 -0.010079266161703283 2.372136113812613 -0.990556799840692 -0.006624323257602831 0.000765352298761077
0.26575739219048355 0.12433605160864727 0.8866373890426281 -1 -3.804734854788344 0.4685345641187173 0.00449522659220138 0.015954082669196255 -3.5160022690216923 -0.7298234362434555 0.009075410126605142 0.016704107404175737 -0.2470936715899832 0.30441251895067034 -0.027738892614703758 0.026580847907032412 -0.24477024328325747 -0.8392359502019444 -0.03426711441872894 0.02250714257693544 2.569490575421801 0.07527829205057768 -0.03681528496036676 0.0039037759267605424 2.2534341862719707 -0.9847505431693795 -0.04637054571083875 0.010849155118896172
0.17460082820970604 0.21807119173359288 0.5151645955168236 1 -3.8420894660133595 0.6495785822948767 -0.029369450545542727 0.06353076887275541 -3.577294224166926 -0.5077933448355831 -0.010530168971533561 0.053938906431593214 -0.23991283872525315 0.41554463633125893 0.01252968747062995 0.019095291365902104 -0.2767313360817889 -0.7200712634869177 0.012781033598695223 0.021357723673232677 2.630833721787946 0.11653238572427993 0.03784447210226861 0.0002838177986539993 2.34503298564925 -0.8558124574299556 0.0427412413536377 0.04791129322554965
1.0661798 0.664953 1.355444 1.087801 0.35664272 13.875394 3.850702 1.4681613 1.9127624 1.0163236 4.718555 1.179919 2.8513486 1.1550604 1.6233228 3.8437047
1.0632873 0.75823 1.4155242 1.052473 0.30710363 13.943236 3.672992 1.3825449 1.8535838 0.9923227 4.68528 1.0947502 2.8388052 1.1329428 1.604511 3.7401924
0.8932843 0.34165907 1.2587463 1.0904979 0.4105096 14.0367565 3.9906626 1.7244327 1.829821 0.98412 5.2547255 1.3686105 2.6012416 1.157777 1.6303942 4.208727
0.95782614 -0.16570759 1.3493221 1.1459657 0.38966417 14.207308 4.297917 3.0201268 1.533253 0.9686197 5.595928 1.4762441 2.2986593 1.1715832 1.685601 4.3859973
0.7527833 0.61129427 1.2402582 0.9114777 0.44827986 14.422262 3.2667274 1.113152 1.599436 0.8373122 6.3910923 1.2301904 2.3995247 1.0506221 1.5270644 4.0212445
0.16479206 0.05642414 0.6120118 0.92942333 0.4913578 14.134888 3.1037788 0.22259164 1.640393 0.8403063 7.3630767 1.6710958 2.0808883 1.0518898 1.4892293 5.42433
-0.31347322 -1.0654101 -0.29189312 0.62324834 -0.006210327 13.239695 0.29394472 -1.1780956 0.39679003 0.6679019 10.443822 1.4225886 1.0953001 0.80151165 1.1980828 8.363395
0.18095636 -1.362196 -0.66711783 0.5671922 0.433733 12.689369 1.161116 -1.6118593 0.8736899 0.6897445 11.926327 1.8533103 1.0285015 0.8978524 1.1275002 9.752298
3.1019096 -0.56966877 -0.046013117 0.366297 1.3405795 11.3573475 2.192133 -1.1788902 1.64839 0.82190716 13.210932 1.1787812 2.103328 1.0526706 1.0173428 9.211575
3.1501179 -1.2440143 2.601605 0.64604187 2.3342106 11.326229 1.9626347 -0.6992047 1.4627275 0.7549292 13.944847 2.388256 0.28627285 1.0574404 1.1865518 13.139029
5
5
5
5
5
5
5
5
10
10
