17
1.6274520475928238 1.6460897161067611 1.9706344156134086 1 -3.61 0.10000000000000009 0.0 0.0 -3.51 -0.89 0.0 0.0 0.3600000000000003 0.53 0.0 0.0 0.46999999999999975 -0.45999999999999996 0.0 0.0 3.3499999999999996 0.8500000000000001 0.0 0.0 3.45 -0.14 0.0 0.0
1.5057389587396175 1.6424784176419287 1.9315310588752912 1 -3.6404077113979825 0.11725758312211032 -0.006383121348595995 0.013093610290359542 -3.4341387623972754 -0.8862108667724798 0.037462286450058904 0.005816150756482892 0.3604795330913886 0.5290211036313095 0.0007746037970205698 -0.005740365580423776 0.47192078706030216 -0.4633291619237142 -0.00024044006830865427 0.004506013966728662 3.3241440308384513 0.862038034967813 -0.012268748854784753 -0.0009950305055344 3.402795096503067 -0.15896680428968923 -0.026851096964830734 -0.001831306583665284
1.229625106773907 1.3558496671577205 1.9896575175383289 1 -3.689834481785999 0.18499019949921602 -0.003475787430462626 0.014143242182506198 -3.3204626366265773 -0.7976738492597938 0.008213605644044601 0.027221555727031138 0.3445036000645656 0.5398256825251329 -0.006217935550260935 0.00038792506643413674 0.4553107628648192 -0.48049379555830907 -0.007584105381095169 -0.001202675607410792 3.2199398952018816 0.9055817151011543 -0.028856399846128297 0.006960639198359908 3.2204551201797713 -0.1810204208870183 -0.040358278010788964 0.00750365715073887
0.9699950956842762 1.01328650652244 1.7773356836184937 1 -3.7006328436886897 0.23659015885638857 0.002288643000755059 -0.0027646220894665743 -3.3657789281048807 -0.704479763389299 -0.01968537998060091 0.01505482176764538 0.28185440108056437 0.5682139919849867 -0.017708487050239134 0.0038218837400264827 0.39325198463167776 -0.505204133145031 -0.017288954928520766 -0.00113131371418442 3.042476831431329 0.9766830159351056 -0.03840809019441098 0.011158623533821993 3.0448037947034665 -0.13148432937921573 -0.03273330799398483 0.01607702769889493
0.8573160393595971 0.8565851758014853 1.6688247433594237 1 -3.689674473628256 0.26906333919198233 -0.003655993421631684 -0.0061027447053897945 -3.448908207469093 -0.7038033281851253 -0.021520590216592583 0.001718160454010009 0.16193427859530285 0.5915861264732969 -0.02849468981760383 0.002616494114226032 0.2767597781315505 -0.5091325371325514 -0.029122564278667187 0.001864816618035399 2.8563262502573608 1.0388866463419162 -0.03213458328537859 0.003562490605161563 2.8683782110068545 -0.08436513401005963 -0.039453922236399576 0.007835054163371416
0.7791569368064837 0.7320865355907991 1.6247488326939747 1 -3.7312232669425285 0.30949737088716645 -0.009723204134702294 0.011021162854711303 -3.4923813494509583 -0.7196956192057608 0.003496617719889351 0.003110196248432561 -0.00044295397383020685 0.6085397090925668 -0.012385390583127612 0.0007714185375770786 0.1060647947331832 -0.5023239965368111 -0.01683665682746393 0.0097534212412594 2.7196274712617905 1.0400805141362386 -0.03493581089449095 -0.008470667676531473 2.654027609916657 -0.08061117950041585 -0.05688363397850709 0.0016756262332225796
0.6764194286862905 0.5789297951589364 1.593320280190012 1 -3.8416225282908414 0.3801928214883663 -0.014169840354839333 0.015342659591968844 -3.4986594835069837 -0.7009064482133882 0.00911953019617244 0.014729982371775117 -0.18370039936284677 0.6437713356393651 -0.043152997237455464 0.018751234606629953 -0.0694157137010123 -0.4759342444101161 -0.034844923196334705 0.000805506125141001 2.6058324603010625 0.9999934061989499 -0.016282375416136745 0.004391831156026767 2.460825664363596 -0.09478362027384624 -0.026811662080175696 -0.014159625334837861
0.5855870930725126 0.4671390070477911 1.5927934601011107 1 -3.949551538628336 0.4675709136351911 -0.0299208518004832 0.00851956653765105 -3.5209232323506034 -0.656407908593677 -0.027312820169661425 0.004777738941440799 -0.35216771722126605 0.7215172909757783 -0.0205486346492309 0.005114739484887082 -0.20185924038826286 -0.39552576423794394 -0.019198828133684218 0.037666863457007635 2.4896276884226696 0.9734473692206325 -0.03987596315125151 -0.005133162769284586 2.3163691000961686 -0.1067611466816284 -0.04378748838868085 0.006333217374975555
0.5130779823845215 0.37415507023304356 1.598994648458919 1 -4.003930875786324 0.5450866003955279 0.002592241541471054 0.013767174490940857 -3.5603664860746678 -0.6005825734940051 0.004946729890925806 0.019146306347001436 -0.4521192296481189 0.8436201073816081 -0.011329828098911532 0.034075584040788434 -0.3006267971736447 -0.2885003081593972 -0.01581663206687548 0.013074877108679255 2.3953388824238333 0.9655824833809166 -0.04162430003614856 -0.0020966521588309146 2.2014930862387265 -0.11499822299924012 -0.05242562956504247 0.008497193471733673
0.44191612154123705 0.28335883725367783 1.6129939394756776 1 -4.04448826228271 0.5923959405081092 0.0024190138583478835 0.006157144442420806 -3.5777336044938792 -0.5348714845263356 0.010109121887069309 0.023254871582458585 -0.47772683153348083 0.9613010476800325 -0.021172977159902448 0.019451143903945804 -0.38040601292016696 -0.19131322387533423 -0.033824189199007315 0.01698603988695366 2.345025890858232 0.9562206183495197 0.002799925664142437 0.0022012790448854894 2.0964412273161903 -0.12428222627249219 -0.011562423079227599 -0.008258298251417317
0.3729072673123411 0.20591043855563285 1.633486532828369 1 -4.110205612039355 0.605422143801327 -0.030734868965757233 -0.007583594612111654 -3.5610325590887495 -0.4590812526086022 -0.013576335243961225 0.003860219739268968 -0.4766382094442223 1.0588308716090156 0.009188979970961568 0.0020045908799622286 -0.4198239712162444 -0.09917856593715346 0.0034834859036424115 0.035494330027335375 2.3368011070159085 0.9424468808458595 -0.022344261722936843 0.006741670986792491 2.017149896830719 -0.1248170285861655 -0.04014787716151061 0.008737830793423886
0.2972258209355087 0.11200261444979198 1.6147077925351998 1 -4.220231723667131 0.7269304484778418 -0.01295245271244791 0.03108573867035729 -3.6389203318327272 -0.24425221416003462 -0.023381306810469512 0.07259853239605601 -0.3137528008878414 1.0869515123019227 0.05390383356044402 0.015772834655835895 -0.14755123927693425 0.1109219232747336 0.06631908591759501 0.034427996245351415 2.416288580096043 0.9524768201855918 0.0097576654754199 0.016878815177750757 2.0404914901816245 -0.1416924753437555 -0.0033240179344106342 0.002713687169157823
0.22902522923659088 0.039031979960758086 1.4277287764060642 1 -4.379913234618921 0.8259859389091775 -0.04148432243709548 0.0007781871985388178 -3.7828627957414525 0.10716874643871055 -0.0449931005251689 0.05883141571785308 -0.0019754923263661794 1.1949797567102052 0.04053349947064086 0.022183490920142206 0.0892742271056699 0.2628893877150815 0.023536442554816777 0.03175301037297017 2.703844100588787 0.9723433788970557 0.095616973270587 -0.016733274297260143 2.279865540217176 -0.11661219993891847 0.07766131625286736 0.004039344511848118
0.21622425003311885 0.07548545987407423 1.216914937565744 -1 -4.526982673127071 0.867052611584989 0.001028469711631362 -0.001981707799943881 -3.928722000474142 0.34306457729114515 -0.0317739056479894 0.03631169065459658 0.23635014230938722 1.302363251308634 0.029090222587382284 0.03843640592569156 0.35530153772360773 0.4367793556795523 0.05456796929692141 0.01808986499810325 3.1477783841484275 0.9027235863410457 0.11677218371372874 -0.03952153031776679 2.5249079339075173 -0.06459840964024477 0.08013568188300005 -0.008389388635799983
0.193402380689898 0.15920241694416254 0.899348932840821 -1 -4.5476615078341185 0.9225229546571456 -0.0109790565026489 0.017462704431027046 -3.982742973493404 0.38397666927919816 0.012602283298488148 -0.013427758887122122 0.4216700854061095 1.403102966674484 0.04014655771114359 0.04446152835700552 0.5938406901216107 0.6047673211912359 0.03911726460306568 0.0065601546494293665 3.555809919748814 0.7834387934348575 0.06124864638296329 -0.0058971973685467 2.7900343714434683 -0.009974423235164509 0.038594361882836575 0.020470824954982623
0.14113143568963288 0.31116639887179964 0.6729747170703576 -1 -4.481733357999736 0.8893824123299416 0.000589422885152218 -0.0026922861050718934 -3.9164343791073764 0.34916015521584187 0.031934851177753666 -0.02457221979985083 0.6278370924072529 1.4944094907636236 0.03808524802607311 0.043894520379185356 0.7450798630372475 0.7226364544818675 0.028564965366992975 -0.006506019730357707 3.8558317308895003 0.7042553613290004 0.0547156916471012 -0.022615636848775617 3.0676111401779735 0.0015535341129169211 0.06352533161262378 -0.013186719501121318
0.13149981674195857 0.346229302599513 0.3357747400041869 -1 -4.35942052042363 0.8012829875388552 0.023878062681405167 -0.011122694396013426 -3.785696668377772 0.26867991497432464 0.031512590511946145 -0.026047114520232457 0.6771554484051263 1.6496274060633436 -0.008126215806308087 0.03574007174229356 0.6408417648702462 0.7810187560246498 -0.02478172682973055 0.012970322980824858 4.116301157016419 0.7309348810808187 0.03540526142504586 -0.012308274828564976 3.464694918131592 0.0719257369915356 0.08647098619484853 0.0402650427673525
0.93646336 1.5725081 -0.00511533 1.1179228 0.602314 14.291253 0.13195008 1.5187378 -0.3340311 0.6263809 4.4012113 0.5036448 0.7241833 0.543056 1.0825362 5.01531
1.0503149 1.632925 -0.06079787 1.3456649 0.7758603 14.131681 1.2344484 1.8749486 -0.0014123917 0.8452976 5.0848165 0.5660552 1.1733441 0.7430638 1.2306833 6.360676
1.4036312 1.7166562 -0.14857909 1.477832 0.62291646 14.05527 1.5367956 2.2018495 0.11598277 1.0073183 5.614361 0.6305634 1.2264668 0.889629 1.3094088 7.152474
1.6350975 1.2126901 -0.1455276 1.2932595 0.16428304 14.041397 1.3766081 2.4964943 0.30193543 0.9989644 5.6332555 0.6393113 1.1002035 0.89862144 1.2097363 7.088107
1.5021296 0.95779395 -0.13604236 1.1531265 0.24247193 14.01172 1.4704757 2.23142 0.3952484 0.93942547 5.6059537 0.6124406 1.1222183 0.8675947 1.1211283 7.3135357
1.6101885 1.0525088 -0.2172375 1.186724 0.30934572 13.902162 1.7628323 1.9881362 0.45082402 1.002005 5.972091 0.6266296 1.1897271 0.9476259 1.119697 8.364974
1.5145235 1.4274411 -0.31047523 1.5026667 0.5191169 14.057439 1.8174428 1.7311529 0.1700027 1.0804232 6.299651 0.6544452 1.0392542 0.98500204 1.3036609 8.459614
1.2090559 1.5231705 -0.39821616 1.3284576 0.27453494 14.695455 0.4602756 1.8472663 -0.57584333 0.9093151 6.449603 0.58658326 -0.033821344 0.8264158 1.1504856 8.448607
1.5492964 1.3918688 -0.3176809 1.529403 0.75941515 13.9111595 2.0213227 1.622885 0.27307177 1.1114098 6.3701863 0.6703665 1.1417699 1.0143996 1.3199 8.634227
1.7368851 1.2980633 -0.3216574 1.4383296 0.82004523 13.530978 2.5921836 1.3785653 0.6889694 1.1648861 6.508985 0.682971 1.5533292 1.1059976 1.252415 9.705112
1.8825111 1.2235208 -0.42105997 1.1311595 0.6710677 13.435373 2.492487 1.1233306 0.7088275 1.1208297 6.8878894 0.64714134 1.3898864 1.1409603 1.011878 11.479415
-1.166749 3.5039625 1.0939323 1.9174337 3.284848 12.91631 11.407106 4.400158 -1.5956311 1.4507782 5.850479 0.701265 -3.0025795 1.0321234 1.8426449 6.437769
3.5003896 3.124114 12.7612095 1.1031625 0.025862217 4.929898 9.410845 -2.0789607 -1.8844025 0.77785754 14.531979 0.36276054 -1.8051262 0.86083555 0.94912577 11.42446
2.8079367 3.0111308 8.502838 0.8622458 2.5621386 4.194431 9.354536 -4.864303 -5.6625957 0.7749183 16.755821 0.3426963 -1.3798475 0.731032 0.69077146 12.479208
2.5125456 0.48178196 11.318611 0.6474633 1.9984406 4.7560678 8.946253 -2.2805285 -5.622264 0.78273296 16.176434 0.29578805 -2.287281 0.7147542 0.66346335 11.96839
2.0305262 -0.44975996 6.7597723 0.0137069225 3.3162818 3.6150599 7.703685 4.8297677 -0.7070074 1.012185 13.171121 0.45739806 -5.5642157 0.96868145 0.4586054 3.8259387
4.7024765 4.509509 7.2746954 0.3010714 -3.8581626 1.778095 4.9076214 4.394443 -0.6348641 0.9852122 12.831508 0.7037476 0.7278737 0.97195256 0.45977998 8.592919
5
5
5
5
5
5
5
5
5
5
6
6
6
6
6
10
10
