16
1.614487824515167 1.6387000575014852 1.8304371062672435 1 -3.6 0.09000000000000008 0.0 0.0 -3.5 -0.91 0.0 0.0 0.3899999999999997 0.45999999999999996 0.0 0.0 0.4800000000000004 -0.54 0.0 0.0 3.37 0.73 0.0 0.0 3.4699999999999998 -0.27 0.0 0.0
1.492672431227473 1.624756645643507 1.7949662964677067 1 -3.629073480922011 0.11009851905121182 -0.005784829125130046 0.013306562186828732 -3.427717092324638 -0.9042923618651001 0.03645843964213455 0.006791332637278094 0.38885416372129633 0.4597327824425186 9.305464159414583e-05 -0.005288588141033753 0.4820802243068618 -0.5404169566241487 -0.00019544593394116197 0.005035261641698048 3.3450273188626642 0.7439859248718146 -0.011912647299353235 -0.00027142828289174886 3.4193588869334164 -0.2857418410570698 -0.027287588537796195 -0.0006451620853744119
1.2169749423210499 1.3326438720734728 1.8539664072541582 1 -3.6799156504475867 0.17884979953312197 -0.00525870145918261 0.010732109280037518 -3.3172694587044154 -0.8130216005573287 0.007231203014213934 0.02806938436695319 0.37153515670117976 0.47238788897666617 -0.006570607233801952 0.0006186542983786566 0.46514867573634433 -0.5556479342712919 -0.008028298493885989 -0.0011193884791496113 3.2419261675682396 0.7909893815207636 -0.028513810298717586 0.007483904136601285 3.236445493270881 -0.3018023221467585 -0.03969251906252688 0.008353590978074569
0.9539161637392181 0.9847177139679884 1.6391060769091903 1 -3.692299528010347 0.2307401746749409 0.004467629734380798 0.00432906039386141 -3.3570248133400105 -0.7244859830944377 -0.014317905410106782 0.011505530431802979 0.30926208789646026 0.5008382391327599 -0.018190249554182338 0.0037460675420493052 0.4005568867671627 -0.5795837000500258 -0.018274021770854486 -0.0010592715796527326 3.0647862617537704 0.8635680888396753 -0.038364638069993254 0.011273910621563597 3.0629497455323413 -0.25006591690053126 -0.03218518110107696 0.016240617256761868
0.8348639599441323 0.8167759169197691 1.5300201877772819 1 -3.680578284085265 0.26260262770399767 0.002413755866039521 0.006067043313547004 -3.4403455051390446 -0.7244875067540062 -0.011532770725695076 -0.002637325843550935 0.1888455042442656 0.5245781800357723 -0.02918224805442856 0.0027608432634179877 0.28266003298676434 -0.5822326999627657 -0.029541012345006147 0.002290798542604935 2.8786624708240414 0.9267455092815231 -0.032239289034689304 0.0038122351908641897 2.887617013965353 -0.20179849832567354 -0.03951716202189586 0.00826384212264579
0.7551456970940356 0.6921613085659788 1.4940665181151045 1 -3.718277770834963 0.30489988598080675 -0.012784002356297695 0.012969286119523084 -3.486237866000383 -0.7373781650001403 -0.0002988691112565875 0.0005678905657345206 0.024338580086759265 0.5436283730355824 -0.04292557777985539 0.005466010779783141 0.11131378093520805 -0.5726934636768388 -0.04384517649048108 0.0008912059920717049 2.7417028897410027 0.9323953292767777 -0.018038217865345343 0.009341448577273861 2.6711749273751346 -0.1972223042101452 -0.03861006940701198 -0.01413276755518409
0.642529023504842 0.5289651343591514 1.4723678522765196 1 -3.8229863301620313 0.3752647071797417 -0.015068926110023693 0.015485997190325862 -3.490354475338406 -0.7172188289216815 0.008717509749057195 0.012821432294361983 -0.15956254475319298 0.5807775129954684 -0.03461687192552602 0.0028538188566044525 -0.06523302059666136 -0.5415516295875331 -0.03131474199329208 0.019662890261466195 2.631544949736747 0.8899633620805807 -0.023261056182460896 -0.023059918871408153 2.475687366501287 -0.2090417825196531 -0.03255824778300969 0.009247314854868613
0.5488455404171582 0.41773345819808 1.487834154564022 1 -3.9269872067281812 0.4614111991647363 -0.004877781792427222 0.019623316131529706 -3.5088292992271546 -0.6743612189385466 0.005907092616385282 0.016270900429740838 -0.32383186942243736 0.6650015893924472 -0.004431003293131768 0.02344755604078255 -0.1946671556178412 -0.46173676348449955 -4.125660095357503e-06 0.023152631306453578 2.5039589988215107 0.8758751306364225 -0.03634346771983377 0.00368288755661084 2.3238779148147817 -0.21639068154016516 -0.038355714825155415 0.0015696265948644643
0.48783390717648234 0.33323796425961266 1.5026142376517357 1 -3.979748817117878 0.5385381079847738 -0.019688027980212488 0.009766283300563566 -3.5498866714721284 -0.6204405171658706 -0.02265778861307523 0.004317897169915863 -0.42854065259653584 0.7881007899985553 -0.031970082345654204 0.02004428473602434 -0.29632593447364375 -0.3543706726161434 -0.038608150285128894 0.022814598499945462 2.3961737050267633 0.8751566259593155 -0.002945995822498184 -0.008569432618562122 2.2070853546458524 -0.21499528381526356 -0.004318124993158416 -0.0006249475700455791
0.41534021101371943 0.24543622690529254 1.521393381213148 1 -4.014932605654468 0.5915142081749203 -0.02983952257624353 -0.003687804810865494 -3.57095050738779 -0.5563826187553172 -0.027913023895425073 0.004715740905278749 -0.4559700920091734 0.9048527296735336 0.0010887168286927264 0.009968725228240896 -0.37375661768973245 -0.25472257443731183 -0.012473467153383818 0.028482366021434183 2.34070210550874 0.8648173765901281 -0.020142289686184735 -0.004892778166175907 2.0970483415944416 -0.2229364273994926 -0.035857998981032375 0.005929552539441651
0.3413385347574516 0.1575738120567877 1.5472380236220307 1 -4.08110781753199 0.6045708936574947 -0.026697675165345238 -0.0037684848644295253 -3.550523818020379 -0.4806288342161783 -0.008001543986311192 0.006904131267720304 -0.44840141504646613 1.001180004258615 -0.027030255762957416 0.008330708561152228 -0.40740085143561 -0.1751929858416964 -0.03256380865224508 0.024803695397978828 2.342401804622048 0.846543033621725 0.01809759815773431 -0.002599275299245373 2.019361328083832 -0.22841287018317646 0.00272295925354841 -0.008165262866642473
0.2611671378239827 0.06570545815450568 1.5623249986512826 1 -4.151707012717596 0.6014772190369615 -0.02387791929827185 -0.004960725952945569 -3.519977279623186 -0.4052357407216508 -0.010799485632966496 0.003314529094234084 -0.4363520379955039 1.09678641748277 0.005710738023059842 0.029239324458272292 -0.4053800137876298 -0.06616011928644072 0.004115450337350845 0.018874294103067173 2.3758952477862803 0.837922447782071 -0.0021983910648311344 0.002814335047974067 1.9914206244360049 -0.2179048479693917 -0.012232734515009988 0.009670843294870089
0.19096561147350752 0.03243475004733945 1.4792996537957903 -1 -4.191348092160152 0.6105755675685889 0.008672947195398514 -0.0008354319358127279 -3.5198102889458727 -0.3406574772718596 0.0027064925985617067 0.025248114408788137 -0.41144106286029203 1.2177078058113335 0.003337722146660907 0.03627854206280491 -0.4072583475438032 0.07648037176484435 -0.006054553088109829 0.02069745884083639 2.4370029960583697 0.8332588464382256 0.028010290109731398 -0.002866743604048254 2.0083449083629814 -0.19496864953189863 0.01693316614184366 -0.004965885731091668
0.10804729285200525 0.14064916977873868 1.0013510365088085 1 -4.2685853995258585 0.7259470655838778 -0.00995602817533002 0.02874569167978128 -3.6322929067480008 -0.1894072537681174 -0.015067315710033485 0.06565750884337535 -0.32977093501888355 1.3600090153442705 0.014837613024517082 0.033876158405217245 -0.5091507077657464 0.276221108953826 -0.015586580620951243 0.0395615641680121 2.6226592294877467 0.8504321094630254 0.08215010994377035 -0.006281726321211604 2.224142208020183 -0.05877815164777278 0.09493805711687403 0.022349441614996947
0.24071058453524183 0.1306768352601882 0.4964580158434918 1 -4.520824277868308 0.7814163244097438 -0.06975864599867566 -0.01091386519444653 -3.7671746111974507 0.09862951338074222 -0.039419543620010086 0.04838891846870562 -0.2626229371154629 1.468463012850178 0.022386820571919125 0.026356636089564504 -0.4804564301927643 0.5046958298877373 0.021081153142394456 0.03704551747890504 3.080571126909671 0.7639630207012114 0.07959539081586287 -0.06934670222945302 2.6400854421768596 0.030098298566815673 0.10238987246759068 0.026271612038188837
0.4058097886073783 0.08289187872476333 0.13878471520801794 1 -4.76547043446334 0.7572309532441053 -0.022425432551349864 0.0058399321179977304 -3.9273360225983907 0.3402922254262608 -0.026569477886304708 0.043996026586998624 -0.08514437872260494 1.5590266824505603 0.04346796164658295 -0.01321440174919623 -0.3691637894943982 0.7332761873527525 0.02817933298092723 0.07269947016123271 3.5455587681646925 0.559071860234249 0.04258502050755536 -0.07969597245495172 3.02212629849196 -0.060260772698222165 0.09127761226346526 -0.000654093474844613
2.277299 2.8227277 2.730219 2.188948 4.6702843 12.521426 1.8339726 2.6405582 0.45407093 2.6155262 5.822967 1.7746876 2.066685 1.8458519 2.5421932 5.8115854
2.2982442 2.6287792 2.7198799 2.2077618 4.7585726 12.487174 1.935285 2.6706834 0.60630953 2.6400197 5.8028746 1.8012248 2.1711164 1.8768457 2.5542464 5.8277507
2.0513258 2.0248652 2.5690029 2.1415281 4.7179127 12.660763 1.9813886 2.2629333 1.0360688 2.6215181 6.1222267 1.8195645 2.2858684 1.894007 2.510061 6.0809355
1.542799 1.3567984 2.7096417 1.9920111 4.9487953 12.731668 2.1060028 1.408344 1.6251493 2.4912567 6.5460763 2.1315823 2.3794951 1.8398068 2.4284387 6.0674734
1.3889832 1.1189184 2.7078178 1.9785544 5.050067 12.717217 2.2245712 1.2165569 1.8001599 2.4655538 6.7043076 2.2800817 2.3944197 1.8423965 2.412643 6.1577024
1.4819543 0.89776206 2.1283836 2.143416 5.0265017 12.6879 2.3767304 1.4015014 1.7698965 2.6295693 7.2712054 2.3340833 2.2639794 2.001916 2.4454863 7.236061
2.2791572 0.70289683 0.35408735 1.9108447 3.1089566 13.242933 3.4140759 1.5997715 1.7395294 2.411431 7.9334984 1.9617306 2.22788 1.9264412 2.1549928 8.455231
2.3754518 0.63550925 -0.43387365 1.6333094 1.6726108 13.797406 3.7645574 1.4658004 1.5439596 2.1222048 8.1892185 1.7416039 1.9443631 1.751301 1.9006047 9.0327425
1.47439 0.6745901 0.42419934 1.857695 2.389016 13.899068 2.7750506 1.4314144 1.2782302 2.30077 7.5197887 1.8331864 1.7657417 1.7896862 2.1015928 8.464908
1.8297095 0.6417115 -0.32678246 1.6324825 1.2497487 14.239812 3.3048687 1.4108639 1.2478256 2.0793295 7.6914883 1.6220965 1.7168148 1.6656398 1.8998963 8.809887
2.4971905 0.6488824 -0.3760116 1.7107911 1.9885912 13.58171 3.8197546 1.5593728 1.6940511 2.2064137 7.9839478 1.7742321 2.2004316 1.8083725 1.9736975 8.746584
3.0274522 0.48923182 -0.9819083 1.3968233 1.6584125 13.159086 4.639898 1.1325576 1.8202863 1.9413484 10.097555 2.0961566 1.6614342 1.7977444 1.6623275 10.739609
2.0021722 2.246562 -1.6949918 1.2123953 2.787954 13.916035 4.854781 2.6419454 1.1474376 1.6852486 11.558425 2.0527782 0.46221352 1.6360074 1.2735599 13.821444
3.3278546 -0.7447448 1.2811253 1.7805061 1.7035737 5.146916 1.2251282 0.14916563 1.5968368 1.3401151 12.2708645 4.0296354 0.5223451 1.8608683 2.0756967 14.443352
2.5821967 1.6429393 2.4683032 1.8005302 2.088174 4.2091866 0.07905173 1.3258888 -1.1808901 1.0415926 12.220138 3.8933852 -0.45159495 1.3629115 1.859781 13.721277
1.449858 1.2664173 3.739196 1.4413002 -0.18856144 5.398455 3.8393452 0.4046135 2.3416107 0.1865282 15.275793 4.9523454 -0.1524241 1.0441868 1.4777523 12.890231
5
5
5
5
5
5
5
5
5
5
5
5
11
11
11
11
