14
1.7468183048654637 1.663673543374244 1.116288493177279 -1 -3.2199999999999998 -0.4 0.0 0.0 -3.56 -1.34 0.0 0.0 0.54 -1.75 0.0 0.0 0.20999999999999996 -2.69 0.0 0.0 3.37 -2.77 0.0 0.0 3.0300000000000002 -3.71 0.0 0.0
1.679882268131865 1.5303275800986753 1.0749706251492752 -1 -3.150016916506673 -0.42402335016784365 0.03407882529457405 -0.015376144167862404 -3.591855876541115 -1.351336329070771 -0.0086895565537317 -0.011181239484365975 0.5414016014277081 -1.7514216301084797 -0.0016872861623555909 -0.005344944298326335 0.20900194938286187 -2.6904617832955875 0.0015375926070760205 0.005001456248706402 3.3291203305512553 -2.7366569437048245 -0.025460873416171086 0.008752594472997472 3.002453423308114 -3.7140059545975292 -0.011598245723981514 0.004253268038401897
1.2950417100258298 1.2400674079237919 1.1492879892867296 -1 -3.064326007190898 -0.5357892437318812 -0.0002796180496076367 -0.028070237365314565 -3.6561469328615845 -1.4039078411079529 -0.0071955015118101845 -0.008303675677141157 0.5284125846807184 -1.7328392349438348 -0.007454418785327497 0.0030521662645460815 0.18984637164910634 -2.699123711264303 -0.006092325385455805 0.0012009210326577105 3.157820492194552 -2.6741503520315835 -0.04090803361969283 0.0013535086484631545 2.8908565097686383 -3.731460952380674 -0.029843581397402025 -0.00048294334382925803
0.8884594523363348 0.9647651889519241 0.9560789971212816 -1 -3.1254297688319506 -0.6085222587897761 -0.016772471155732972 -0.007397767502334764 -3.67819281927359 -1.4486848423851988 0.0035962678643555483 -0.0048334466398823345 0.4720713923534481 -1.6923874771381642 -0.017398994487772722 0.005502919228798607 0.1244536383820849 -2.7111677640504745 -0.017961002486837123 0.0009613699828610947 2.975195785281538 -2.6844378341464257 -0.03568897651367513 -0.007959459807619728 2.7008485035239485 -3.761012730378919 -0.040165972808201424 -0.001977984266091453
0.6593508198355507 0.829175051907617 0.8156720984404279 -1 -3.2051287168994307 -0.5883506416028226 -0.010393677841861683 0.005080064613041937 -3.674572498474814 -1.4809703226439208 0.0005538545216185612 -0.006088882427808242 0.3582709527166754 -1.660779688693451 -0.029230406501285784 0.004783871961107994 0.0036197551250891635 -2.7053369625949286 -0.02866970523872668 0.004408599766032544 2.793152007817807 -2.686421473959742 -0.04010117101667914 0.0026909664057053907 2.5046532033350566 -3.7754656765422205 -0.032302963169674764 0.004894025920458102
0.48982639929565175 0.7316219385784182 0.774601386609918 -1 -3.245363676306699 -0.566122287472215 0.0012526952774906067 -0.0035321413638441535 -3.7232956428400366 -1.5124779321526662 -0.01296627613224165 -0.008912426371435217 0.1911785845980445 -1.6273012428127864 -0.03600284343058488 0.006339549394660483 -0.15955347574632128 -2.6844008566607442 -0.03477117028013862 0.004336680559043717 2.583893177719962 -2.6329466731329427 -0.04434864775391665 0.011541694647502092 2.370300307754704 -3.741248258936127 -0.02159453365804287 0.01645201868930182
0.3148078008018162 0.6062025378156444 0.7847301588573852 -1 -3.255714377617468 -0.5865515858442755 -0.020284419553377862 0.004428812935120933 -3.844143287230863 -1.556230917940466 -0.04197939033642101 -0.0008851431433448236 0.014577751165368191 -1.6081711028393093 -0.0648464947982153 0.00023293928509491788 -0.34440767400802486 -2.6753970630047705 -0.06655151735740243 0.01662112951648463 2.3888641672425246 -2.561355543460507 0.005188959780779927 0.01404530157825118 2.262534019692776 -3.6695884119712177 0.008058943918520575 0.003430066620103138
0.18870623175567192 0.5042954677035992 0.8330190080404503 -1 -3.2867561392394924 -0.6244090834935572 -0.03021020292846894 0.0036729241640315186 -3.9686938414777293 -1.6149754043748374 -0.032872339018210475 0.0005728063486168562 -0.13344391120590604 -1.64675001566023 -0.04256179716680815 -0.008021583102789588 -0.5267024656610642 -2.7107759548517225 -0.04943249302746802 -0.0058692042134700665 2.250612902679567 -2.517476263559141 -0.028282353268981417 0.016702301612258302 2.141443082939225 -3.616587185500197 -0.03126111504875266 -0.004787819563696448
0.092417066092427 0.42075832503896554 0.8964527562222429 -1 -3.340088022239199 -0.6657959901681053 0.0003551603879289961 -0.019653751415419703 -4.04307269817743 -1.6786097434231708 -0.0010893335181360328 -0.014671113757652138 -0.2600714522428573 -1.7231978990053127 -0.01042444152212655 -0.0221801786676715 -0.6588417614593585 -2.7952146800187876 -0.004413228087507822 -0.024110988304148626 2.1350961260693726 -2.4864669670109905 -0.018496227029024852 -0.010685794133129856 2.0420393790565843 -3.584497885384647 -0.007404075677225097 0.02670973966241031
0.0033151902096958843 0.33728170953142267 0.9652835770773528 -1 -3.3789779365640635 -0.7244407079037312 -0.01411008373763631 -0.00278765956831643 -4.095875630506236 -1.7218788280900994 -0.02347321858910701 -0.002308497823481019 -0.3644657233484976 -1.7968204959516951 -0.002044957980848022 -0.016175090405673637 -0.7165185080688636 -2.8986577631996964 0.00728822562280302 -0.02648518260522119 2.0329690790444 -2.451935915066514 -0.008491378021490043 -0.008519770625913733 1.9997332434294588 -3.56176361556436 0.007667279979695532 0.023722302461882956
0.08870844479537139 0.2569122897436009 1.014306503205275 1 -3.377341125242193 -0.8083969564217562 0.0108023492443271 -0.03014500908868535 -4.164729887184698 -1.7181742326278298 -0.0020841988669440363 -0.0009059986978902576 -0.4240047554135673 -1.8706616582703885 -0.027034124689607333 -0.014400010323570106 -0.7373366987274141 -2.992615225840468 -0.02170774079861547 -0.009930042032280699 1.9592636511919945 -2.4287118446441665 0.02426331205644565 0.001251184199849974 2.002829028810221 -3.5457402739759885 0.033518314349361034 0.006867523845060211
0.18733075861876278 0.17492617967479288 0.9003775849314155 1 -3.372699287157432 -0.8874929556948691 0.013605168259024728 -0.024552017424604496 -4.234656172929394 -1.7011792352115447 -0.006762163786808236 -0.010164797008493372 -0.4460500901349107 -1.9748830080186064 0.01638542095776686 -0.028477537937041022 -0.7512137075902348 -3.0882620815041237 0.01830084920152658 -0.027801408634181887 1.9344757557832608 -2.4333872357996587 0.0012488737191787853 -0.011052999782944462 2.034504035804427 -3.5438435890464324 0.009497413910074972 0.008804231735818674
0.29312832750128776 0.09359122371055875 0.7774595802917069 1 -3.3890541838019193 -0.9489991822095483 0.001739652017773444 -0.021483762820817584 -4.278089726771841 -1.7000881881034737 0.0016996205129770335 -0.007728177547085321 -0.48194835127472935 -2.108267203653506 0.012533395339073208 -0.03108068388422549 -0.7554098126217492 -3.206324328785425 0.022150629588408337 -0.03431634007048974 1.9417947853120898 -2.4547669007239525 0.003765432723051708 -0.01403638234169278 2.0958740215753693 -3.550646115377758 0.014086371771549007 0.0120845097658018
0.4096586370208246 0.01632414904485229 0.36953515621899236 1 -3.5475226243062945 -1.0802654777251048 -0.0413221676596973 -0.03870985168695281 -4.38267292197842 -1.8129230802226641 -0.037224437654071574 -0.027925010591356558 -0.5420554513795621 -2.292887831637488 -0.02377883910548914 -0.045771915469024954 -0.7302255568652187 -3.3567655780710255 -0.006060827053211169 -0.023647517455949493 2.113163449965734 -2.639535131897137 0.043802979931358434 -0.058124645341618694 2.2679734336033164 -3.621749658313627 0.050440230013744425 -0.016691415535902372
3.2629428 2.5502622 0.07088256 1.0326092 3.51954 13.450192 5.8477707 3.005274 2.2314801 1.1156635 6.4774194 1.6500046 2.628117 1.339628 1.4452688 7.5365133
2.8979194 2.4536502 -0.2926824 1.1381855 3.548599 13.3206005 6.0489793 2.0042515 2.2909007 1.1009493 7.0343776 2.1907759 2.5703793 1.3544798 1.4779971 7.848167
2.717824 2.3155897 -0.42320204 1.2009667 3.4829724 13.238306 6.115493 1.5533237 2.2509146 1.0920846 7.2636185 2.4665678 2.521322 1.3577433 1.5039124 7.9086895
2.8548596 2.2712917 -0.4088316 1.180172 3.452865 13.114468 6.123627 1.4652131 2.2772858 1.0938566 7.260844 2.4816597 2.565254 1.366091 1.4922478 7.9359236
3.168581 2.120124 -0.5315523 1.1303092 3.6798275 12.998501 6.5280943 1.6300968 2.740097 1.1322116 7.3729415 2.4511168 2.7305598 1.4427043 1.4517319 8.51318
2.8350043 2.1365848 -0.7975366 1.1793942 4.13265 13.37204 7.0115767 2.0808063 3.1897736 1.1788188 7.4985623 2.3724136 2.7484875 1.5040565 1.4621055 9.2648735
1.3043432 0.77023125 -0.70393276 1.2465342 4.1881847 14.941607 9.519593 1.330987 5.0434136 1.2576569 9.333771 1.9586709 2.370582 1.5588949 1.4892497 9.984616
1.0077724 0.37694025 -0.8083737 1.2882481 4.3618364 15.789633 10.07541 0.96645427 5.64439 1.2713442 9.255201 1.9017866 2.1545784 1.585192 1.501965 10.101704
1.7544131 0.42351246 -0.9026445 1.2044065 4.2562633 14.747437 9.191375 0.981652 5.19932 1.2379818 9.66632 2.157858 2.4672945 1.589485 1.449141 9.832747
2.2300446 -0.14039898 -0.9962306 1.13683 3.9910095 14.3121605 9.097309 0.2874663 5.3874717 1.204529 10.448471 2.480194 2.5150423 1.615254 1.3910106 9.862444
2.5740414 -0.7385454 -0.5752764 0.6442293 2.445496 12.372101 6.7950187 -1.1160975 3.6694605 0.89177537 13.073994 3.2425246 1.7581062 1.4374511 1.0906235 10.732405
2.145523 -0.72675467 -0.46954036 0.6385665 2.1585712 12.728602 6.420815 -1.2124918 3.2960696 0.8549259 12.769485 3.1697688 1.58311 1.3786542 1.0978948 10.659872
1.98143 -0.9879265 -0.68095267 0.5390543 2.0799387 12.461002 5.6397624 -1.5818598 2.990462 0.82472587 13.4320545 3.0141797 1.4242506 1.323168 1.039211 11.165842
1.6421537 -1.6387577 -1.2406831 0.47077048 1.8256416 11.968799 3.5881958 -2.284647 2.2963347 0.827325 13.777943 2.495348 1.4818575 1.2066417 1.0237571 11.4398575
5
5
5
5
5
5
5
5
5
5
5
5
10
10
