5
1.5379304410341847 1.4447082317303073 0.3605551275463989 1 -3.4299999999999997 -0.06999999999999995 0.0 0.0 -3.5 -1.07 0.0 0.0 0.5599999999999996 -0.36 0.0 0.0 0.4900000000000002 -1.3599999999999999 0.0 0.0 3.5500000000000007 -0.5700000000000001 0.0 0.0 3.4800000000000004 -1.5699999999999998 0.0 0.0
1.393944363693565 1.1296393776367886 0.37583005262613894 1 -3.454178287942743 -0.046705010808853475 -0.0033638446395977107 0.01369481861968999 -3.426591301809861 -1.0759250458472913 0.03757496385053018 0.0006312894964620609 0.5593508381742449 -0.35845486597515364 -0.000614844847926587 -0.004764176055858068 0.4920405826312759 -1.3599793027414369 0.0005921518246724345 0.005409433859293638 3.5270076843857527 -0.5551149684196462 -0.012180387780422044 0.0006524862237487061 3.4278881509357033 -1.5804585642846107 -0.026663834337995723 0.003069736987529768
1.0922650938308842 0.6259273589664015 0.4759127539705788 1 -3.4921254397895822 0.028188058934363935 -0.003362881962441146 0.010872526739156663 -3.3011006365371083 -1.0056628757313666 0.01152950618994187 0.026340938228306424 0.5451549583521942 -0.34019145831919384 -0.006173743625592259 0.0022517620307021605 0.473176736846308 -1.3698095629218383 -0.007865686167166708 0.0007531461823525841 3.4313274241999885 -0.4949748624802902 -0.026985847363650298 0.011678103263107769 3.2464389932208437 -1.569471727399474 -0.03770011309603826 0.014600139196148765
0.7887274515670348 0.2262541186644823 0.17614992536581817 1 -3.4944814018686454 0.07984320572940362 0.005309640807356882 0.003082073034051395 -3.3270576638035205 -0.9129766912617365 -0.012529861010764538 0.013543148874300477 0.48974623467981804 -0.29914828660537685 -0.016856591018272728 0.00706176962330201 0.4067369201130635 -1.380609593961123 -0.017911111824665756 0.0023476945244518804 3.269309029124762 -0.3942895687454172 -0.0355722557549271 0.01730757221676342 3.0830926682004325 -1.4904959076785451 -0.029212295914039187 0.02136707712293895
0.6104205006344625 0.00019010381251800956 0.17677281988233023 1 -3.477040557545479 0.1072423936885385 0.0032474045672717645 0.004904195022435854 -3.4100068639681362 -0.9007273283192664 -0.011957738684775097 -0.0009517796580998713 0.3767425729033178 -0.25453769714103625 -0.027974566915842748 0.007563387406603016 0.2902911795987855 -1.362723401324381 -0.028722770023318054 0.007228549725717182 3.0973169098993667 -0.30168449267524655 -0.030910886849884668 0.008722970779110086 2.9179141445791634 -1.414765097215655 -0.03726635282297958 0.014509999362578291
0.7680001 0.29118586 0.7765858 1.1668674 0.6852374 15.691024 3.3471076 0.7551198 1.759088 0.7398517 5.5510006 1.5859848 2.3704808 0.8487507 1.6678078 4.264311
0.5158129 0.018845558 0.5083282 1.1956226 0.8627205 15.718688 3.722144 0.24253011 1.9458511 0.76048636 6.223838 1.9587731 2.317625 0.87636197 1.661722 4.9802365
0.31131887 -0.16901779 0.39581823 1.2004498 0.9591074 15.825547 3.8901794 0.20702577 2.006966 0.74954987 6.872304 2.0964832 2.240743 0.8731148 1.6513118 5.2753363
0.70146227 -1.9489408 -1.0232174 0.97050357 1.4131112 14.646462 1.8695447 -1.7904477 1.8907169 0.9045129 10.756251 1.8024658 2.257424 1.035053 1.2756262 8.18239
1.956547 -3.1601033 -1.6467955 0.77294886 3.0559094 16.2947 5.390503 -3.0691822 4.997623 1.0763347 13.480195 2.1663735 1.7909771 1.5648471 1.2492698 10.975697
5
5
5
5
12
