14
1.7501930291209917 1.6812335904974511 1.2808200498118383 -1 -3.21 -0.42000000000000004 0.0 0.0 -3.56 -1.35 0.0 0.0 0.5300000000000002 -1.8399999999999999 0.0 0.0 0.17999999999999972 -2.77 0.0 0.0 3.33 -2.9 0.0 0.0 2.9800000000000004 -3.84 0.0 0.0
1.707460261199377 1.545848169157352 1.2338742582628388 -1 -3.1385629813900784 -0.44492180177064966 0.03450126815638874 -0.01548997865750159 -3.5963800546051377 -1.3596537124135915 -0.010104048689549578 -0.011404114367274856 0.5339600630897339 -1.8399233520732423 -0.0013565299402851804 -0.005036542297234707 0.17680978887998489 -2.7702757420928426 0.001030739310629412 0.005065253995829829 3.2892533237362507 -2.8707462770457504 -0.02447003071740929 0.007960719690126497 2.95126597086586 -3.8439865489493004 -0.011833593066352531 0.0042342669322949205
1.3467520187627624 1.256854881640118 1.2950302629289194 -1 -3.0492108548802728 -0.5601146805555642 0.001300617460695039 -0.0281997311653007 -3.6630232340062947 -1.4135471507149102 -0.007215210877472817 -0.011854640731718588 0.5234913661724834 -1.8219321065314262 -0.0071652321306443145 0.0030191160915758117 0.15560799929869162 -2.778265660740136 -0.006586556677673603 0.0012266865925861271 3.12174459660121 -2.806279524898974 -0.040088339520535185 0.0025566133397204715 2.837111296883487 -3.8585856220765464 -0.029107624217729354 0.00040703755616892587
0.9532819078394703 0.9853585803850403 1.1136191560779978 -1 -3.113037373007547 -0.6370037834000523 -0.02258507168651746 -0.009174136646140106 -3.6852327459241794 -1.4583282536819913 0.0033216304437121242 0.002830631549973355 0.4692865691783359 -1.7810112021893372 -0.017464000168082333 0.006243806607781861 0.09001670982249976 -2.7900057870688038 -0.017937311707479746 0.0010331628776313172 2.93775502302931 -2.8090720132711438 -0.03577975457380351 -0.0069336114050550166 2.648744300293129 -3.8824272028435547 -0.03911380362394733 -0.0011211930537646554
0.7392661394993797 0.8553710031249068 0.9747222421890407 -1 -3.194834902835831 -0.6154971480906054 -0.021706675128143876 0.0038692893683414855 -3.680244295691351 -1.4912584657800758 -0.0015954967013774093 0.0063027197233270285 0.3558593311677054 -1.745986401949379 -0.029440315062679454 0.005667879011546917 -0.027610591096891568 -2.782723443741724 -0.028148250483322833 0.004894975743467769 2.7545380285309236 -2.8085066870023585 -0.039760767147580645 0.0023883125798887985 2.454632739745305 -3.894846597520592 -0.031695531460398 0.004904850424864158
0.5715411666396062 0.761431548436671 0.9197476108139021 -1 -3.2372914434505304 -0.5902804325979872 0.0006846747590895136 0.0009910692795944195 -3.729483690717297 -1.5218625018397052 -0.017042381248532086 -0.011693995681558749 0.18954608865370748 -1.7100818907203603 -0.022553266035066636 0.00501637715860121 -0.18824556786550062 -2.758677862658976 -0.022876106182197382 -0.002125696525571907 2.5504066612864857 -2.757804966181239 -0.02134841625997811 0.013248410975945724 2.3230380711574456 -3.8619595392633763 -0.0067127346947850434 0.004711085299925619
0.3993828750775616 0.6479169208318455 0.900137979474571 -1 -3.2467477581127575 -0.6092605658658645 -0.0037195022218531144 -0.02006218338634689 -3.852223729443858 -1.5638671877891361 -0.01661195865705546 0.001390367199531846 0.013871155413365699 -1.6913539575732175 -0.019386249828211768 -0.002808169538501556 -0.3766176538413406 -2.7445682652594847 -0.02681918986071831 -0.00836231993867299 2.3652550016656653 -2.6964005257582335 -0.04037431142866141 -0.004185872621486949 2.220157426099658 -3.7914299541931644 -0.02138175935413067 0.034820303364704305
0.2762606895023681 0.5486600518233051 0.9273758431665048 -1 -3.278457348056035 -0.6436216503525298 -0.0036451183306754568 -0.01517464186606282 -3.98044193248327 -1.6195707970244753 -0.012764002452167383 -0.014351172767220456 -0.13156346102075744 -1.7323959869572356 -0.047613176370520045 -0.0066881957863545154 -0.5582552803194818 -2.7777147858861397 -0.05378097005992322 -0.0027286839505840637 2.2273932782358905 -2.6485193230983497 0.005480444941724536 0.006114440558549443 2.110689773748967 -3.7377228436925223 0.0035973792965885293 0.004734303278264459
0.17426626106876722 0.4638097326296006 0.9675647853616927 -1 -3.333444376115645 -0.6841958057047997 -0.02896139419074839 0.0034570837649532653 -4.054291221047655 -1.6820754254582653 -0.023591116201668382 -0.00020104259476512974 -0.2585237668844691 -1.8118023283387776 -0.01914253417540146 -0.03243509151083279 -0.6850815720307195 -2.86521374631187 -0.0031410054834178167 -0.01227053271098777 2.1173790059695135 -2.611581039686235 -0.04077670179301764 0.007608337789749833 2.0192702011736996 -3.70895699210509 -0.030743639199520584 0.006798014425928679
0.07598442217633421 0.38464089868099227 1.015468140313077 -1 -3.373138191374778 -0.7451693614776842 -0.016409364694584882 -0.004186143887520534 -4.100282290159299 -1.723477878994371 -0.021655837213228654 0.003792147302332847 -0.3600254363701021 -1.8844312516328041 -0.028654995477890355 -0.011496498438845683 -0.7396505035220837 -2.9765215936117686 -0.016758396421957995 -0.015814946807183324 2.0172874172314206 -2.5760466648385956 -0.03863069060908285 0.007814911365109832 1.973569043968899 -3.6851369219895656 -0.021393237786351518 0.0043837858491719735
0.01021553922450105 0.3048917980555409 1.076498297096541 -1 -3.368358204228854 -0.8273203566624526 0.01070098259607049 -0.024831696786907005 -4.164831661078005 -1.7166377068582244 -0.006229334062214252 -0.001923780598379981 -0.41310012675607855 -1.9606496872955947 0.007374650956145456 -0.02205005835340241 -0.7564650111976334 -3.0731269600240916 0.01073780423157924 -0.021243030527623212 1.9433679305811937 -2.5480457466979805 -0.03445918158154998 0.004295064187685088 1.9737085940305192 -3.6672176330040895 -0.017704828579904595 -0.0019365344833023228
0.10960876186207891 0.22928108798762703 1.035835283543333 1 -3.361850703219541 -0.9023172588437427 -0.014744283402731213 0.0001316730065132254 -4.230108156880577 -1.6962857153889939 -0.019397618080627965 0.015452517575054309 -0.443311932712664 -2.064051917969323 -0.006177262752573217 -0.030322850350814723 -0.7777643093648803 -3.164920373208962 -0.00012599636926145102 -0.014864289484075163 1.9181712560157713 -2.550599187949183 -0.0220762209218638 -0.010085211414849346 2.0053895413512883 -3.664054006907187 -0.0093859130072395 0.0040055882773478895
0.21104875045810845 0.15200681409388944 0.9049156295371689 1 -3.3781274052583377 -0.9598318927761039 -0.0023575023565301032 -0.01742035724835514 -4.270560198085352 -1.6955234004290778 0.00022399876344019636 -0.004982908647129983 -0.4828547231419975 -2.193497527198164 -0.01997167346819164 -0.021740930682973458 -0.7860658453333671 -3.283701462388258 -0.010951746326530763 -0.026814954697281415 1.9177948772480065 -2.571511773806555 -0.024707509251409222 -0.006855282909481792 2.062018828832966 -3.669350184629897 -0.006685375158626227 -0.005008850697703281
0.3202392341872668 0.07458078164683644 0.5068531200202692 1 -3.536983816543869 -1.0821763786047949 -0.034124799567273545 -0.03522007078335324 -4.373011642755925 -1.8114169161977673 -0.0420482987165382 -0.03370888792162639 -0.5464208280402381 -2.3787276527910626 0.007090653723444508 -0.05482687004668838 -0.7643412962727814 -3.4374459326193305 0.024522262307858814 -0.028847832258327478 2.08786100521701 -2.75025864301846 0.06933719546125819 -0.04035248334661289 2.23481997882055 -3.7401237360204775 0.07320720547765859 -0.029417998299653247
3.7832897 2.4574354 -0.06608939 1.0486788 3.607721 12.912877 5.7139606 2.8933647 2.2270463 1.1741191 5.6219983 1.6422734 3.0572948 1.3584726 1.5060489 6.94443
3.4666586 2.2113862 -0.43484473 1.1298599 3.7095928 12.7350855 6.1799607 1.977188 2.4559686 1.1484532 6.486158 2.20385 3.0180116 1.3963747 1.5270671 7.3798537
3.2609427 1.9272122 -0.61911273 1.1731308 3.7006173 12.661451 6.397583 1.5519127 2.5857525 1.1327088 7.0724 2.466132 2.9792433 1.41247 1.5356718 7.612412
3.3827903 1.8357744 -0.6141951 1.1504638 3.6937788 12.593452 6.466644 1.5479636 2.6918485 1.1434473 7.183655 2.4567418 3.0334802 1.4285786 1.5286778 7.6836967
3.1273332 1.9241931 -0.8183532 1.1519204 4.065656 12.805746 6.7052245 1.8484658 2.806501 1.164537 7.259891 2.4032092 3.0133715 1.4555908 1.4876914 8.3971405
2.5291624 2.2409468 -1.010339 1.2349942 4.5757437 13.231736 7.0540333 2.2552755 2.7781072 1.1673088 7.3782535 2.3841248 2.8525538 1.4474416 1.4826258 9.016127
2.2031496 2.2601368 -1.0288825 1.2599685 4.460207 13.705191 7.4988914 2.5056891 3.2420535 1.1764785 7.9582663 2.2444997 2.8598685 1.4271824 1.4888456 9.204064
1.3071604 1.5660157 -0.9171016 1.2274144 4.185979 14.331989 8.59541 2.2812886 4.092253 1.1697263 9.686159 1.9407934 2.814337 1.3994625 1.5178752 9.381595
1.0698853 1.0618973 -0.9297385 1.2464398 4.300084 14.780848 8.930353 1.7426672 4.4454565 1.1860667 9.51039 1.9268906 2.632598 1.4474039 1.5852683 9.392483
1.7262139 0.6008313 -0.9598603 1.1682546 4.0717883 13.97584 8.5563345 1.1864694 4.40989 1.1606513 10.069836 2.2518945 2.7550457 1.4879978 1.5404866 9.264619
3.114513 -0.6362386 -0.9910433 0.80882955 2.9152908 12.275154 7.401526 -0.64830065 4.1830654 0.99537694 12.525089 3.2591136 2.5826845 1.5155926 1.2733948 9.7473135
2.3151894 -0.6901636 -0.7958503 0.63607943 2.433862 12.727811 6.9121256 -0.98891044 3.800187 0.8521246 13.416721 3.3077579 1.7767236 1.3970988 1.109936 10.690912
2.0271516 -0.7836056 -0.7718904 0.5669689 2.3069255 12.812907 6.5659633 -1.2306561 3.5471108 0.8009137 13.593206 3.297217 1.490566 1.3566968 1.0446427 11.019047
2.055974 -1.065865 -1.0950224 0.568892 2.294666 12.375548 5.495666 -1.6781423 3.263421 0.8052217 14.002152 2.9724822 1.6425507 1.3067222 0.9508805 11.128894
5
5
5
5
5
5
5
5
5
5
5
5
10
10
