10
1.565951253630772 1.5607966601082315 0.94 1 -3.49 -0.010000000000000009 0.0 0.0 -3.5 -1.01 0.0 0.0 0.5099999999999998 -0.040000000000000036 0.0 0.0 0.5 -1.04 0.0 0.0 3.51 -0.06000000000000005 0.0 0.0 3.5 -1.06 0.0 0.0
1.4364420519359364 1.4757207647850974 0.9187005830854738 1 -3.517453088694022 0.014441783397012076 -0.004851654470408134 0.01439391724021826 -3.4242749848401624 -1.0083762933615619 0.037853286717551 0.003677586912298981 0.5094051538915902 -0.03740347880155481 -0.00022857492701798765 -0.004481578026060419 0.5016755272215176 -1.0369737832881285 0.00030580423616999384 0.006074840376245805 3.4833039531382077 -0.041739370292651956 -0.01284014939432959 0.001462948792300441 3.4521150020636604 -1.070763704486878 -0.026315341856574886 0.0021427685075921347
1.1504296160869367 1.0830729635896958 0.9737730964123282 1 -3.5623781959732024 0.09034226088513897 -0.004221289616613505 0.01083290838501336 -3.302905975330765 -0.9289884145018086 0.009648247130736004 0.026932724085663228 0.4938850055465718 -0.020100454888897556 -0.006257466518367498 0.0013294037938722091 0.4837114436547223 -1.0481575275456754 -0.007723721514680739 -0.00028942599714572477 3.382991223853236 0.017492818312774494 -0.027783256569221933 0.010639170692600428 3.270872897673735 -1.0674206682480811 -0.03894948890642707 0.012508393726395657
0.8697097412169447 0.6802984838383492 0.742210974662913 1 -3.567436223514791 0.14048178257970712 0.005401086205567381 0.002960007737939835 -3.335589622607526 -0.839251509365776 -0.0135240957894174 0.012494993671691452 0.43587815896260906 0.013568355175675784 -0.01712130361433491 0.005142337447039522 0.41801235332503417 -1.0671466054828835 -0.01803408038124063 0.0005415984829482724 3.215386370920908 0.10796367292502596 -0.03667698470166731 0.014966784603454065 3.1010317190771275 -0.9985305674997625 -0.031071257717450486 0.019100270431637437
0.7253592248668475 0.45607110329038375 0.6572989147677895 1 -3.5505824453322976 0.1673167441313761 0.003076393316969131 0.005024749655800249 -3.4197133940364726 -0.8330820006080377 -0.011962332955937578 -0.0017500425665033358 0.32047438635809744 0.04853996355454537 -0.028202945988081863 0.005732688070591067 0.29941832501552224 -1.0582493419132335 -0.029256774202576115 0.005438060658944671 3.0380041939459064 0.18748087874611863 -0.031547157118725994 0.006570334960379778 2.9294255877009574 -0.9349604593648702 -0.03857706554291924 0.011637593941448289
0.6209014049852875 0.30231973376669 0.6848469112221302 1 -3.584250476909021 0.21175778148901858 -0.009270865594398249 0.0126314857258801 -3.4660269772805528 -0.8424708448841114 0.002386700531607647 0.0024338484995459738 0.15786252400319256 0.08463802270334742 -0.057182700422351004 0.011244587429758925 0.12789330341841865 -1.0304865202597022 -0.05747932574512604 0.004960056866940707 2.9020114446072878 0.20376081833583837 -2.38463147738191e-05 -0.006240437036715597 2.715881196429409 -0.9102967336738343 -0.015355323116928967 -0.004966502878787192
0.49606935542167435 0.14605734604418827 0.7546383148277487 1 -3.6839142031853243 0.29431943755881096 -0.03019809555927877 0.021408640696558314 -3.4674493771164934 -0.8207959015955991 -0.008006744127627516 0.0026057971556161102 -0.02319133374610871 0.139877900458659 -0.02243443231637158 -0.005106693729569355 -0.04400137048005437 -0.9833121093529483 -0.017954147118812932 0.03291360986225136 2.7785064369376213 0.1767519988131352 -0.04986286983248037 -0.0017679105543289032 2.5162663894935413 -0.90205807794543 -0.06168266034327398 0.011167054828113625
0.3910094437563947 0.03463872084602634 0.8574236532414532 1 -3.780772773573445 0.3937831939576053 -0.004898831189535836 0.021560737389912998 -3.4831029613575053 -0.7728528940822408 0.005673679202279058 0.014692101775581085 -0.17682504175379776 0.23872243845893637 -0.007757059258510468 0.021792076282228765 -0.16072443324194285 -0.8975272295928622 -0.0030193078411453068 0.024258186928231305 2.652849306126857 0.16705510193854822 -0.044594468597068476 0.006633250545866719 2.369209545199289 -0.8936182424217128 -0.04965229643268811 0.008406469907796983
0.30058082383358076 0.05564421789955932 0.9644599207114488 1 -3.8259009250106986 0.4783341304102917 0.0049026665699502675 0.009966996360110133 -3.517179791188309 -0.713266583353505 0.006047136883083563 0.020601291937227234 -0.26277692339230274 0.3658453639776471 -0.02434917511531351 0.027505871717383716 -0.24915072884710554 -0.7822053675086302 -0.03186042900168835 0.02102843523181855 2.5514159290192104 0.17223498261428527 -0.03603869900862989 -0.0003571478849803463 2.2493351775828794 -0.8903844222531139 -0.04415547934917406 0.011685688599878466
0.20598557919578867 0.14995250658314463 0.5234470919074723 1 -3.8655042738626593 0.6612057841719021 -0.031210267535916658 0.0327185955989851 -3.5828518507569553 -0.49264712373905006 -0.0412432666304746 0.07118961244929745 -0.25284364553010263 0.47344506105216344 0.010639879848455599 0.026591257911412043 -0.28269636546493526 -0.6612899258659335 0.010889407455476653 0.01395505420603185 2.615442714444586 0.21659570941053907 0.05582522647412157 0.02054948699891632 2.3435459191530104 -0.7660383758587425 0.051009529324170876 0.026577578324592142
0.46326637 0.6485605 0.6427883 1.28129 0.9948673 14.057721 2.4297667 1.6013225 0.78135914 0.8816196 4.9337206 1.0596685 1.8832003 0.73007715 1.1832259 3.4809709
0.36044836 0.54705477 0.61054134 1.2601409 0.9677434 14.098736 2.4122882 1.4234385 0.83512896 0.873898 5.0646176 1.0897465 1.8567239 0.7306099 1.1703376 3.6477985
0.35751867 0.479064 0.6531266 1.2420911 0.88261986 14.143291 2.3207145 1.5593064 0.82086384 0.8637459 5.0037575 1.0215238 1.8225061 0.72497404 1.1610005 3.645163
0.4614253 0.6103816 0.83552593 1.1266587 0.6629443 14.415825 1.6664383 1.9529713 0.74752027 0.79594266 4.894017 0.5233914 1.8586167 0.6539087 1.0999937 3.1070466
0.26753235 1.0646544 0.9248767 0.98033726 0.55744934 14.645374 0.8602035 1.2506208 0.56454027 0.6757233 5.1955976 0.31782496 1.7273216 0.5453291 1.0060549 3.0692453
-0.95940256 0.019175053 0.31173983 0.9936042 0.74219275 14.36715 1.2098209 -0.5243292 0.5883168 0.66057813 6.995267 1.306686 1.1518044 0.6037775 0.95487905 5.421519
-1.5862384 -1.137135 -0.18217373 0.7714236 0.44774723 13.187189 -2.2631664 -1.5680304 -0.6970578 0.514166 8.013051 0.4204316 0.89897156 0.5160463 0.655017 6.842823
-1.0545726 -1.588408 -0.25865096 0.4567201 0.7790041 12.535212 -1.5895238 -2.1605587 -0.2733317 0.37499 10.736254 0.90559554 0.388534 0.59906673 0.3788221 9.233521
-0.35045862 -1.7654586 -0.25886673 0.26713657 1.1390638 12.025058 -0.77002466 -2.4196162 0.22493356 0.3258816 12.444544 1.2280617 0.2508576 0.6926521 0.21971822 10.59948
0.6480899 -1.757113 4.577572 0.44694185 2.615085 11.981891 2.7398744 -1.1228435 -0.27724278 0.55264235 11.73411 1.2622218 -1.1395206 0.8232064 0.6344527 13.075254
5
5
5
5
5
5
5
5
10
10
