27
1.6539005962556623 1.693241711950575 2.6143067914841214 1 -3.7 0.15999999999999992 0.0 0.0 -3.52 -0.8200000000000001 0.0 0.0 0.2400000000000002 0.8799999999999999 0.0 0.0 0.41999999999999993 -0.09999999999999998 0.0 0.0 3.1900000000000004 1.42 0.0 0.0 3.37 0.42999999999999994 0.0 0.0
1.5354674335736078 1.699145088600127 2.5719645947205056 1 -3.7294411411128263 0.174911897762559 -0.01265234367720956 0.0014246639337314147 -3.4487591859650513 -0.8078683966903017 0.027340297452553765 0.013995147721151884 0.24007469073301824 0.8796325686912931 0.00099196581286086 -0.005346081091429282 0.42339446142338044 -0.10271578931939773 -0.00031908581252520054 0.004475845985218644 3.160804650233601 1.431896467404517 -0.012562378920431652 -0.0012502808850333204 3.3231574581197867 0.40714687516124703 -0.026698724483719412 -0.003500614387721533
1.2648753173290825 1.4447837177458833 2.620935676033555 1 -3.7838351283776896 0.23799999654838855 -0.006055774488626654 0.008712292428895853 -3.3437935627097666 -0.711244311446218 0.004088883950576618 0.028412603292139738 0.22348829112595148 0.8902854078299645 -0.006412117140304318 0.00019902038555318947 0.40914080341830683 -0.1204150813624767 -0.007660045629905958 -0.0019182444350836856 3.0523866995439812 1.4709051931348296 -0.028910360523707525 0.0056146248035843 3.1425540961221037 0.3762062593616877 -0.04044819124872893 0.00530583150362717
1.013324008749226 1.127036850021601 2.4296721959622984 1 -3.7986854558603937 0.28752278629523076 0.004406691644255377 0.00445908333270773 -3.3920919332674964 -0.6271872797295184 -0.01543571487225778 0.010517948101135162 0.15921206547111577 0.9139393028401668 -0.01844936835791046 0.0024980766985857675 0.3478086512957139 -0.14961794911391735 -0.017864392635233393 -0.0026856151543481546 2.8713261158861068 1.5306083798857744 -0.038769633465946654 0.008394062435639579 2.963239929895347 0.4149289109302312 -0.033797063187788565 0.013479901229705056
0.9083928740957607 0.991098630478109 2.308072920529591 1 -3.7891337916267727 0.3193171132121171 0.0018939555285476905 0.0055163711052874514 -3.4749432743927327 -0.6342456400476775 -0.011240372815642554 -0.0036183601286287614 0.03697753856640329 0.9277630242453978 -0.02928692716969474 0.0005128720044176374 0.2316052500148631 -0.1618814928750386 -0.029235406051983638 -0.00035511825345060054 2.6827091336782765 1.577595099296111 -0.03209957903981724 0.000821835186938789 2.783871385873212 0.447753271530525 -0.039925546601762105 0.004545617351459599
0.8399418790989074 0.8872866608647452 2.2481390794370864 1 -3.8303323441006447 0.3557913738483547 -0.012788631436129034 0.013338448498067808 -3.5186865690144273 -0.653604582432227 0.0018126186962560348 -0.0006701809678504814 -0.12880075868631113 0.9322278703820606 -0.05188901991780637 0.0003379615618521129 0.06124100271991839 -0.16637099050994386 -0.0516616461272522 -0.00414950622357088 2.547511520926469 1.5686998216174737 -0.002624391710799705 -0.006316591650255695 2.569439905084388 0.4333218519720241 -0.019333735174208617 -0.007346456730732554
0.7441407126987916 0.7426429814215655 2.1917126859297213 1 -3.9387699774420093 0.4165999148534696 -0.017573263953363144 0.01226543964985731 -3.5228632512325895 -0.6364497819848127 0.004650462651123928 0.013441142418591252 -0.3170349110601851 0.9532173841236287 -0.056433557996790576 0.007451664590049382 -0.11792314280560401 -0.15113242470579868 -0.04830771887139592 0.0025959391643665657 2.43707285155992 1.5218350710323216 -0.010459048616018644 -0.009497157344914239 2.3774718122390963 0.40578468056595196 -0.01844844603269452 -0.006306506869613475
0.6650068254822632 0.6403606306231887 2.159100659784179 1 -4.051784791992964 0.4956003230430057 -0.007608505152789276 0.014866272465929423 -3.5479889959525686 -0.5962955074649186 0.00025258939339092845 0.0183498082609316 -0.48578548854077575 1.0218118602066233 -0.013230571543165114 0.01974047229688586 -0.2509212091884585 -0.08356759221569654 -0.008923125054056437 0.02309842497088269 2.316944894040515 1.4879895240483472 0.0011875979189455467 -0.009102657086543117 2.232822311441785 0.38802220061736437 0.0033443596220152187 -0.004066664059278566
0.6023149015713313 0.5616912176982765 2.1363060135327645 1 -4.1126604827800115 0.5694951077740684 0.0009954983272776122 0.01566495832452442 -3.5924988331480723 -0.5456413530879624 0.004438305218766432 0.018035705690823547 -0.5993432318691339 1.13099020653448 -0.025622258311208315 0.022168188614781974 -0.3614012547349086 0.013184455399851247 -0.03114180564827125 0.016215386794563084 2.2195220227247665 1.474337136804205 -0.033620734511878886 -0.006058719171130388 2.1173553921830015 0.3722436004354899 -0.043661856560168855 0.003704334339134273
0.5366179463216815 0.476213342887538 2.1168811331971193 1 -4.158898868446474 0.6115228654423246 -0.014753934199802686 0.0018231517152372404 -3.615734014942762 -0.4841516092522362 -0.00863577607383275 0.011119218910388319 -0.6354599091107191 1.2447213118063898 -0.009752247091824906 0.016083052882190807 -0.44836391997580805 0.10172756416868656 -0.02294500713275847 0.01839506731274982 2.172965856065863 1.4584688642794137 0.019975765620074568 -0.0023509249656728636 2.012405389644795 0.35480747799016665 0.00790438845017808 -0.011977969562028297
0.4675241702509538 0.39545188958638766 2.1083125240591514 1 -4.222079613148942 0.6200213849763772 -0.02646073891558151 -0.00537831093789168 -3.600434209858951 -0.40435292290481284 -0.007911464092730632 0.006229136238488066 -0.6321753217103367 1.3414684599562698 -0.0028573925757917618 0.01156613242844336 -0.4852717991944022 0.1868281752223515 -0.008531064779470354 0.022964263095612034 2.1710611322627296 1.4433363705003903 0.015844468661658444 -0.018072263520672836 1.9337840141386922 0.3443242188204054 0.008160151187453087 0.005386905795040021
0.39651935745439054 0.3092585716812985 2.0789539846584497 1 -4.2860687574042675 0.6392448060325044 -0.007167494649831839 0.008090794027909505 -3.6170094184023114 -0.3196317158868559 -0.012625264172138852 0.014158331991292745 -0.6687200823726736 1.4305167063062294 -0.007868432662159119 0.017216517496021724 -0.3848550929623409 0.31078121409631576 0.02628564017053688 0.0295601823088798 2.2130653652007988 1.4442192052524132 0.02989704819242331 -0.014775481581128964 1.9208006791920553 0.3475607232653115 0.029187891535867417 0.0040021207214196355
0.32299950253432036 0.20873669342977622 2.0147611227595372 1 -4.297136692056147 0.6506355697857258 0.002001363742422076 0.0007720561772386614 -3.622382291335343 -0.2671493593048413 0.0258967534798422 0.02098277076157989 -0.6110677042067651 1.548997490611097 0.0359970560242793 0.028965602104385743 -0.40808447175430285 0.4423751484030818 -0.005671640899240082 0.028640741167757385 2.299821817738695 1.4544867026826829 0.03168916700062104 0.012736572422188674 1.960757649249043 0.37692101541775513 0.011372595886050569 -0.0034596790367552883
0.26062311561686613 0.12189172882987302 1.9767137608316205 1 -4.35117691539557 0.6082719529885479 -0.01877299856149276 -0.012296545125852681 -3.5563299412330567 -0.1923407723620535 -0.0052448903770476755 0.0032904267675840475 -0.5192307831471163 1.6866836162841672 0.0024108357914339584 0.02962673950937438 -0.49629713101482853 0.5776050883621355 -0.020636685811639178 0.026058167898026133 2.413286361210422 1.4359805694485308 0.031645419680990335 0.006083138184670996 1.9675778885041888 0.4305732077954254 -0.003710608067871094 -0.003419534006179248
0.18621393184276003 0.04172213226173242 1.906645527090046 -1 -4.37460413123137 0.6194055186768153 -0.003958694015465208 0.012947083688845003 -3.5842907411949727 -0.1534476683454178 -0.0076307598678865916 -0.0031766565392878747 -0.48701549592806526 1.8165660586381152 -0.01647952792108461 0.026665543191466017 -0.4958794794400738 0.7243228120660046 -0.009310008677195423 0.028046803547104652 2.5020895024905796 1.4025744606776516 0.031212303473306356 -0.020208955892184178 1.9584284706264565 0.451722033537608 0.02965317204400133 -0.014650240578862316
0.10129997825311925 0.06953526567629104 1.806791803574985 -1 -4.384524442563486 0.7300116196461661 0.0005072938908387489 0.01028458853859402 -3.71711213510901 -0.08534077053837785 -0.027776508129743152 0.03861039304407658 -0.3546890241504883 1.8907201471989046 0.04335605890083174 0.006989721665004087 -0.312030835950722 0.9597098247731852 0.0364240436666544 0.05431818704810823 2.548813108283853 1.3928150370741355 -0.004307020378063367 -0.027846511953909643 2.0101323986949255 0.4183112329108456 0.026181936895089804 0.012522241860049538
0.050751499259308705 0.16294324737038227 1.704109439793947 -1 -4.41526135874998 0.7021905273079485 -0.010493710472559791 -0.026536357530156696 -3.6952986779175143 0.023412428925985385 0.02704180496764482 0.007710432424468292 -0.22993985797745875 2.049675849882915 0.01672994832113536 0.013165715736576204 -0.2886747964670473 1.052560926146478 -0.006284302646134488 0.027467351272271092 2.663734372258822 1.3676090126062546 0.030693565290750048 -0.01913977885657441 2.0914600397137733 0.4104995779173106 0.01767445698909025 0.0032653499836843743
0.0012127287643070757 0.1908203752969777 1.2862347782699244 -1 -4.428934035865147 0.6769006732765106 0.009975599404167538 0.028748878581048118 -3.70825770506015 0.10687704291678046 -0.019609534333218034 0.01707474624150005 -0.29026660963507656 2.2454141363201425 -0.03640954103074721 0.041143401555976705 -0.3338720503725865 1.2321932233649564 -0.013704574633815012 0.055470551750951794 2.86858768641397 1.3068984669762291 0.04058076147736443 -0.023725866265178634 2.265779296973646 0.5487774732214328 0.06082713285003913 0.037825402973727794
0.09655871894707141 0.20526442915249404 0.8082271340776183 -1 -4.471629604432445 0.7956696800224399 -0.03264469547410524 0.005445926027925077 -3.808515832252307 0.14883202257660688 -0.007758729890346013 0.015267187083942858 -0.3279870970062202 2.4292834982893665 0.018127120145855016 0.02156127697849976 -0.27411219319215885 1.5158083372320497 0.020983442456407313 0.06294622672275947 3.183751862386501 1.165460339625581 0.059562080475435014 -0.06013940656131187 2.6279545508080195 0.5432989684745091 0.09219062782037707 -0.018046401252830746
0.19144856932588689 0.18736648766356437 0.5641372156832483 -1 -4.62380623578771 0.7060871996087865 -0.013308188077257997 -0.02746751025573956 -3.86315725101233 0.3044018103592365 -0.02314325199185668 0.041598726852149416 -0.14401345504204954 2.561678548350915 0.0489747835717444 0.0020301740640232616 -0.179940964436895 1.7432532663817564 0.022278173030917364 0.052039989338113886 3.4843202679960266 0.9407143242540192 0.07407355105572729 -0.025449159517475846 2.8712090958643266 0.43812444552322405 0.011855581472458734 -0.04047160158072764
0.2069586249447287 0.17353057159930715 0.4788990952759381 -1 -4.6878290990139595 0.6596441230129686 0.005423608621218965 0.0015712219742223497 -3.8764841618082446 0.39356877657201883 0.005008322818105834 0.001647236562225934 0.02754381963610797 2.6464382269186655 0.028263982010231593 0.009051881700005093 0.1172883411803669 1.7839521019636142 0.07450683370258379 -0.012896902974507601 3.609560387404821 0.7400328606561346 0.009229179337610664 -0.00624875478518363 2.923175198114942 0.2551865445680104 -0.02392103675598218 -0.02985361000077819
0.1075208880501412 0.28713234417100325 0.4995737150704567 -1 -4.564570010195396 0.7781271465556199 0.027793546570052986 0.03738871801795725 -3.899213821672973 0.33264502656904815 0.001770355294359545 -0.02012483327517637 0.30635320744862415 2.6083440702675236 0.0629209195491154 0.004704293436096581 0.21401674588739095 1.8059841103430214 -0.014027228768517449 -0.0038077100299184 3.6027425404005236 0.7514393141419773 0.006935900969720632 0.018543882858385412 2.948710676958706 0.15588545055133496 0.01000449776320636 -0.014939400260859945
0.18343098035861893 0.24226928855546165 0.4589614151990706 -1 -4.395921562787413 0.8634305368860362 0.01873577313974291 -0.0014788213548802553 -3.865023436417389 0.31999780354077334 0.020706625543626102 0.0023322190846767066 0.4745633316445472 2.615265080991321 0.0036791355299107507 0.02002762634171431 0.20584201946500436 1.8198505775964433 0.01743056848894523 -0.01039613075495626 3.64424728170105 0.7488165939951794 0.025979322104284813 -0.007205893555393507 3.0015752120690546 0.1699354054493294 -0.0029509977060114823 0.0007307659313664228
0.2838924663544303 0.15878380456582844 0.36705621821726625 1 -4.316003350438344 0.764227233770248 0.004136928765415826 -0.024432071507802414 -3.7662334784928495 0.3079360493931458 0.025369521190797897 -0.02198609935866492 0.4265729808219936 2.6647857827508035 -0.0027404395096916213 0.018293625898430532 0.333184366046134 1.814482221296874 0.01657131602621815 -0.007285345609059815 3.717520281781626 0.669288594704087 0.016674688741537803 -0.002127582136279345 3.04366809190906 0.15821183763399116 0.0065329051028947815 -0.01895546028490231
0.3029393080955578 0.1606731709258897 0.24279726928849016 1 -4.2504070519732275 0.6556302404522214 0.009318020934967398 -0.008690701846492021 -3.64896992056191 0.21287015312653357 0.024643909166765114 -0.028292664166565916 0.48682302799879906 2.6687771691412743 0.0241409634965233 0.006141321833567873 0.337397613750432 1.8476427922559315 -0.013611546107723471 0.0001505974039329519 3.7367356168383257 0.6338437299817388 0.012406968956741878 -0.003764542788501475 3.104030864613674 0.07880739470339604 -0.003831497819417877 -0.01668446450930977
0.3866678114346044 0.10797186766124388 0.16857972736123328 1 -4.170612761559629 0.6253378413949955 0.005232814437115922 0.003341955165578347 -3.5992430552677193 0.09225421772271636 0.008430926801781313 -0.02682269439153578 0.5435230352800859 2.6480106487699135 -0.0021422519507947584 0.008685334183533053 0.30864567046751645 1.866231049767836 0.004570849072069049 -0.011839036506524618 3.7634377784145947 0.5485742670946248 0.012758078331911539 -0.011974957977197637 3.08500886660139 0.054800979364806324 -0.012550727363256953 -0.009822013970172294
0.421274168506329 0.0777534079582052 0.12054718258486281 1 -4.1321818731395865 0.6090822002689973 -0.004496860548726552 -0.0017649283777595517 -3.5773228401314894 0.042290365796659346 0.011774507129074257 -0.007682424562185677 0.4795629887573192 2.6442721802958635 -0.009947238129170307 0.009690453550064017 0.3691963912936451 1.8332867146383962 0.008509910887538623 -0.015846563340397274 3.7531904567671273 0.5155683742104638 0.0004948404338196641 0.010452160714963132 3.088083997831226 0.0065455773541363005 -0.0007821838452987673 -0.01907897008405232
1.0010813 1.3479775 -0.029627912 1.879746 1.6709515 13.7474785 2.1598687 1.6846645 0.33235162 1.2959455 4.9255257 0.7464677 1.185386 1.0775732 1.6108085 5.1579304
0.999316 1.3464626 -0.030616097 1.8780359 1.6697145 13.74933 2.1590626 1.6839309 0.33091372 1.2942574 4.9283524 0.74535775 1.1844081 1.0761114 1.6097696 5.162177
1.0013387 1.3477786 -0.031684034 1.8794459 1.6686771 13.755188 2.1659653 1.6832889 0.33005705 1.2946515 4.933999 0.7457085 1.1850878 1.0760912 1.6110076 5.169714
1.006402 1.3515345 -0.030716754 1.8835338 1.6698124 13.754773 2.1739416 1.6837109 0.3319444 1.2981976 4.9347353 0.74792176 1.187332 1.0786599 1.6137992 5.1703777
1.0111393 1.3551718 -0.029800743 1.8875475 1.6710685 13.752516 2.1810362 1.6843479 0.33378753 1.3015132 4.9346476 0.7500979 1.189531 1.0811731 1.6165317 5.169648
1.0062368 1.3503871 -0.034017675 1.8820031 1.6655841 13.757883 2.1835332 1.6807971 0.32797787 1.2958057 4.950035 0.7461695 1.1862814 1.0757687 1.6133919 5.1925406
0.98782015 1.3333406 -0.045295365 1.862371 1.6501042 13.774223 2.1804912 1.6705704 0.31135115 1.2775764 4.98932 0.73335016 1.1750344 1.0589942 1.6015425 5.252658
0.95992047 1.3061694 -0.06068881 1.8305295 1.6261187 13.79499 2.1757138 1.6531025 0.28723723 1.2512435 5.051623 0.71327615 1.1569934 1.0335479 1.5819004 5.3512573
0.97502065 1.3158481 -0.05176332 1.8401692 1.6323767 13.768753 2.1901152 1.653459 0.298388 1.2661884 5.0448055 0.72021383 1.1627481 1.0436947 1.5874425 5.3464804
0.97050166 1.3012614 -0.04974916 1.8194549 1.6175833 13.747423 2.2062001 1.633176 0.29396802 1.2656254 5.1002054 0.70984733 1.1518312 1.0341781 1.5732144 5.449527
0.97964746 1.2845913 -0.03249497 1.7908053 1.5988168 13.683806 2.2484937 1.5953983 0.30122024 1.2839278 5.191868 0.6987927 1.1376063 1.0294366 1.5516617 5.6333528
1.0492532 1.259501 0.05172234 1.7285553 1.5639563 13.439391 2.4083443 1.4827572 0.3569726 1.3821431 5.4498143 0.6852463 1.1082301 1.04566 1.4980603 6.1710615
1.1827927 1.2518227 0.19276255 1.6706057 1.5597395 13.067451 2.664256 1.3463148 0.4439435 1.5308056 5.8348536 0.6852231 1.0769029 1.0935528 1.4374814 6.854938
1.4235374 1.3148878 0.39364207 1.6646538 1.6299704 12.64976 3.0255933 1.2754922 0.53867024 1.6773632 6.436212 0.7171703 1.0704168 1.2027698 1.4185904 7.244762
2.0828712 1.2632163 1.0463547 1.4845612 1.8462667 9.684808 4.6161947 0.9200937 0.64215535 1.7909728 9.118153 0.84053195 1.0657682 1.5300748 1.1360968 7.142089
1.7301599 0.90347 0.9474384 1.2510939 1.5280558 6.3625755 5.298504 0.6922232 0.47705945 1.4570466 11.238786 0.7849935 0.78556097 1.2210169 1.1603838 6.3150177
1.8642812 1.0175375 0.94813013 1.4110194 1.6127496 7.2272615 5.167237 0.79614586 0.545577 1.6359166 10.516831 0.86846143 0.92946595 1.3438265 1.172413 6.1920624
1.606139 0.78583914 1.1746475 0.94931734 1.5916991 3.6652143 5.5351667 0.63646734 0.37570745 1.354274 13.018281 0.72137 0.58539563 1.1611595 1.0428557 5.420777
1.5382333 0.7143768 1.2136075 0.8065042 1.5913761 3.1478941 5.4470177 0.6170214 0.29491615 1.3016409 13.381583 0.6812594 0.54915845 1.1192769 0.9207367 5.352784
1.534745 0.70823544 1.2266982 0.78817546 1.6041503 3.034202 5.428336 0.62185395 0.2854808 1.3006605 13.434901 0.6821919 0.5509641 1.1217842 0.89669436 5.3003864
1.5703367 0.74304986 1.224708 0.84439325 1.6201823 3.1636295 5.4684978 0.6417877 0.32209176 1.3316851 13.31242 0.7021201 0.56894445 1.1458472 0.9439143 5.27656
1.5835401 0.75205004 1.2431966 0.8470088 1.6463088 3.0656037 5.46129 0.6520729 0.32697728 1.3465562 13.331989 0.7157402 0.6058916 1.16318 0.93157995 5.1757784
1.6012301 0.7696933 1.2389017 0.87819123 1.652827 3.1519978 5.483082 0.66376996 0.34608763 1.3612881 13.257322 0.7255834 0.63515806 1.1747236 0.95818037 5.1759634
1.7551275 0.928222 1.079521 1.2456499 1.6393857 4.9304996 5.5746675 0.74574775 0.51077825 1.4926307 12.040434 0.82958895 0.788337 1.2787607 1.1992018 5.485787
1.7651982 0.93739605 1.0774642 1.2612618 1.6473085 4.9929323 5.57267 0.7571081 0.51676804 1.5053438 11.98289 0.83742774 0.81639886 1.2889706 1.2029461 5.4712534
1.7820842 0.9503205 1.0534532 1.2972447 1.6451885 5.2716236 5.546579 0.7739084 0.5258785 1.5258307 11.780878 0.84965193 0.85823655 1.3005183 1.2102547 5.5296106
1.8027552 0.96468526 1.0260115 1.3355669 1.6424463 5.6178975 5.4996376 0.79398656 0.5347895 1.5522674 11.521698 0.8629717 0.9068635 1.313005 1.2126116 5.61432
5
5
5
5
5
5
5
5
5
5
4
5
5
5
7
5
10
10
10
12
10
10
10
10
10
10
10
