20
1.7994472136219817 1.719700935990548 2.0522183119736557 -1 -3.17 -0.53 0.0 0.0 -3.6 -1.43 0.0 0.0 0.4400000000000004 -2.27 0.0 0.0 0.0 -3.17 0.0 0.0 3.1399999999999997 -3.57 0.0 0.0 2.71 -4.470000000000001 0.0 0.0
1.788891718973726 1.5922400299101513 2.0007269659434628 -1 -3.1041966940204064 -0.5622426185488699 0.02270590137984825 -0.021027665134436577 -3.6335667155064395 -1.437491631290696 -0.013002066666903716 0.001611930778012101 0.4373775063789731 -2.269327883476552 -0.0029000866638491324 -0.004686682253938071 0.0020865412411827933 -3.1712938545150293 0.0029405749606147974 0.0044160617157084844 3.1042081263862373 -3.5368439931559132 -0.02404373935403012 0.010108286549372797 2.676154782298016 -4.473774860638616 -0.01255329622285634 0.004581330996934455
1.501076208919799 1.31373186737088 2.032904968126881 -1 -3.028643253192697 -0.6830513140104552 -0.0036529577644465044 -0.02815935462123064 -3.703889594328407 -1.4852485147732002 -0.00815664680149826 -0.006890818899927384 0.42524345228363103 -2.249460875050687 -0.006602669901621353 0.0034893688036935697 -0.015757108602017844 -3.1790172592340595 -0.005912084769346364 0.001561663319125231 2.94058751970511 -3.4598906205210644 -0.04072315349635493 0.0058722539241676495 2.559582050870233 -4.482579553316386 -0.029546897157662545 0.0023154831989756694
1.162206644315575 1.0584521405872542 1.8942596675531707 -1 -3.0979472388759657 -0.7500022560631183 -0.01776112108786439 -0.005914426952632945 -3.730538885467162 -1.5286675606691644 0.0031985604971438587 -0.005348488973103336 0.37593770528654336 -2.205136948671 -0.01594070973137375 0.007067524666492332 -0.08387448367124684 -3.1840382236092992 -0.017965176215773093 0.0027270831050841982 2.755539626474925 -3.447482113477781 -0.03661024221800404 -0.003474221738832793 2.369889594845702 -4.49153175001198 -0.039469233872579466 0.0024219807763676705
1.0020169266591648 0.9469221766554377 1.746212645338927 -1 -3.1759360213133543 -0.7219052231473508 -0.009751205412879178 0.006160385092507291 -3.7300084686250443 -1.561624999498362 8.694378625331844e-05 -0.005925470610480451 0.26691344431725117 -2.1617091545089933 -0.028333549700250926 0.007999927028329577 -0.20468613883572306 -3.164859089446931 -0.02789178396720995 0.007183429329651466 2.572983066716114 -3.429417806946701 -0.039514334062211116 0.006571518641438753 2.17524362740638 -4.484760910636851 -0.031443951060943914 0.008016967296631839
0.8740775453715833 0.870319391891533 1.6643773451799173 -1 -3.212354518136788 -0.6935540139119283 0.0025981039436786244 -0.001928072666874451 -3.781413113112597 -1.5865485798553545 -0.014655065107306943 -0.009315454234487066 0.1045054799592835 -2.1121963902374983 -0.03319076400347482 0.0042214612541584245 -0.3626807206234517 -3.1277695426535135 -0.028303370358594593 0.00923611301661551 2.3703226235026396 -3.3573150577739113 -0.057706044334189396 0.02452059347600612 2.0443509011361805 -4.4390651076716985 -0.0367089931879996 0.014389260784162687
0.7163017553453251 0.7696292884622783 1.5972557676568713 -1 -3.2240008090634893 -0.7093498020861342 -0.003417997403101579 0.0015383036998972326 -3.906886871720336 -1.6174559086205238 -0.03585929839375669 -0.01173862239483442 -0.07186396031644282 -2.079213243024377 -0.0530553782151178 0.009257761366300873 -0.548943320424804 -3.0991522282988737 -0.059499124273547574 0.012674823855242618 2.1923934457107643 -3.2785175352814937 -0.04493646204480447 0.020451466258017713 1.9519152067794296 -4.363959802998593 -0.03296735708268249 0.01358197214854026
0.5956281687472372 0.6823168135070126 1.5604090238659163 -1 -3.2583556191533978 -0.7458084858852718 -0.0028434847612579866 -0.013716180875387216 -4.034658106295752 -1.6631220881858408 -0.015351374709603455 -0.015680670553156396 -0.21850650115882253 -2.1084901463995545 -0.040275974981167285 -0.004443025458918156 -0.7294541324878243 -3.121591243037838 -0.04709092055281306 -0.003878413797382855 2.0560823882004984 -3.220243728033589 0.0010746751929548628 0.0046833866707752594 1.8465738604776165 -4.297624820447987 8.381110541642867e-05 0.00790467626021825
0.49700723277448144 0.6079905258332586 1.5359909680730786 -1 -3.3123577633044405 -0.7845707028070787 -0.001552535120193408 -0.018539559001227005 -4.11295965586346 -1.71798593962622 -0.003439261187931423 -0.014530386796312866 -0.35094613803976493 -2.174567866323188 -0.035165584207736085 -0.00777134920216865 -0.8664294586872283 -3.19762523786416 -0.031151669851739366 -0.014365622861600029 1.9525924975151403 -3.173242591087624 -0.04423620301124587 0.010328831855274643 1.756999666897225 -4.25970721222072 -0.034011524769717215 0.011569370459669336
0.40396050085015417 0.5413883526934214 1.518288700896545 -1 -3.3498952244642277 -0.8390805057998835 0.002297996253700803 -0.024435430353425932 -4.169964587762505 -1.7472450651267288 -0.0014141420417308663 -0.005263507870763728 -0.4577965726227866 -2.2406099847879837 -0.0030413949379241934 -0.021936194696219408 -0.9295846750707177 -3.297912889175126 0.00893935010971581 -0.02414451917727148 1.8561215735837289 -3.1306315038175976 -0.0054464192395572136 0.00798264035481924 1.7117729558233448 -4.234720126198751 0.006843535658983199 0.002062196504122064
0.3219409758677322 0.4745925930530297 1.517265982097524 -1 -3.359250224546267 -0.9181565559894839 0.006007716951775988 -0.026430605025010438 -4.235461855241156 -1.7392843985906845 -0.006781754017071429 0.0008627789539515365 -0.5232270191903998 -2.311857168323548 -0.02445337239558994 -0.007688939648077765 -0.9569397564142483 -3.392527725524378 -0.022340012150057605 -0.014237133056520536 1.7810150083098693 -3.0961464917770765 0.016633349135310328 0.00484443546140862 1.7122688883121118 -4.219122482687541 0.026301271640821997 -0.0014249272758883845
0.22520182985983986 0.40367605239738796 1.493676966957016 -1 -3.363985082437937 -0.9981317402704003 -0.016251872145846006 0.0012670934197748316 -4.300204357045345 -1.7180093896391238 -0.01853604424422132 0.015498750947842865 -0.5644859926578771 -2.410367703999404 -0.019439992876423787 -0.020861062145309264 -0.9875093383450957 -3.485204527303562 -0.015959203633324023 -0.014403339656509404 1.755429877674647 -3.0935026542658117 0.023562989706880404 -3.9979338839232596e-05 1.7442817696065598 -4.213594600844856 0.02982350355445487 -0.0025838346110940973
0.12870249802606162 0.33560744749158433 1.455103566214412 -1 -3.390005655666023 -1.0561593643593803 -0.0013751107889348234 -0.015717476735372618 -4.342147032443065 -1.7170070704335636 -0.0037770517585240023 -0.007314543396563447 -0.614974067179884 -2.535677097816844 -0.023923570122725293 -0.01927999518000193 -1.0115534870316303 -3.6017504545191223 -0.016516583408104926 -0.023915670769457727 1.7555369097605569 -3.112987268151729 0.0386974906854555 -0.0072516117368832365 1.7996386735901275 -4.221333441405569 0.04569541230189306 0.006434319543438476
0.04530884897830996 0.27207188599053633 1.4350408636502399 -1 -3.420301783286346 -1.0979760387384547 -0.008898421734572991 -0.017970421329230477 -4.369780666458627 -1.7247289158164807 0.007592404060804168 0.0023935753167242894 -0.6847810329843038 -2.6712078883087886 -0.029106137407420643 -0.026868784905529207 -1.0215249519000813 -3.733197236589504 -0.013164837394790685 -0.017566415890497192 1.7500263074327007 -3.1323679735384937 -0.024985067649681746 -0.008422647661065635 1.8758052269964107 -4.223198186966965 -0.0031513467815838386 0.0035691954221021517
0.0443975952594912 0.19797333191042898 1.3631068397858188 1 -3.4354861519567517 -1.143821903137245 0.0037537005198276293 -0.021022814596723463 -4.39140875043844 -1.7199606350658392 0.0024112304307344016 -0.004524620960318119 -0.7348352425695182 -2.806029322506382 -0.00035591849873481754 -0.033706419164637104 -1.0219212587943018 -3.8628777483787213 0.008376638104286016 -0.019962548996677754 1.73587022769338 -3.134211631383189 0.016680437823007314 -0.004071941787940318 1.943797044885316 -4.2040011189612585 0.023942965786812556 0.020476344053392194
0.1267770217879535 0.1299246784652322 1.264923347095218 1 -3.4382198085197064 -1.18548645898206 -0.00497395673605304 -0.017729857502958187 -4.410006194793682 -1.7033634691210708 0.011400285592186896 0.005466141111109571 -0.7634373586523302 -2.9239662830460755 0.009957244439310016 -0.02855556315284898 -1.0446324784181171 -3.974230045905475 0.007584235973395423 -0.020301716837118844 1.7186216089099453 -3.125157445991061 -0.013991327962812222 0.009440353016693869 1.9720172563496057 -4.183942627596078 -0.002744273953005069 -0.010862967055222801
0.19382043014652225 0.07380711637269324 1.2047734422685572 1 -3.4361901919135853 -1.210415932714265 -0.0028571750898836092 0.008924288114170882 -4.411645641519773 -1.6954447130825745 -0.003916393938046943 0.006790818450611459 -0.7833705755535032 -3.022938779940141 -0.02885323604686308 -0.014319286377936339 -1.0780837027642591 -4.065514260254279 -0.025314093610777643 -0.006872788727034597 1.6872830766962519 -3.119183249254562 0.014477402775136369 0.007928836834227664 1.9714201972043774 -4.163972796229471 0.017849976158212835 0.009506858711755784
0.2891416277003416 0.008742771736308977 0.9147191876370024 1 -3.5696374218499467 -1.225206886959966 -0.028467797247465974 -0.027808959294714906 -4.4648916850701 -1.7978236061046386 -0.010187559464287987 -0.035675155110256596 -0.8511477246817933 -3.1984647878188435 -0.017006685333424292 -0.04011428460518269 -1.1153642846304748 -4.215376874085745 -0.014065084517609693 -0.04996886109693147 1.795108999151518 -3.2588241731496734 0.07144179961101746 -0.03792725054874133 2.045191748984596 -4.205983577117092 0.060061073497246736 0.000443119780751915
0.2944691122128287 0.09075511143540263 0.4431521958572269 1 -3.724745699565731 -1.389410620332332 -0.024630635997709767 -0.03862889448129671 -4.610226417532197 -1.7761744568665176 -0.04812567512435992 0.02991672316680527 -0.883384681580921 -3.502952545365532 -0.006666697731449319 -0.06615016481835363 -1.1249701581559073 -4.42665130545008 0.00020766901402344837 -0.04002960423381218 2.0846333774030636 -3.4049464374017484 0.07002412688149463 -0.027361435639862725 2.4311631672979583 -4.182397157667367 0.08727972074908838 0.03762687180465061
0.2963463882604568 0.20432255510468564 0.27692825774274826 1 -3.9055564038231694 -1.5649951779340099 -0.048661669106506655 -0.027832623704072385 -4.782864171375188 -1.6630635477583904 -0.014517156708306621 -0.00045909970715591816 -0.7987888373271281 -3.8295216056993473 0.01187275476128546 -0.06622386906482665 -0.99017658095485 -4.668629437882496 0.03627744833198657 -0.037165702773581215 2.393888929742321 -3.3936853621749132 0.06700820885768963 0.020014777546826498 2.860519724184302 -4.059502740878877 0.07069449571542447 0.027300269824529596
3.0910957 3.5362804 1.4057348 1.0747687 2.9152162 13.299743 4.5679827 2.8627434 0.76879036 0.918527 4.6397285 1.7469683 1.3687949 0.93254614 0.9399768 6.7422047
2.8506565 4.266677 1.2217654 1.2927748 3.1467128 12.964001 4.856904 2.687354 0.074309945 0.9530442 4.507287 2.510576 1.0377758 0.8978635 1.0701684 6.6363587
3.0562897 5.4379864 1.1503128 1.5375092 3.521441 12.223748 5.4235435 2.5145779 -0.9074042 0.97896695 4.4317565 3.539877 0.6063325 0.8711246 1.2341683 6.3687124
4.004277 5.7730403 1.1095572 1.6170766 3.8088586 11.220522 6.268091 2.3682935 -1.2225134 1.0001687 4.725078 4.2908545 0.53264105 0.95201707 1.2898424 6.5252533
5.0096307 5.876519 0.9010918 1.5533202 4.27324 10.27683 6.993389 1.7632891 -0.96189517 1.0228451 5.4133534 4.7253675 0.7430011 1.077623 1.2342688 7.105063
4.902126 6.3541636 0.704961 1.5544388 4.827239 10.343636 7.2221365 1.6617687 -0.86799383 1.0536389 5.505057 4.6601763 0.6907581 1.1168476 1.2229227 7.641666
3.2526937 5.4029217 0.40873337 1.4671102 4.9869146 12.383296 7.3781223 2.132554 0.47143376 1.0746274 6.167989 3.3334427 0.67169976 1.1390626 1.1346992 8.474704
2.8508682 3.7955768 0.41090226 1.3126407 4.367452 13.046191 7.397247 2.04127 1.5693693 1.0728999 6.504444 2.6420352 1.0273236 1.1931242 1.0211561 8.844582
2.6228213 3.0326347 0.3886552 1.2418661 4.04084 13.504936 7.463642 2.0059378 2.2358747 1.0689929 6.7936277 2.2955995 1.1948433 1.2251759 0.96102446 9.065582
2.4388664 2.5933118 0.3607973 1.2043891 3.8933733 13.803846 7.5397234 2.0014327 2.6954308 1.0625739 7.267723 2.0733929 1.2950702 1.2351835 0.9204048 9.185205
2.1692357 1.8733525 0.3181845 1.0955999 3.669432 13.987836 7.23618 2.0536397 3.1167367 1.0214665 8.097782 1.715543 1.4628531 1.2037638 0.829153 9.314388
1.0173745 0.8445778 0.5814036 1.1551447 3.867033 14.560986 8.954584 1.1004195 3.6160276 1.0894885 8.95596 1.3784986 1.0398681 1.2596703 0.92746246 9.615424
2.339653 1.2955122 0.31209612 0.933203 3.564257 13.265749 6.4080257 1.7130781 2.8966727 0.90296805 9.753703 1.814379 1.5339934 1.0890577 0.7086431 9.257469
3.5149145 0.27165318 0.6413864 0.6812942 2.589213 12.298075 5.952334 0.28524494 2.961943 0.74086547 10.752287 2.4608722 1.616533 1.0817202 0.57389116 9.193142
2.432241 -0.41839504 0.974576 0.35074925 1.3718123 12.715579 4.943168 -1.0809522 2.1890917 0.41249037 11.468383 2.94687 0.34365875 0.94463855 0.4317516 10.781805
2.202424 -0.3941846 0.936766 0.33923864 1.4220462 12.781078 4.86845 -1.1192286 2.1786253 0.38257623 12.070469 2.9302816 0.2260347 0.91113245 0.41395175 10.905699
2.2429566 -0.43649006 0.69099975 0.36616325 1.7394319 12.51348 4.8862143 -1.1551425 2.3608265 0.40027356 13.372849 2.861577 0.33029944 0.90323675 0.383973 11.008231
2.3170028 -0.6859598 0.42860806 0.39558315 1.7489853 12.094003 4.291243 -1.3253658 2.24109 0.44783616 13.726696 2.6696393 0.4387089 0.907851 0.36187577 11.179687
2.3978896 -0.60552645 0.49804616 0.4118352 1.810144 12.151884 4.5955753 -1.2188451 2.3500106 0.45725107 13.55448 2.733644 0.5104651 0.9188173 0.38158548 10.98308
2.040092 -0.7223377 0.51329947 0.3684461 1.4640336 12.10592 3.3482342 -1.4066064 1.8476696 0.42785072 13.535364 2.340362 0.30887976 0.84161067 0.34412968 11.105194
5
5
5
5
5
5
5
5
5
5
5
5
5
5
5
5
10
10
10
10
