28
1.82602609207024 1.764571890731409 2.594012336131037 -1 -3.1399999999999997 -0.62 0.0 0.0 -3.63 -1.49 0.0 0.0 0.33999999999999986 -2.6 0.0 0.0 -0.15000000000000036 -3.47 0.0 0.0 2.95 -4.08 0.0 0.0 2.46 -4.95 0.0 0.0
1.8404407914634262 1.6416675679968131 2.5890473626560433 -1 -3.07552690300606 -0.6585245732863501 0.030927461995762694 -0.021998629005430422 -3.6653763288400265 -1.4973518309244849 -0.011190438540760132 -0.009910875774827747 0.3407592570222908 -2.6001913608621536 -0.0023639629880127314 -0.004697611958783788 -0.15059252731081596 -3.4700052813166553 0.0023535029201201575 0.004672111778690629 2.9129026500751465 -4.045553286506543 -0.023540004195255426 0.011614332355116528 2.431643742044044 -4.950781642213321 -0.010877450206006369 0.00576866903524857
1.5840092812594113 1.3681015250079054 2.619149382637269 -1 -3.0096593276018817 -0.7876810577103575 -0.004935747521051495 -0.02831973463695187 -3.7421326777183017 -1.540207194452334 -0.009144429065296132 -0.007360261295772472 0.33280690242965694 -2.5805899940554897 -0.006247694679574656 0.00391012219139456 -0.17185081855083872 -3.4744543533758807 -0.006122187905189035 0.0021806298570935974 2.7569528362761764 -3.9549245697989277 -0.03928709325165335 0.009131159709944006 2.3179471482711573 -4.948137621367751 -0.028867990710143242 0.0053595221304823405
1.2637556522578266 1.116953476175705 2.5104573998870467 -1 -3.083122240835237 -0.8503854180043201 -0.018133728305752616 -0.004485314833320552 -3.7726081996075274 -1.5816885055365213 0.003001840290794355 -0.0054799787663794165 0.28579538875075805 -2.532853022550774 -0.015956148810932755 0.008363106677736825 -0.23943932613614827 -3.475051083170559 -0.017482002245345362 0.0037682072377678427 2.5769194263196233 -3.928328723219971 -0.036207910619418894 -0.001333032849824868 2.1280614395820896 -4.940590500875912 -0.03914458508670554 0.005342981510691978
1.1321510969833357 1.0155218303526226 2.356928333646599 -1 -3.1599322882447454 -0.8152394363514719 -0.009602454781593911 0.007235643294357778 -3.772279505012136 -1.6145660968701354 0.00015399772851757646 -0.006025911689346401 0.17809796533535138 -2.481333316302863 -0.028098761916386224 0.010106977576422729 -0.3565555661747757 -3.4488729759892682 -0.027116751664851415 0.009000921744591793 2.3962088862341933 -3.900345739004521 -0.03931922137710009 0.00836998173626211 1.93291613019366 -4.92253678076717 -0.031031091249931128 0.009532946851837924
1.0274293993983172 0.9497262047479006 2.26189635890251 -1 -3.195414771220146 -0.7836695061788964 0.001660209060676372 -0.0001564133960754513 -3.8234366325587263 -1.6362439962780457 -0.0170565143842829 -0.008256245572092966 0.018100274056508603 -2.4188840814724104 -0.03260381051801212 0.011987603525088927 -0.5126131668468177 -3.4002115923794287 -0.03204678717752756 0.008993462210457565 2.197532099764353 -3.8174380724687924 -0.043311140454866115 0.01786510648091959 1.804138561181782 -4.870686160562454 -0.019672183495783643 0.020157480439247838
0.8780817140443671 0.8491018713710572 2.1775579414134754 -1 -3.2051474964966467 -0.8005106156239192 0.003073618669322562 -0.018217121396106255 -3.9490177316910473 -1.6571579871199487 -0.01764493396916842 -0.007265433869944861 -0.15178465031999444 -2.37396454061948 -0.01650566377858549 -0.005052528567075871 -0.6921227386625541 -3.3582454576401797 -0.020250675122930575 -0.004136347908277136 2.020854887515603 -3.716725352398799 -0.0072096152099531815 0.009197510343443144 1.7102028020377489 -4.78618632837506 0.0024056398248573064 0.01480618085480512
0.7633770451270511 0.7652126280632987 2.1162551473728284 -1 -3.239410726691525 -0.8345885611136212 -0.006019600360698834 -0.016448380067521466 -4.079589035325993 -1.6934511193986015 -0.012933349829930184 -0.011371228298191363 -0.3033394401647067 -2.383540365473086 -0.05642392154968035 -0.000433205624507018 -0.8811159400260431 -3.3622391751735465 -0.05680257500680974 0.014307586592455977 1.8883140733485817 -3.6439035913698983 -0.02999312085322957 0.020728527034667682 1.6017200392541389 -4.708648201276876 -0.033852086338778176 0.004816686931697839
0.6900731504982691 0.713389410009388 2.0699365110220342 -1 -3.3000322880697217 -0.8652939473244857 -0.0039693661576685815 -0.022720062521600148 -4.162126541621565 -1.7435924484136345 0.0008929463746482659 -0.012669418516211799 -0.441242955535472 -2.437649213118031 -0.012963813801413114 -0.020986108745996362 -1.0245114011891392 -3.4245826913492947 -0.006978241313645133 -0.02401228223245181 1.7779182043292217 -3.597258836376308 -0.02506040003514612 0.004076448856057212 1.5044227867725235 -4.660958620038238 -0.014615884959565738 0.014747544367840065
0.6039448754601568 0.6501366230117688 2.0241395580299484 -1 -3.3477135721662847 -0.912963866161922 -0.020332342598809925 -0.00035461282312784694 -4.220966626110771 -1.775876160076424 -0.019518090250580832 0.0054104222083908 -0.561487779629469 -2.491156828888926 -0.037967489618568454 -0.00839986108866064 -1.1029483176503727 -3.514737914312163 -0.021483945796128258 -0.004866654894653107 1.6810243621501906 -3.5444802006485485 -0.0310772017640294 0.0033296003547994605 1.4627209374269752 -4.63245490886557 -0.00936809094740423 0.019741397293320532
0.5122402755715844 0.5786107715984902 1.991546375958371 -1 -3.36355001750818 -0.9919063757176402 -0.006362866690533622 -0.011630376439664487 -4.292401091125492 -1.7613637433933875 -0.017719284065542476 0.01045243122618277 -0.6271919975290401 -2.5568868993706126 -0.01496461385731751 -0.00429587534805685 -1.1347618965479058 -3.6052956297166543 -0.019073867691249878 -0.02004978598796154 1.6140912503637006 -3.5027072736102007 0.007561173488666487 0.004919249321929048 1.4701191282826649 -4.610953322866351 0.01842587683267034 -0.0017755858971615808
0.4278169341892403 0.5116620202539761 1.9463167589013806 -1 -3.370866304983788 -1.077784789970618 0.0005407832326149303 -0.028042920602399945 -4.35833273928734 -1.7332380959517162 -0.0014787462375487515 0.0001738898809046322 -0.6657170266089403 -2.6548967444823965 0.003005218981611702 -0.02645253867064998 -1.164507593149466 -3.6976638724191346 0.004209250213075392 -0.027079258414377978 1.5848152062468381 -3.4999625076583887 -0.01946082012393768 -0.003769505730178797 1.499048054121662 -4.612501369786743 -0.00608975134101386 0.000660589151275814
0.33029827096562264 0.44347992230301425 1.882357144184413 -1 -3.399113013081748 -1.1373353153142056 -0.0006617287054968366 -0.02305322060768178 -4.402905812920187 -1.726758078423462 0.00014232926251865619 -0.010578460002035934 -0.7267489666707383 -2.7790760631170386 -0.03752339021023759 -0.013594472422276314 -1.1922083438080628 -3.8120685816412743 -0.028270125627651604 -0.0174969501235841 1.5924442131241072 -3.5240016671417282 -0.018607959880658734 -0.002125955149030155 1.5623317008327673 -4.630936376042362 -0.0029937111343350605 -0.007387962605087375
0.2428796454651432 0.37961383642634144 1.8312926220685288 -1 -3.437062800824098 -1.1771795437468136 -0.0006976153842852446 -0.002747875822819445 -4.431609398848428 -1.7337941818935718 -0.015189527337475306 -0.00450727548940719 -0.8022070689762182 -2.9127287644339206 -0.0012801151060963314 -0.03211847763467046 -1.2008302251183816 -3.947719165646209 0.011975547084671002 -0.03190916104722331 1.591221130235538 -3.544869805657882 -0.01717927334528477 -0.0032559163425093665 1.6410618341262495 -4.63857953251207 0.004115741370451363 -0.0002369370199689592
0.16439030647465996 0.3185293918483009 1.8040781407486433 -1 -3.4577710301227143 -1.2236630640862582 0.0018925217408608981 -0.004016172863004512 -4.45551307722467 -1.7270374379350537 -0.0135133911439174 0.001526202931325972 -0.8667469443945701 -3.0420631197811936 -0.021302552325161254 -0.024946540669177994 -1.2169765526124743 -4.077565479060154 -0.01321266527174982 -0.01743547565835205 1.5829691940491246 -3.546309112188788 0.004507324724703804 0.011973294532030693 1.7178616624933838 -4.626756057016619 0.018720804667855515 -0.007499238129877156
0.0845121297931174 0.25623223347238144 1.7875065930482472 -1 -3.461872530168091 -1.2704162038179994 -0.006772401272263236 0.005892062769242884 -4.471057565436692 -1.7076118576660395 -0.004687497567855499 0.014688492985616062 -0.8964321525496617 -3.1658987907649117 -0.005149793654758832 -0.01509085129610854 -1.241805282193602 -4.192677028775432 -0.011915011689884587 -0.028398008456655098 1.5697890229502427 -3.5370756612614684 -0.022886738999132742 -0.0010586637391152161 1.7538349325312508 -4.60268979894931 -0.0135519278659419 0.0004474337418061015
0.01876949171784157 0.20542129072776094 1.7425175216532471 1 -3.459368749687547 -1.2948924005147457 -0.006632557859847475 0.010303504061984844 -4.467945126859289 -1.6986545367452204 0.002268886092852404 0.011614596493098229 -0.920897360056538 -3.266158720939832 -0.0070187463396259335 -0.013439019517913254 -1.276564381093142 -4.286738648316442 -0.009840101675173367 -0.020790812826197907 1.5424914477914884 -3.5263535282247784 -0.033093480077661185 -0.009340185653466119 1.753888433412131 -4.581962438932437 -0.024680267856181225 0.007206426789405066
0.025920926771883922 0.16067726732197393 1.694658056266953 1 -3.4545695888386487 -1.289490538042387 -0.002588072258042839 0.016641934483645565 -4.4465160059379 -1.7037375583710215 -0.0008759824681038135 0.007641028221509428 -0.9633742202297553 -3.3399971141022924 -0.009701084347240603 -0.005354796842412954 -1.3087134797662956 -4.360006274068564 -0.010206630335515682 -0.01918672979223162 1.481918264071214 -3.517336386151622 -0.04285602476732138 -0.003029644313871479 1.7426424040321509 -4.564701809042976 -0.024152172714062333 -0.0067073400303208205
0.08562748290649651 0.10021465755240117 1.6744272917440506 1 -3.4467220165530605 -1.2707442069007866 0.004516187283100337 0.01299814128942071 -4.429942552147373 -1.7106973406475945 -0.008816613622417932 0.0011342544797106544 -1.0106264462617829 -3.3811664842056937 0.009670773625299951 -0.015634520065578073 -1.3430622752686476 -4.41028665598224 0.010028338288538045 -0.007112483894718743 1.4028400255625062 -3.510812787542268 0.002660157489410727 0.005180322998001193 1.7234676625459064 -4.549376432103948 0.007895193922027845 0.010726247379571152
0.16693632104399417 0.021256727643926422 1.6744222342447865 1 -3.440788995417635 -1.2615557560078179 -0.0041204845694659 0.013038226879479807 -4.431032074360653 -1.7062016009165037 -0.006649487885976765 0.011756265007037404 -1.0455423771553232 -3.3986563581688474 -0.026911788770691114 0.0041154245349398055 -1.3940386463916261 -4.428819418202455 -0.029525458355730092 0.00626339548992666 1.3275061598675233 -3.5063037292682386 0.013228441953570175 0.011442608436813738 1.6770014359330485 -4.534190274378675 0.012606620409929027 0.008730303365714407
0.23829228193560628 0.05134540636265888 1.6885754417380274 1 -3.4380642001924357 -1.2613441882202296 -0.00659434428053205 0.015873665693302726 -4.449477501499662 -1.6976425161300044 -0.009553438595780896 0.01359892065891242 -1.0646615198937757 -3.4039348768197444 0.013374393913217368 -0.006350672662535887 -1.45611853217307 -4.426062905147333 0.002353329515695994 -0.003338554521862701 1.2609117945136825 -3.5084926195578285 0.008827176453144406 0.006316179154152084 1.6192770587125196 -4.537194871521948 0.006673329085357858 0.0028607458101830158
0.33475685267116484 0.1408138518099671 1.4379357634957275 1 -3.5716836581752283 -1.2670303809730512 -0.03435846944555601 -0.02344393415584677 -4.54183030033919 -1.7859162937475883 -0.01797918492310476 -0.028599936567031786 -1.1356097705872465 -3.5327985491977616 -0.013171372455050408 -0.04169202823125384 -1.549855000491009 -4.510092655133572 -0.022037571871478222 -0.04420698349060498 1.3649622220897157 -3.681423752263484 0.04275056032826131 -0.035893252368354445 1.6609920537467309 -4.620866470120966 0.0488164955736576 -0.03322320004548854
0.34382190141855723 0.08575844209354815 0.9510021851241897 1 -3.7539955270693777 -1.4224900388374784 -0.04238109031517786 -0.031533633469853634 -4.709939745356067 -1.7415224968200111 -0.046119316965512615 0.039937313178308925 -1.1908630673903322 -3.8507382012331948 0.0035444073481635478 -0.06220994576365123 -1.5823191941216308 -4.731993966430975 0.005060767902841681 -0.06654413469498002 1.6543509279001762 -3.8650396422332687 0.07714290195375759 -0.03494519821081089 2.0376653717113618 -4.610056474401919 0.08207426024239489 0.04607896718082402
0.34911320101591936 0.03770231765879996 0.596923914572857 1 -3.9954661989416045 -1.5913700973024791 -0.05730232240814795 -0.0017398551441263482 -4.8969032224589215 -1.6278209367592869 -0.02532820953583188 0.008485459549209949 -1.1291466974431592 -4.216562414426266 0.027380584653138494 -0.06175270797008722 -1.4323865592060745 -5.028099186365858 0.04353814290625693 -0.06960638683867111 1.9390380676787649 -3.8643843959318223 0.05094663260789349 0.022113134388903104 2.4545532625239224 -4.486553579929751 0.06969941999553389 0.018657055793847563
0.3995174483301857 0.02740486501040042 0.43466387769201115 1 -4.191033353732872 -1.615462879385284 -0.017166563418270185 -0.0024382453639598747 -4.9964027425204485 -1.714995504196771 -0.014826157271832313 -0.025809375853003025 -0.9745501575427151 -4.504266210160418 0.0381350851729478 -0.03608774983476589 -1.166992771188755 -5.278638389669466 0.05190171604519967 -0.0477715497830211 2.1719883841216774 -3.744157990783165 0.03049984451609631 0.031358034360780475 2.6960903887317595 -4.372593361974641 0.04482475435090956 0.01591468444225063
0.3987402518911944 0.024773447312186288 0.24373926779583477 1 -4.219864197629068 -1.6634299090621592 0.017009262305710707 -0.011371648156027508 -4.945095997708094 -1.8011133009267792 0.01794429548211378 -0.006914066640287707 -0.7991980215121419 -4.646777450283233 0.0344828303061863 -0.007825529246892088 -0.9269967247776068 -5.41151027117387 0.038175832339026085 -0.02527010008964866 2.296989474986688 -3.6498329996624848 0.012737319395721522 0.02054331757024432 2.8688073799635623 -4.243931544786745 0.037502614012347925 0.01850406419592232
0.40966258206067535 0.0595992640688627 0.1362036008554415 1 -4.0712138450700905 -1.6829030706636048 0.04853795855313286 0.0039997461969658015 -4.775046074302841 -1.8097501629351926 0.03442475037438828 -0.0010607449441431846 -0.6601217783758639 -4.683135226791277 0.02392777903993868 0.006384467532867331 -0.7657247130508882 -5.460636265831525 0.024582137545170038 -0.015086873944141696 2.3926725761248617 -3.572780416521919 0.014114630985285953 0.023423255148079858 2.9781089605115154 -4.152942685303282 0.019504957627934846 0.0026726681427638246
0.4339312453792624 0.0833901870210964 0.12463462030632862 1 -3.8574975838288736 -1.6590189435721239 0.04460435036792608 0.00882258820849629 -4.5548791989629605 -1.8161947652748514 0.03709124899748782 -0.002275882779653059 -0.5817088873002665 -4.677560563608591 0.010734020274162873 0.011476435067184702 -0.6593139387236331 -5.470157616140687 0.015899571927094604 -0.008765918161232324 2.4771179805047643 -3.49416088765052 0.004366654930513615 0.01765479951685405 3.021108303644106 -4.113198335498757 0.014950932207490913 0.001846612180740434
6.093912 5.030575 0.31236136 1.8781047 4.636698 9.125256 8.671816 1.6268313 -0.3000582 1.0781837 6.47216 5.4818 1.5336025 1.496367 1.8420616 7.750492
6.386094 3.1585674 1.3275092 2.2800765 4.8124 10.67402 9.549842 4.559879 0.23738045 1.0857421 4.7059894 5.325431 0.4403367 1.646479 2.1204085 7.402284
6.119904 2.7917771 1.3611827 2.3738637 4.845071 11.666737 9.936838 4.906354 0.43915144 1.0745131 4.2566204 5.2533617 0.1892643 1.6709602 2.1775074 7.3223534
6.2778864 2.7801385 1.5352657 2.3784502 5.0152845 11.295571 9.516484 4.823656 0.6609346 1.0897675 4.34114 5.1901126 0.078840435 1.6739188 2.172287 7.2676296
6.1328125 3.4735568 2.2333596 2.3715851 6.143647 10.174944 6.3011003 2.6622343 2.1643438 1.1714694 4.9549637 4.5546627 -0.6103496 1.5351493 2.101119 6.751828
6.0775557 4.128915 3.387996 2.4826438 6.7687597 9.630038 4.4662733 2.522304 2.9188933 1.288768 5.1976604 4.0093904 -1.129778 1.4311888 2.1703055 6.624411
5.5750775 5.908785 4.6385636 2.7288356 6.4773836 10.52062 5.004427 4.5967216 4.2696342 1.492058 6.64053 3.440912 -1.2374363 1.3118505 2.4203238 7.2784214
5.1978993 6.5310297 5.1230807 2.82243 6.3472095 10.845435 5.466882 5.369869 4.586587 1.5706129 7.0270224 3.1907775 -1.2884635 1.2655722 2.5304725 7.5883675
5.7301426 5.8516607 4.3192964 2.6517282 6.0904064 9.935981 5.1245794 4.343957 4.283106 1.4593828 6.826128 3.6075542 -1.0531864 1.3302534 2.3781996 7.168272
4.862194 6.578409 4.431119 2.7479713 6.250231 10.729014 5.5742183 5.093686 4.4139533 1.5041475 7.1027884 3.2362494 -1.1510594 1.2550585 2.4825878 7.44419
5.0975575 6.5148835 3.2329893 2.5538855 5.656496 9.9332695 5.458714 4.512259 4.4659204 1.3825252 7.592675 3.5932186 -0.69755673 1.2773964 2.3393369 7.065429
6.6791677 3.6070147 1.861637 2.0907476 4.002882 6.3265586 5.152076 4.561902 2.9803295 1.1398511 5.8310585 4.2759666 0.16363668 1.5122584 2.0734322 6.0439286
5.9624457 0.5124049 0.4107021 1.2348732 2.6298306 9.545348 7.3381224 1.442947 4.1592116 1.2586694 5.985446 3.4564414 2.8054085 1.7613685 1.5370781 8.214842
5.280555 -0.17640257 -0.04900968 0.9414588 2.4562986 10.932819 7.8337183 0.28108478 4.292148 1.2562158 6.9838552 3.1167083 3.4950953 1.758587 1.3510302 8.961751
3.9433708 -0.3910761 -0.29082572 0.8579937 2.8640056 11.536483 7.591379 -0.022839308 4.1865916 1.1444253 10.336639 3.036635 3.0807517 1.5986682 1.3185318 9.1944475
3.687518 -0.23651361 -0.17687798 0.793789 2.7575288 11.725816 7.209968 -0.019233465 3.9268632 1.0698267 10.344943 2.8950696 2.811069 1.539255 1.2679247 9.289932
2.3801286 -0.7669163 0.09651923 0.50528836 1.4975462 12.311892 6.2099643 -1.1391761 2.9474247 0.70916283 10.612321 3.300877 1.1680024 1.4123632 0.9851898 11.11344
2.2004523 -0.76934624 0.04843402 0.49584913 1.5973835 12.36934 6.2088594 -1.1581323 2.9683456 0.69603693 11.224896 3.2966585 1.1166254 1.3905596 0.9821975 11.166006
2.124033 -0.77564 -0.09526098 0.51538014 1.918045 12.333598 6.4306955 -1.0905333 3.179381 0.7239711 12.287635 3.3040104 1.2485266 1.3859973 1.0087214 11.119846
2.2497542 -0.81845 -0.24535 0.56165457 2.2279673 12.175858 6.64569 -1.0185366 3.3976955 0.779065 12.89833 3.293987 1.5028726 1.4084604 1.0573257 10.977505
2.1783335 -0.7934036 -0.18479776 0.538602 2.115115 12.237118 6.5774612 -1.0429678 3.3179812 0.7539983 12.734165 3.3034296 1.3876443 1.3971403 1.0336432 11.048046
2.7821188 -0.9187465 -0.43974864 0.69992375 2.5583904 11.755655 6.8662395 -0.8787172 3.698941 0.91791534 12.631127 3.2173088 2.117592 1.4870825 1.1890404 10.468347
2.1117787 -0.9821377 -0.35776758 0.5648936 2.2200165 12.061804 6.2316575 -1.2402883 3.2273798 0.74822056 13.231452 3.208456 1.4211264 1.3939979 1.0718548 11.181482
2.0782366 -0.99403286 -0.36108065 0.5596328 2.202794 12.0613785 6.1746826 -1.2694578 3.1938465 0.7391355 13.258604 3.2022758 1.387899 1.3895421 1.0677664 11.221943
1.9756818 -1.0399375 -0.37821925 0.55018437 2.1427703 12.076535 5.948372 -1.3712995 3.0664926 0.7132224 13.309412 3.163 1.3027699 1.3742614 1.0633941 11.318799
1.8558903 -1.0306654 -0.3321209 0.53686786 2.0262883 12.092585 5.4405937 -1.4775977 2.844655 0.6741724 13.269005 2.9962668 1.1978996 1.3345997 1.0662932 11.273786
1.8684778 -0.9543543 -0.25362718 0.5290811 2.005186 12.095016 5.2822766 -1.4472342 2.792656 0.66776025 13.15979 2.9072404 1.1891155 1.3168136 1.0653143 11.126597
1.8791313 -0.9340682 -0.23510754 0.52826285 2.0064611 12.090059 5.267619 -1.4323602 2.7912555 0.6686107 13.120122 2.8924797 1.1938583 1.3144236 1.0652618 11.087267
5
5
5
5
5
5
5
5
5
5
5
5
5
5
5
5
5
5
5
5
10
10
10
10
10
10
10
10
