17
1.6230599130135754 1.65041545681568 1.9004210059878837 1 -3.6 0.09000000000000008 0.0 0.0 -3.5 -0.9 0.0 0.0 0.3799999999999999 0.49 0.0 0.0 0.4800000000000004 -0.5 0.0 0.0 3.3600000000000003 0.79 0.0 0.0 3.46 -0.19999999999999996 0.0 0.0
1.4990408819593266 1.6375177533926866 1.8660019145858273 1 -3.6275983544555004 0.10986803456961369 -0.005712613968604708 0.01380061548275614 -3.4275193263167885 -0.892799433032286 0.03617000227062584 0.006566266577739794 0.3801656996604681 0.49026030925628405 0.0006002170740783662 -0.0052671070590692825 0.48068031074411 -0.4997067148950256 -0.0006774633827662269 0.005342039913975501 3.334312404619583 0.8023528384571748 -0.011995362016214494 -0.0008425626621713107 3.4124978463548246 -0.21939512494966518 -0.02630263068074861 -0.0015443564608307852
1.221881059283003 1.347662161305615 1.9260219924258388 1 -3.6757053475159323 0.1797237523553319 -0.0043042429137272725 0.012416571496123322 -3.3157771847789075 -0.8033770104229336 0.007671772802587522 0.027298025948346412 0.3651985141900287 0.5027954842346769 -0.006156095868317301 0.0003286835463609493 0.4633566643816476 -0.5147136925730277 -0.007771842429664324 -0.0011342428150122787 3.230741867009865 0.8472958445572052 -0.028145000155954687 0.007356273863115166 3.2321715094784844 -0.23818058646827822 -0.03950535309122053 0.008162746782237213
0.9619719465542221 1.003884305976793 1.7140778339952374 1 -3.6865932668005517 0.23034116071642008 0.0021056360062929654 -0.003253650326026836 -3.356379857286803 -0.7117760906290587 -0.01878853265108273 0.015136627791114384 0.3047838976668089 0.5302739449456149 -0.017758533138990753 0.0035073134158967543 0.40166825300729236 -0.540193519656371 -0.01760378118516943 -0.0013542529806919168 3.0544858173536795 0.9197710954434872 -0.03789766192355822 0.011197083570731214 3.057736845554853 -0.1867715298569408 -0.03208908091792091 0.01613343116710693
0.8468610120785323 0.8424970120428821 1.6050226166823798 1 -3.67532497140769 0.26157558175739015 -0.003551734350463239 -0.0060945774546917585 -3.4370715108173187 -0.709722836458327 -0.021324264809795372 0.002219608184146084 0.18717837087700495 0.5533946492709105 -0.028603788636750765 0.002546481959725469 0.28712649015988845 -0.5443826028658711 -0.029035707717520447 0.002104993210259908 2.868413897519175 0.9819274005548986 -0.03208352832562799 0.0035133002687086547 2.8831211153652587 -0.13988185819158672 -0.03886205326993307 0.007851230840489262
0.7691992315631505 0.7192566574914311 1.5641069205849558 1 -3.714532228543278 0.30237262206590776 -0.010154585961347948 0.006980852353509389 -3.4817415711449486 -0.7237037922924212 6.055970319258745e-05 0.005322750519308785 0.026167551056229144 0.5713404548246876 -0.0014445217036907002 -0.0016036677822430945 0.118629288645141 -0.5369521990853917 -0.007165281965396682 0.013680475897486916 2.7310543981941944 0.9846867565075397 -0.04072826904412072 -0.003325901680224062 2.66924950841564 -0.13639719984245835 -0.06449239927367155 -0.0013097869445189755
0.6653064131409145 0.5617318177106804 1.5337596713906454 1 -3.8216898529076744 0.3734895651376664 -0.03540138623409922 0.015761828076789105 -3.490392859858086 -0.7057690916878008 -0.013863992129187007 0.00043367179618900194 -0.15817990866425546 0.6048650193641658 -0.030911800256315805 0.004314251899819085 -0.05995601916765736 -0.510889731320201 -0.02779701380429034 0.017017026625842688 2.6216987767230133 0.9442924479861239 -0.004864472343127681 -0.013962720075699988 2.4782490686834517 -0.15091879358341342 -0.01280531355823044 -0.004153379104578893
0.5724679910423289 0.4472458214584831 1.5368823036567563 1 -3.9265797574391397 0.4613311828547819 -0.006020556274465345 0.016674194486666096 -3.5113448209721376 -0.6620964015319395 0.0031167317244872737 0.017919976041736514 -0.32142440370920244 0.683834107851061 -0.013050694901082302 0.0229751726909893 -0.1888973712383013 -0.43621384967929544 -0.007950406701640694 0.020225152118968387 2.4994241568384856 0.9186131479277828 -0.011168669312334775 -0.003013551685045051 2.3281622764248935 -0.16176907201735213 -0.011286392770162822 -0.004975455089045271
0.4992578719121673 0.3590809073370898 1.555308995533356 1 -3.9829881268842984 0.5401027565133667 -0.015301908410004197 0.01520745269714608 -3.5518373845714097 -0.6073453774798423 -0.013397874415959393 0.005469947450174647 -0.4222122481874919 0.8009167629527487 -0.008299480266918312 0.011127531083037358 -0.28977248497543506 -0.32850931904251723 -0.017936710391861135 0.0359714146438531 2.3970679671142596 0.9117779011141434 -0.019030041335133717 -0.02047858602551777 2.208924533214268 -0.16938089150941527 -0.021732110326674246 0.012124832046234352
0.40751777272874357 0.2506353863255986 1.2868397285726436 1 -4.021530464492856 0.5964516601062817 -0.021710845143098234 0.006433432746990236 -3.577342778345519 -0.5453152147452379 -0.024272848828300705 0.005858419569347226 -0.6094045612777879 0.9932706976900831 -0.06413786600997108 0.030694989886096237 -0.49801718978602594 -0.31539318941742467 -0.06510096960815046 0.009661555571415983 2.3770656098353538 0.930053213754302 0.016408845388582345 0.015005156716429168 2.2050211183153072 -0.052415002118974985 0.012050415030441845 0.021834708201284168
0.4279690877767344 0.2420224366961029 1.1399288001006438 1 -4.109481154688362 0.6641861222236995 -0.013453662492002121 0.013482513874019495 -3.602066873812186 -0.48141599634343013 0.005825274586863209 0.02363137100794835 -0.7576082646221183 1.1003009765516767 0.0026261308070914674 0.012614337931417205 -0.6132115221734886 -0.18551826964210394 0.013872249199189564 0.03630490255624758 2.538937368250367 0.8913611418758693 0.02619222047327229 -0.020574781596984684 2.298648236238707 0.044310472435427295 0.004641850793769997 0.017813167556195945
0.3763904482986772 0.15047487461125722 1.0048615726412171 1 -4.240841604462837 0.7149176363905805 -0.016408642211759486 0.01215555511897162 -3.620227487951959 -0.38207906826909777 0.014692877951690551 0.03141724877915121 -0.7200070453002692 1.148530949230775 0.04631675000598224 0.011529398467503105 -0.560139683097407 -0.03350363099849496 0.040446826114185236 0.03154433850909982 2.7105538376595293 0.8395766193183323 0.016840231137854784 -0.03725890154336129 2.4147414739328497 0.01781763616147658 0.03261795926173761 0.012993579329955311
0.3423081646926699 0.10382702197839323 0.950819787295072 1 -4.337984201592008 0.6918913605814256 -0.0028256698684567694 -0.0012456477809803766 -3.5940830817058136 -0.24770087598014046 0.01765216821768352 0.034293753439020774 -0.5417275387071494 1.2366207048105506 0.05585454698633878 0.025119916510535446 -0.4573049233433153 0.1072533165720464 0.03515629844800479 0.03320722209413165 2.8267295432005293 0.8251793278653279 0.0071330392877602365 -0.0048628860883661446 2.4992002276315377 -0.026436355818229007 -0.007151367641443719 0.009421668501971157
0.3301099501168831 0.07494050972955696 0.888380643275458 1 -4.378685493871977 0.7864969031534257 -0.0070162938708567945 0.04213775485648856 -3.7085447334635093 -0.02266987456783376 -0.03430911096815865 0.051920217779248636 -0.2084535474889062 1.3209365541288873 0.07547012452738411 0.030006787123259448 -0.1586823511880633 0.32983866867576594 0.06785132023541528 0.02452041981981023 2.974779211065374 0.8074159953970583 0.03297610451289318 -0.030198681997998668 2.5816740694398925 -0.04880772342926787 0.04536255704478694 0.009661428751879537
0.30478338780463116 0.010243220923795952 0.7037025529639078 1 -4.431528113375335 0.8947828583364654 -0.03129796199098245 0.009952988379512067 -3.861816183681492 0.26436430648941966 -0.0167718224140598 0.0420620893004803 0.11581029294020517 1.4184109049360027 0.06379610979434013 0.01269736260789096 0.14759817572674017 0.4633059355288591 0.07051444262964862 0.03094765166768234 3.296070787802985 0.7667990678979797 0.09011804351175377 -0.003997848987030719 2.8232005818011148 -0.09292773878937677 0.047665153722749654 -0.013623585879259372
0.3451173718082674 0.040560379823023074 0.49018983526361826 1 -4.508487665076069 0.8572227226299522 -0.024952028240835276 0.004929203047823773 -3.917697995037451 0.41035499445438073 0.011564563097342929 -0.006190638452286821 0.3347671279088029 1.518972909580743 0.053226487852179726 0.011792485345158213 0.4357353087263318 0.6234207288528839 0.06411413753126904 0.04566951607185312 3.706995574737725 0.6392311658219083 0.08383435273864628 -0.02761631153053506 3.1017513882766377 -0.08209673870104506 0.06561970760767691 -0.007259626868691811
0.3908692925383744 0.0950503741368901 0.24474742550290648 1 -4.475576369787013 0.845944038208374 -0.001777788158252025 0.01528586069301151 -3.8817060583728953 0.3707555190686831 0.02491568735421814 -0.028996563813558446 0.547776219162861 1.6342204988501807 0.03777963581131138 0.033143552737565495 0.6571399931191033 0.7931994625514807 0.03203415738095831 0.020084514373961658 4.042661268950271 0.522677360474139 0.0401369274976758 -0.0334273944117902 3.417458486971123 -0.10724587122254803 0.06394753769651028 0.0065630580172974275
2.0398865 2.5040731 0.59310293 1.2920374 0.97895384 14.104103 0.92157423 3.3901594 -0.041614532 0.8346534 6.1402426 -0.6594776 1.2782528 0.7861583 1.2522471 5.689577
2.1654453 2.1567657 0.25272107 1.3697044 1.0158944 14.01991 1.5157436 3.2509413 0.205019 0.8925332 6.2574453 -0.3687271 1.471437 0.8554765 1.256077 6.073369
2.22256 1.8993936 0.02178514 1.4243423 1.1063123 13.92444 1.9417579 3.1062784 0.38465595 0.93184507 6.4499636 -0.10855448 1.5721257 0.90499115 1.2565489 6.4139557
2.180706 1.7825089 -0.04105866 1.4365056 1.2076745 13.850273 2.0672803 2.9314406 0.48150855 0.9429902 6.6040874 0.039812922 1.5868976 0.921829 1.2509397 6.5662026
2.115316 1.841923 0.06533694 1.4235084 1.3097653 13.813804 1.90107 2.8878586 0.47972113 0.9374485 6.60145 0.009672046 1.5623996 0.9116765 1.2544539 6.4423785
2.160749 1.7694087 -0.08648467 1.4332091 1.1590381 13.871941 2.0824003 2.9495103 0.4411624 0.9339727 6.678541 0.048600554 1.5356466 0.91614187 1.2446592 6.6956244
1.9339108 1.285847 -0.53241396 1.4496235 1.2977395 13.756026 2.7751205 2.2683988 0.70188886 0.9446732 7.706131 0.6814209 1.3961588 0.97122496 1.1737251 7.90735
1.6327052 1.2338214 -0.5126753 1.3360174 1.1517 13.894046 2.654068 2.0442781 0.5566773 0.859653 8.26058 0.7566259 1.005169 0.92076385 1.0937275 8.520086
1.6390715 1.2251062 -0.5147319 1.3161657 1.161026 13.866154 2.6785502 2.0043848 0.5717955 0.8506905 8.402822 0.78120375 0.9634835 0.9199923 1.0791781 8.648415
1.5318298 1.157347 -0.54689 1.1120722 1.1329451 13.812784 2.7821517 1.607932 0.639497 0.7537173 9.708883 0.99912024 0.52095354 0.8993783 0.93210393 9.878681
2.5991392 0.15512037 -0.43061864 0.7125881 1.8792 11.734437 4.564873 0.5563104 2.2763274 0.72954166 13.5221615 1.8064219 -0.19221258 1.13065 0.6579989 13.079107
1.8711514 -0.75730705 -2.5290542 0.730276 1.4000401 9.969358 2.3952432 0.5470698 4.039561 0.8839561 12.850738 2.7223396 1.1328439 1.3145325 0.7186959 12.6306
-0.037580967 -3.201796 -2.038524 0.7837595 0.30870962 8.295602 5.230666 -1.5831354 4.3840303 1.1288075 11.326487 3.0753334 1.0867279 1.4786451 0.963554 13.123117
1.6895008 2.1621852 1.978001 1.6697425 1.2803636 5.2439146 1.1380557 1.5947659 0.5955334 1.3940933 12.297117 2.9286842 0.6258636 1.2812543 1.2894704 13.505563
3.14379 2.260936 7.5554 1.1827877 1.2248487 4.6912727 8.178698 1.4434127 1.8008667 0.66546535 15.27137 3.104145 -1.798728 0.7437571 0.9268669 7.254133
4.8344088 2.5660768 8.062609 1.45398 1.4494867 4.13634 7.9310617 3.6541274 2.017191 0.9101521 13.273481 2.3229773 -0.48342907 0.9106438 1.25442 4.7345114
-0.035404205 2.084074 0.6218443 0.43961322 0.60840845 5.503775 8.737764 0.9160795 2.122254 0.5805377 15.8873625 3.7215629 -0.3846717 0.80301166 0.5790781 6.629001
5
5
5
5
5
5
5
5
13
13
13
13
14
14
14
14
10
