3
1.5237472083699508 1.2499474854090535 0.17464249196572965 1 -3.41 -0.09999999999999998 0.0 0.0 -3.5 -1.09 0.0 0.0 0.5700000000000003 -0.45999999999999996 0.0 0.0 0.4800000000000004 -1.46 0.0 0.0 3.5600000000000005 -0.74 0.0 0.0 3.4699999999999998 -1.73 0.0 0.0
1.3778434577499197 0.68499379035704 0.23684772431876158 1 -3.4328410758622887 -0.07667921780422804 -0.0029083532764687496 0.014313226662255601 -3.4260485732150343 -1.0968318172726752 0.037148304499288264 -0.0007388253557443561 0.5706255203617232 -0.46069598940100676 -0.00026568611593396805 -0.0055732167481801435 0.4782128155723173 -1.459532672851471 -8.961138896317956e-05 0.0054530198637405825 3.5346281338211725 -0.7235192479912422 -0.012846815645314745 0.0012838030328625547 3.421901906622703 -1.7437400939257097 -0.026496147333390077 0.0027782318596384827
1.0717005800660093 0.3160267105752052 0.3807262500599093 1 -3.467053021141067 -0.002271027418172533 -0.0074679240775245535 0.003961386307288137 -3.2993328895958074 -1.0319850928659104 0.007714567802685094 0.0290632780889854 0.5582315437885539 -0.4456167130897303 -0.005890694099041045 0.0016556838027210474 0.45710468894014156 -1.4704499302183225 -0.007682353051799257 0.0005884098587254829 3.4404168260305656 -0.6598480620728333 -0.027049016644350193 0.013138138213798256 3.2399022991454123 -1.7283789324401633 -0.03830384249874099 0.016062990183680983
4.90401 1.4894524 4.962331 1.3755833 -0.060746193 12.542241 1.7380358 1.687552 0.6808299 1.1517959 0.28221083 0.5507418 2.412484 0.874079 1.5104363 2.4344869
3.9225357 0.2978506 4.403658 1.3656956 0.2551155 12.929675 2.491064 0.62854004 1.1266862 1.1311827 2.5853615 1.4555597 2.0673134 0.9784241 1.3574406 4.3950405
2.8373363 -0.2556286 3.9443102 1.3069493 0.66051054 13.695345 2.9636445 0.4032812 1.4686418 1.0538454 5.671978 1.7622406 1.8235183 0.9648919 1.2523118 5.448028
5
5
5
