58
1.7689900641518121 1.8030371772260978 4.2691685373149655 1 -3.94 0.30000000000000004 0.0 0.0 -3.57 -0.63 0.0 0.0 -0.23000000000000043 1.7799999999999998 0.0 0.0 0.13999999999999968 0.8500000000000001 0.0 0.0 2.5599999999999996 2.89 0.0 0.0 2.9299999999999997 1.9700000000000002 0.0 0.0
1.6807171213460914 1.8973920021989048 4.254029846956881 1 -3.8710364184426167 0.32847201619290867 0.03615839550774881 0.011037835560832382 -3.586647839346645 -0.6599079123014322 0.0007977514213753298 -0.014196540921232402 -0.23057094849839466 1.7803433766106265 0.0015790390888793565 -0.004873684860223663 0.13987924209341962 0.8503551133636233 -0.0019271238450645997 0.005042273821741366 2.51031091277725 2.8841093518082643 -0.024260731937723965 -0.011240478661408166 2.9132154623750246 1.9470095984117237 -0.011219941633558607 -0.0048035942958785365
1.7898366935320615 2.1265667859179858 4.200991009449776 1 -3.7303207776362064 0.3009974824841408 0.018714944224388207 -0.021499586302312315 -3.6004804801423687 -0.7431364023333412 3.888812561264393e-05 -0.011310583978365991 -0.2542357210924493 1.7856195143915912 -0.007286972310194696 -0.0025863540132297982 0.13125784037632204 0.8321642000401162 -0.0053003361230003 -0.0033153016515829435 2.339736063775649 2.8180748283496904 -0.03216161871518551 -0.02542421511121712 2.841677973511115 1.8598307628624924 -0.022479204171305476 -0.01943365613833077
1.9854309375463595 2.3033205422034815 4.121193251387019 1 -3.728151250183486 0.2045106164553936 -0.008012774192147843 -0.016958685490139618 -3.587082462027049 -0.7928401688635276 0.006026369275698997 -0.0013939346777601426 -0.3206340692566245 1.7780569664192107 -0.016013398168200226 -0.007325716835222068 0.08938493278275672 0.7783142245387138 -0.013963950589338338 -0.011570084393532597 2.207200457759635 2.6941388534607684 -0.021528124883606184 -0.02909817779617832 2.716034858356167 1.7150642240313427 -0.02938108012205607 -0.027527148712491803
1.9827311233542877 2.3133674414090426 4.057807128607015 1 -3.80335395596333 0.16621315327558128 -0.011471693115767139 -0.0030288385104192423 -3.5622367412893094 -0.8148778138237392 0.0045438139563225895 -0.004098845562327683 -0.42638239442266546 1.7256324362886297 -0.025218545881243122 -0.015726450294988675 -0.004997073144244801 0.7015663600002664 -0.02396553847174755 -0.01578535340914966 2.0728106566314306 2.5720204265454 -0.03145565298232646 -0.02526285384206219 2.577643153248646 1.5735616472536331 -0.027312318844942132 -0.01822719465009134
1.953534198765296 2.299753023959295 4.058677443618736 1 -3.8484653578496633 0.157610831972538 0.0016372701376145436 -0.0022667672315721367 -3.5778267246620654 -0.8702884016124521 -0.005749363640669596 -0.01489617376501236 -0.5764300748344722 1.6389531377305673 -0.038988299410382746 -0.020736574080425008 -0.14061894022310373 0.6089696139858227 -0.03550745796329056 -0.024294458346615918 1.882240353519455 2.46981672350445 -0.03717416649845811 -0.01813528352199404 2.4562750584063844 1.5065725366014724 -0.02294271822420854 -0.001651130711649327
1.9992689073862706 2.3371526663452467 4.105015081672761 1 -3.8416363294897735 0.13713723071374906 0.01627458974343044 -0.004486395749984487 -3.639862471704854 -0.9827900060061366 -0.0025988457542849477 -0.02473323949926377 -0.7203787358835316 1.5336745126035032 -0.005728375961808914 -0.019147418738905245 -0.28655965026276586 0.49436446622923413 -0.01108614698014936 -0.015791415827938318 1.6961122340439037 2.392959975217113 -0.036460840737563616 -0.008063239393383327 2.3327740114545934 1.4862989452045285 -0.022459980419813074 -0.013116668121078964
2.0173229428646406 2.349532310602029 4.142931051833881 1 -3.839817177566403 0.08688812905729826 0.0008973594726540222 -0.018850306198462688 -3.693591190888321 -1.1113515451632812 -0.0062627133049038795 -0.015124954481866808 -0.7985789962803262 1.4078688222269098 -0.03437640226684861 -0.029255755357074458 -0.3951471831544575 0.3497894149180054 -0.0357906817158196 -0.04654040947766962 1.5629692546981193 2.335377662367862 -0.0032443686022031615 0.016721231633378977 2.2095186638203517 1.4521837941891333 0.006024279689822276 -0.0030721702664500746
2.018845947471592 2.3448552266118208 4.161690557488009 1 -3.8515788822549815 0.01844009795069601 -0.02276888324251663 -0.01751688378358613 -3.7085102933082177 -1.208195274081675 -0.017959620834722044 -0.015320158336805625 -0.8408490263118886 1.2700313291224479 0.0037596220059922685 -0.03697962903223372 -0.43156457220321176 0.19840985921906906 0.0018028691903954324 -0.012972427512658733 1.459804523021102 2.2865045387808807 -0.006762678067953682 -0.005524974813577509 2.119097383447195 1.41335187561682 -0.009305074293085733 0.007212986519935294
2.040542194879054 2.3706813612065654 4.17962919625987 1 -3.838262435550476 -0.04977275888393584 0.0007614372453714525 -0.015556122881443033 -3.723195063639665 -1.270580619287333 -0.010244518755177118 -0.00851077092100192 -0.8698172559694415 1.1437574349612651 -0.0074034963419827415 -0.028305492517897404 -0.40484951159224725 0.08154360970653363 0.0018655844439795788 -0.0180981112963715 1.3607231624395162 2.243238859282382 -0.016811345964673454 -0.009581523062983432 2.070195047335737 1.4007863958555453 -0.007505142132931405 0.0035931323829785887
2.066995661708217 2.4212944091265225 4.190834340109247 1 -3.7847586715696213 -0.11071776634444308 0.007682326542784515 -0.009889461236190937 -3.776667052307931 -1.315531095791159 -0.018191399022996664 -0.009197822186368531 -0.8581880216732243 1.0480984296069629 -0.003420983542995377 -0.02266863584475492 -0.35140457399717295 0.0003057999992441829 0.00030214008049255295 -0.020194215433149226 1.2863403761093632 2.215994513056992 -0.028978900986072618 -0.018601782508971286 2.0658663363785843 1.411463875503285 -0.009041463702373164 -0.015155036299337945
2.1334982869197647 2.492766917586781 4.199549747069788 1 -3.725406662800574 -0.16883209458158321 -0.01378173760292397 -0.009452295897434864 -3.83742383091595 -1.3458279887179985 -0.026579370200910255 -0.0033035263170833116 -0.8104243210386288 0.9538453761101806 -0.00236676711691863 -0.028975506750987954 -0.29856761196602744 -0.08120345986784638 -0.002948469688471407 -0.02462947609327812 1.272500286813404 2.198515061504103 0.008458507975260484 -0.012976358989580352 2.087299864756818 1.4373094326102578 -0.0057354511669132245 0.015641415709559226
2.2138166188147657 2.571557338860581 4.184525659506282 1 -3.696279001969917 -0.2260584416119884 0.012305497553446084 -0.015806197690507343 -3.866499764032748 -1.3740847293771585 0.005155195031540417 -0.002639198501877946 -0.7528872677637248 0.8284002097266934 -0.01674437703192207 -0.03834464693286091 -0.22831270101152512 -0.17804745765952446 -0.007622029168809977 -0.037180205773169044 1.289634009334229 2.185311169859648 0.013188328112306559 0.015522276418845645 2.1297502568413016 1.4738011527038024 0.02518308114993345 0.018162703182651695
2.2811284459950154 2.646951411857337 4.134284135477115 1 -3.6907111056809576 -0.2770848459413281 -0.011233272582136192 -0.0054831508470501045 -3.880691359472464 -1.3997472371914637 -0.013428564606229692 -0.004420604385667017 -0.6982016062035146 0.6879577980414087 -0.012410353487549378 -0.03928882524526841 -0.1340902070273362 -0.27476764328517944 -0.0010043512255126213 -0.03304794953896818 1.3020838502350882 2.170255992491639 0.013955598236163134 0.00884433094812282 2.179251015159 1.5324085078025576 0.011892117569651844 0.02891493926961773
2.3482429245752523 2.7270022895509043 4.097477273885232 1 -3.668194642926699 -0.32066369994293553 -0.008438445435230348 -0.0018271471440047373 -3.898972062941283 -1.4139611522874742 -0.017074044659607122 -0.003001743902022214 -0.6411916212691713 0.5570413238179261 0.009725975292389166 -0.032613338924444846 -0.04829218371151356 -0.36755682168151294 0.0051092908485245656 -0.016475301566118303 1.2927443518816935 2.161919939469987 0.00018561418915587907 0.007658599857497186 2.210558499699662 1.5933165570315424 0.008944900155782521 0.01511795253468869
2.403645019668596 2.7834018283277917 4.065268288228467 1 -3.6380509586451657 -0.35255542625407854 -0.0026686457581294033 0.0014469832162167231 -3.9240817013085554 -1.4181074356270766 -0.012077138150830547 -0.0034989436182067063 -0.5656829038081539 0.4553465170029376 0.018833876365518823 -0.01649723625175188 0.018433666557079675 -0.45782598647436934 0.01414761610233527 -0.015940260295083067 1.2749395184382282 2.1552042089296717 0.001999186171149518 -0.002075608029317704 2.2127651615751907 1.6309256245029675 -0.006494584019865421 0.011202268648968249
2.419016055143977 2.802819965151767 4.027436221424012 1 -3.619827103575101 -0.36778827794734237 -0.011512001097379144 0.0034187232574610952 -3.932178605760237 -1.4131494419943058 -0.009307190379301725 0.00471208295861539 -0.5011475314967146 0.36978128322452575 0.022299813107182164 -0.01588501515722797 0.06690282082567567 -0.5463173307739004 0.012369345138109188 -0.004733403411120003 1.2446820744415348 2.1325484402446757 -0.01485761772595787 -0.02833929699673585 2.200013288509729 1.6413439482003596 -0.015743179368762798 -0.013261410113723695
2.587499325510625 2.8914254728015125 3.913208771542944 1 -3.6998559062201846 -0.47764259127093556 0.0015149284828136697 -0.041271350248245665 -3.893075549386815 -1.5250816572722696 0.019384132824841055 -0.032178059000713986 -0.41979775348838544 0.20097096335276166 0.023266980625517162 -0.03449105248681812 0.15316031387378093 -0.6778446639547264 0.03343474780204148 -0.041931754473135824 1.4175734258427202 2.1214873334061632 0.07812006565580595 0.026971497384261377 2.2801212423908117 1.6685731132850812 0.038467506088327115 0.044760460831372084
2.63397574493994 2.90381364219284 3.7835696806523402 1 -3.6881284037575655 -0.7104568757942114 -0.005035180698344226 -0.050014223369414586 -4.01392265038364 -1.6180192037582146 -0.0595180501793708 -0.0025075308871921774 -0.2209623489748953 -0.026204258865215935 0.05154885394653254 -0.052088417113616434 0.3026598162593839 -0.8263743857750179 0.028354204262735033 -0.016953503534558625 1.7205204728703443 2.2177620559341653 0.07012266720739047 0.01398604920889895 2.530120361788378 1.9466573539274261 0.025652870293263328 0.077560663016713
2.668700389017474 2.9564105081061167 3.5830141430028197 1 -3.684578279590991 -0.9719116226237268 -0.02103994419264375 -0.05633582147117221 -4.2176287001945525 -1.666396327428528 -0.008487329840429821 -0.0025302672168987066 0.06395059992891206 -0.18147914610075322 0.0621487867146301 -0.02647930535100375 0.5619285417415094 -0.8861363307540756 0.05601449635286761 0.00650211165880025 1.9257447984031746 2.394433785340557 0.040384360613671774 0.037818928383593214 2.7460423997717776 2.2727998053806022 0.01783688833339785 0.04896460476700197
2.742766654192702 3.033594864511919 3.4215963726140384 1 -3.786006558142404 -1.1066049822408262 -0.014330761848703364 -0.02155173399215997 -4.210575471710074 -1.7945311055537032 0.021066010388064126 -0.019363754743368024 0.3167785969895274 -0.25380389532081515 0.050401884728109005 -0.014544540657710386 0.8408507953604332 -0.8573967048926803 0.03887338944874724 0.01973660345290282 2.027033888631558 2.5771351795620623 0.022169725714481947 0.023300048063488992 2.854330073341753 2.4420719869141747 0.0008143056611399149 0.028486959406353606
2.7529890429772474 3.0426109678291446 3.342361377818015 1 -3.7833154307863284 -1.1632439499783618 0.009701241187844246 -0.010850968149102351 -4.123058849481642 -1.8285911739708185 0.02174422754018062 0.019295306004848026 0.482655640080095 -0.24867193383593633 0.032704934429436866 -0.0035773981423035048 1.0161854390714637 -0.8237106003227821 0.013903672637804156 0.01483130641562801 2.065949328466818 2.640924514282778 0.016309263952442102 0.0031998095687425605 2.9028983759446207 2.568353885378018 -0.00587469415735244 0.01903005709517581
2.7902394369037493 3.075624495584848 3.303733511734007 1 -3.693327655297426 -1.1063780019502878 0.015082462846814972 0.02233378379305672 -4.053585573470664 -1.717747109727704 0.020557660710046343 0.035673929723011616 0.5662264549150349 -0.22116209076242366 0.0179747256159924 -0.004602986252410837 1.1006442621473909 -0.8179799828180174 0.004114899547278195 0.009342347660098874 2.0936818899432277 2.6704585289219076 0.014824214277097923 0.003858399263168614 2.9286099471461355 2.5861362954741263 -0.009382170735078414 -0.009034900626008514
2.7911179585431984 3.076409120996372 3.279722103940711 1 -3.602229885087636 -0.943860968506089 0.011545298469211152 0.024988528387942643 -3.955699412925407 -1.583940976403536 0.028562724256234295 0.031885526993099024 0.5886692575381929 -0.228880234439368 0.00600050214948108 -0.012139299589495032 1.1485310722305693 -0.8258042097658735 -0.001556211087550755 0.004562895127448471 2.1042451889460834 2.6545689294095194 0.008584055448672585 -0.016905068445016123 2.937315188986373 2.522264212274117 -0.010332527053499841 -0.011216329935939197
2.7560070529962752 3.0475140159295493 3.263901969821279 1 -3.555629588918724 -0.7936022039762869 0.004118904798017007 0.019869980588297628 -3.857086251810179 -1.4793656181027204 0.01827376723886847 0.02398656506369037 0.5754382191870828 -0.2627546565316917 0.0024743622030797066 -0.012434803411072573 1.1511864544513992 -0.866415432869974 -0.010845661382461295 -0.006208380391882033 2.0964673570664054 2.5568635480772652 0.007034666488784445 -0.020993005275965173 2.940684287268433 2.4547661420531575 -0.010821558470678904 -0.018443467388913518
2.7413832628994697 3.039483328280439 3.2368038458586423 1 -3.5296931895528743 -0.6844071621987299 0.003334503153737606 0.01407744988904016 -3.8207505994568205 -1.401170798565016 0.00442154261479678 0.016995330484557862 0.561389755815302 -0.3059339458693474 0.0007061227487837936 -0.015470240382283992 1.1118998694187638 -0.9506925261090786 -0.013939122056256395 -0.012885164996585069 2.089555327656119 2.472029503960525 0.006292492455317145 -0.019983936823368305 2.93347175286221 2.3160038233482414 -0.01212065601638539 -0.030666744577927695
2.694604926814763 2.9970504729579868 3.195400390491671 1 -3.5212650226324955 -0.6033267788797789 5.6991274731160724e-05 0.012597640258190861 -3.8196684668916543 -1.354217596627934 0.002152420337716912 0.005379779373781181 0.5260892506160664 -0.38200704729719426 -0.005971164766593031 -0.021379964829540438 1.0694572065590204 -1.0458183306259319 -0.011661132195248908 -0.014194025490727749 2.078265982090417 2.3447658640195215 0.004924885113866701 -0.033038321450225415 2.923176267667065 2.1731516319940627 -0.010893368606791038 -0.02350583838460168
2.648625797961681 2.9560250185686634 3.1436429584994294 1 -3.5366467286178898 -0.5533549479978218 0.0015253894775526895 0.008560504078667604 -3.81533937550187 -1.3434028718385371 0.0017575468387017665 -0.005323473258752067 0.4842229979303809 -0.47312733334608514 -0.002079894496475835 -0.01958337243407122 1.0218515926055174 -1.153399748599774 -0.014175374512166427 -0.01961550873450072 2.0669553182434157 2.196035273777879 0.0058214647855255736 -0.027312355345102908 2.9150829143743078 2.0348359905026494 -0.011482112690957162 -0.030916104255086556
2.610152444825242 2.9204735440218483 3.085942109199495 1 -3.5422456433785308 -0.543899374080314 0.004947845638086538 -0.00074874506302023 -3.824960670034132 -1.3473271004475742 -0.001293414853934592 -0.0038941649699356165 0.46986164888335846 -0.5586244666826158 0.00042404887773403975 -0.019987127679424288 0.9625086452264471 -1.2803639870212842 -0.011947234119218086 -0.021236544757514467 2.0603349905145514 2.0750032762626835 0.005402932742975323 -0.028229976412827915 2.90109851481197 1.8629166218822082 -0.010869015353393085 -0.030945578857250546
2.518654976464427 2.887630882760222 3.1069055786955797 1 -3.5636666877892345 -0.4962781835662825 -0.007407464176126763 0.0047516624539242925 -3.728998041788187 -1.4014818566365321 0.053013125606594394 -0.0003114012886266445 0.5686623537159194 -0.4447041239956402 0.022964044948414742 0.026394447219341255 0.6194665714736258 -1.4506079463460488 -0.08871162086814668 -0.005101393533140629 1.9429319364965156 1.9156672619511173 -0.022123671296133775 -0.05422985219813342 2.835165167902211 1.6827867345042367 -0.04080055270188003 -0.04212818207958679
2.546068469661936 3.0015158690381076 3.19068392037191 1 -3.57650728185788 -0.3459159635191029 -0.007213428408112813 0.02537209592345676 -3.556505637275616 -1.3650685706177454 0.012422744372702521 0.03659458595497239 0.4697713534810113 -0.31465357124518756 -0.06522750969151932 0.026377580499776534 0.29288436053815214 -1.4068253010141947 -0.0503975576157179 0.016837576163265477 1.7568159271338493 1.6244103035283515 -0.020518548164550923 -0.0806004377259321 2.771346104837013 1.3322013805165738 -0.023258776974307782 -0.09987185933760781
2.588217503331244 2.993604046778051 3.0579320495081777 1 -3.6244351266483195 -0.17880625527534522 -0.010763356889849723 0.03385910147730552 -3.62513642177439 -1.1883279765241264 -0.027651456338008012 0.03305572651117248 0.1292305841961099 -0.24128120385732266 -0.08145389012467649 0.01631696779998653 0.13514520956929577 -1.3095783137468293 -0.04260754327628515 0.006330902909316563 1.7281923224578613 1.3069202497481447 0.011418021611075373 -0.04011513022299712 2.7206124687723285 0.8759440913711116 -0.0001581271419160142 -0.06972099683561883
2.424023677481086 2.855161086536886 2.9792648482802098 1 -3.685190851867382 0.022531299543313343 -0.031396374762845486 0.03972479898325179 -3.757283299697374 -1.071928757724455 -0.03434535177441239 0.020312712513283083 -0.10605767500698882 -0.14468821979641078 -0.01746024113947532 0.01334918565194571 -0.10128915335562994 -1.2423164498423565 -0.05389181689724051 0.02737440901472022 1.6916771459814166 0.9662472951485834 -0.02478774304092604 -0.08140244599303893 2.656716868209217 0.44746503949404137 -0.0211422126508057 -0.08765352997597708
2.3602113524813557 2.77734656167593 2.8785290655344413 1 -3.802998324292055 0.22204374956304895 -0.02153241624401895 0.03788404879185387 -3.764378277333146 -0.9846545046138739 0.02278582891839147 0.020078628021154968 -0.200203742620916 -0.07443358495257946 -0.02166078085389044 0.017449868908004304 -0.47012450390350047 -1.154592476185139 -0.07220975790626105 0.0010112389031834567 1.634237647851327 0.6979974591818547 0.01679522665286024 -0.015296506097879683 2.554864925688313 0.12188103432050368 -0.017234658779105596 -0.04439063482415794
2.385722657646236 2.7415606292243067 2.7626565354866375 1 -3.97233878945458 0.38532765898821686 -0.016805762326845042 0.02185659294145708 -3.713383783632316 -0.8462424585519117 0.011180649795680717 0.046548201757745836 -0.27164981298097146 -0.09552655090753304 0.007816682022555269 -0.019687913492836568 -0.7515890520213278 -1.1183167174774171 -0.022222960234010034 -0.0036929008983398247 1.591926199818242 0.48470066561972747 -0.0034332159173644256 -0.01947041021387108 2.4421812316684948 -0.15672762463882228 -0.009106344972646025 -0.04468773785576556
2.268158900716724 2.6440225161365416 2.684785557576571 1 -4.09805954151378 0.5189866228237596 -0.011367305694879096 0.015476974341013404 -3.7117181070482537 -0.6536026155791081 0.015726175883629442 0.04743007155343952 -0.36151193412268867 -0.1444303321756102 0.004494381317158343 -0.016656855126491343 -0.8823650160543335 -1.1443801192009222 0.0012142932162980298 -0.008928960986954802 1.534056086789234 0.2779376094628023 0.006004879684997615 -0.02204439493755695 2.3504879669760186 -0.39137589535129436 -0.004859227435963118 -0.031848174954901186
2.1550904432628344 2.5261383385121037 2.6177201615749337 1 -4.198652638485785 0.5907752369942556 -0.02678181152115863 0.0050976630861819874 -3.714389233094742 -0.4913623630666145 -0.014760976945464795 0.02199621217363412 -0.40807547597637495 -0.17045844126217102 -0.011442374979958977 -0.004532926876663602 -0.9720511805294705 -1.118919717085341 -0.02470438180059464 0.02319470462607685 1.4791152657942392 0.08510665157296571 -0.005632327125360966 -0.04296604779231844 2.288454291354337 -0.5994556690747528 -0.028326342002720467 -0.04064956121745604
2.0090835947434784 2.2837768881151965 2.5880492149365963 1 -4.272094319373657 0.6239270410300775 -0.025529631124970066 0.0043015978019117496 -3.715373599405026 -0.36758890198669714 -0.012567609869606634 0.009907623471549833 -0.48359673021719995 -0.09524154416539465 -0.035068855785106996 0.02524752437149041 -0.9319900899744784 -1.135202805590204 -0.0025782889833449642 -0.001463488280263994 1.4567545483049429 -0.024127055833981226 -0.020986892929539928 -0.021907037123483783 2.20025644430768 -0.8129118326823499 -0.032392574096823605 -0.053800067902965945
1.5650312987816508 1.8350939510116373 2.6684833577469256 1 -4.330296666093774 0.6331972551596243 -0.0050551856237828876 0.00709397476209717 -3.7119034012065093 -0.2783395218126852 0.005924707630014051 0.016345607003801284 -0.5426709664467153 -0.02364394417078297 -0.01739285768655119 0.004479501471007338 -0.9290509596127281 -1.1240614353258207 -0.010375031140699285 0.022305433105638043 1.3957013234252633 -0.02846352104847838 0.0032909886551836663 0.005863893584932257 2.0258762148403147 -1.0002425662794914 -0.04432236880363922 0.0008945005687958502
1.2270563266612182 1.4105259686585205 2.652669755720429 1 -4.376509925432282 0.6652851424377448 0.004041257331635627 0.004449804869833152 -3.743683849586337 -0.2508810498345485 -0.014578781907950825 0.008707371905913742 -0.5850680121838563 0.034104151048691245 0.006513668521501238 0.005294047967316518 -1.0413014783846042 -1.0492781920981311 -0.010897160592812483 0.013072944814083054 1.3182092002605534 0.05460137400123677 0.011628765022598804 0.03510033812289612 1.8948430181798166 -0.9653434918979538 -0.0004564962320998149 0.025092542593381638
1.0607893399140225 1.1615294127970779 2.351657033861604 1 -4.40977514763441 0.7448422356530384 0.0031541935481798383 0.018031238188619778 -3.8173788742502883 -0.2596863090951813 -0.005548021232570423 0.006655502609324337 -0.6731026205066226 0.11235153704469925 -0.004529152996917012 0.007702486124846162 -1.1463610361246541 -0.9831722938179798 0.003531089860101271 0.006633385965109275 1.334179930213482 0.17131363786113596 0.030327978892262228 0.006828893033126657 1.7981614562197175 -0.8837113029525812 -0.026431278796767533 0.033364607289938765
0.9476880920543886 0.9774713726594001 2.114741772363906 1 -4.453374716682226 0.7905759848627536 -0.00017432240020097845 0.004044043839062834 -3.8537065554400836 -0.24784672071560898 0.01571234259439737 0.018691434615215816 -0.7631180516974516 0.18587936958458284 -0.04189068747066293 0.020782182491102315 -1.1605596579916941 -0.9359139768999192 -0.015273416206907331 0.020197366875725552 1.4458661846640588 0.25458485765037175 0.020979164225176566 0.023405018521554993 1.725200936374904 -0.8306027646372349 -0.006326238563486745 -0.00046576489104671256
0.7735819173338755 0.7322912112682796 1.8926703244408767 1 -4.518942763233718 0.7637764700647725 -0.021598952294303482 -0.015592735390402644 -3.8396151131678593 -0.2034596188058062 -0.0071104608843380445 -0.0012406392362349073 -0.7979522033872177 0.27257240005500805 -0.004233241837565528 0.011948959970129602 -1.1022114513096049 -0.8576426601868148 0.017985819997125813 0.03301573766173911 1.578955044499187 0.3287714320226389 0.04561266934549244 0.022313294331131318 1.7115340292891599 -0.770459268066853 0.022502243614789696 0.013113218061222542
0.6017043309459357 0.49682966952942526 1.7089074822487917 1 -4.564680914342317 0.738713278408812 -0.017032419669050815 -0.008503558284857406 -3.826905064548339 -0.1670777297498942 -0.01048940537353997 -0.0073585410449019326 -0.7648057199837575 0.40474222357584444 -0.008914390385833035 0.03372983167202127 -1.0230192822534323 -0.7179198409740079 0.001145384306170566 0.03970492648915448 1.7300779671245525 0.4206810269825152 0.04731084988451248 0.011506786676063157 1.7482178414395504 -0.6851038659810971 0.022928673135875717 0.02337390268256648
0.47466769572874573 0.3200318913918232 1.584897802179449 1 -4.563493783339854 0.742786527698823 0.017755837317854874 0.0005924079025308943 -3.8333550921028112 -0.15331915007249908 -0.00198526956924949 0.009852598902419425 -0.6908456950698785 0.5843388834922547 0.007260921704822365 0.048893815199514676 -0.9322556158813353 -0.5272703909199838 0.007944436819052353 0.03407091387325065 1.9067907194710019 0.4914980949597725 0.06082520294434175 0.005479569699771435 1.796896956392981 -0.6039156641784913 0.03621352852399774 0.010310992643507735
0.35796447415399363 0.16002949609613662 1.4953607312725716 1 -4.531507741183714 0.7350474686826218 0.0222186471639803 -0.0014332725290571646 -3.8221376180680906 -0.15768164370000237 0.018718513106032487 0.012697499540471736 -0.6152883607453337 0.7830216461326736 0.02061123102297823 0.04616899491612328 -0.8334506564126385 -0.3220535565414159 0.022810873212131245 0.03246752139693867 2.0855774752015313 0.5155906039497014 0.05720975600783543 -0.00978934203981153 1.8431461817466417 -0.54971073262326 0.037282210496155044 0.005158674588037008
0.24307155761692673 0.0010369338178048532 1.4257553090798285 -1 -4.49611375961455 0.6810213213238003 -0.0004953895352578412 -0.022084010617127635 -3.7631022768950557 -0.1865000151050592 0.0015048303102903147 -0.02073945222051395 -0.5391562665760632 0.9753379640775868 0.003553316040532783 0.038667265399799804 -0.7230833953475506 -0.12354901665725881 0.011841562702002768 0.04136064192780236 2.2441713831114356 0.5126556271238132 0.0252161128096048 -0.012922704036935252 1.8941857977761867 -0.5135037405224572 0.01152549254833252 0.016597550941520458
0.1447369330568481 0.12606695610905497 1.2319791253417562 -1 -4.4327685941065225 0.6111083105853619 0.022552784975912378 -0.0057411078327294284 -3.6816417047760153 -0.24244691313651523 0.022652477193810874 -0.006831540765746844 -0.4571559385324786 1.159115810711401 0.02224397688041399 0.04788696288445104 -0.6054103738590269 0.06998989031513503 0.024280841115751448 0.026143657579295404 2.3760678642849395 0.5074369344995129 0.03672011707387381 -0.0036781451705033335 1.933200305422563 -0.47884194161678073 0.016515312348554224 -0.002080144817995015
0.046997034563423926 0.24087130600731563 1.0837059902132733 -1 -4.330095498792055 0.5612900536272287 0.028802713995666092 -0.011803128415408298 -3.6364978935115904 -0.3146923765387687 0.006335972933636865 -0.0071968990693964795 -0.37762204567901403 1.3301213648307924 0.002711559157631077 0.034465737824473444 -0.5055054730724233 0.2485362516677312 0.0031436566555347323 0.0327059247137015 2.4867000895773383 0.4868752605896356 0.023004097854825368 0.0068882532660846305 1.9462322435551407 -0.4456463583980187 -0.006544338567817359 -0.0010774494850296981
0.08505620588075295 0.40360487854796007 0.722606296992701 -1 -4.267513633752972 0.6072083471875658 -0.005056734630191403 0.02411741462802703 -3.706211628632162 -0.301430287632955 -0.010983398753860623 0.013404487343944779 -0.2925240419497088 1.5165496686992035 0.021467744049264416 0.05099199068325733 -0.41344034271881114 0.4611716591317425 0.02487557577209436 0.040874590333175156 2.6272924346536266 0.4872361546453303 0.058134397649704836 0.0010754218641424486 2.1011819188078222 -0.35967453974397845 0.055059136837746936 0.007079941422962956
0.12437228553963194 0.5084880885480952 0.2919252535402267 -1 -4.367564204232997 0.6349119909610359 -0.03748322032529407 -0.006782796991448372 -3.722823242697835 -0.13574845601378782 -0.0036881774289034114 0.0364576848990079 -0.17979741324739784 1.6985809400262868 0.020236515627738465 0.02974330786191015 -0.2608352468643771 0.7196222159733481 0.023138883742858198 0.05182980586395741 2.985864593961028 0.3633624669819546 0.09017166159550824 -0.020910125374720406 2.3999721603352686 -0.32733601463171447 0.03934754296716216 -0.008963407675488335
0.17714162486356258 0.6810705816903821 0.24517177140833804 -1 -4.475017779958994 0.6524847854392324 0.008759887712207029 -0.0008318098776112139 -3.75288838658866 0.04923054891821388 -0.024519258694137798 0.03467667210936768 0.05578536053624816 1.8325825574336596 0.05768267008147193 0.028586665753346646 -0.049353272492012934 0.9294141313128148 0.041663080863560006 0.028013127647528772 3.3300629146409353 0.18088368727444504 0.06166150345617879 -0.008475306508949093 2.6513938440364564 -0.3857835622508139 0.02877432023694331 -0.02242713555031988
0.21585174274209326 0.8187615538578265 0.4031502537659164 -1 -4.437124506389785 0.7097003743683341 -0.0013614572984291008 0.01636881757933497 -3.8108203098054103 0.11875371924590117 0.009472477820307905 -0.003062353623341266 0.3388962997083702 1.8948893739050519 0.0556465213001652 0.03385769575215594 0.16141889424445566 1.0493061335168452 0.035094630799764846 -0.011989839973379803 3.5353733528663813 0.07455218215264758 0.04741362880016185 -0.009378740861700298 2.8389908506032624 -0.4751063273490047 0.01871026726280149 -0.021789802729320143
0.2418980466184513 0.9325608817779656 0.5344363870786575 -1 -4.369487284754452 0.7295125349461935 0.012907275846530376 0.007723553225590426 -3.829307886042087 0.159681091130641 0.0018731749726494246 0.00382250320695305 0.5367073317214022 1.9295297517168586 0.022375734851572297 -0.027796047527976087 0.34324661855634453 1.1067548904714952 0.03982024785961831 0.041193988805861094 3.712392567246267 -0.001225342724865186 -0.0028900605729049074 -0.04396638852977501 3.0095544223475015 -0.5095679199472245 0.06921880539925383 0.011821748863647055
0.21554769380554303 1.0211029313057531 0.647923286571501 -1 -4.288317998362015 0.7210493671238483 0.03964121366658488 -0.029537013444925764 -3.7928460407427114 0.16653708318586102 -0.003889537004343359 0.01763025871291382 0.6653499674930909 1.9669884756223683 0.015050527604929625 -0.033968026929289075 0.47712142876841046 1.156022444830652 0.029824364653764812 0.04322273463449628 3.874712773543031 -0.1301003965827381 -0.01283671111268015 -0.06025789122515989 3.1796819710325117 -0.5829392233082287 0.058715876353974836 0.0017415654772030154
0.18052001281979885 1.0727840664457713 0.4463138678084606 -1 -4.222212189115177 0.6460012669251298 0.03610688375607872 -0.03509605338234832 -3.7182153683983525 0.1236140293073491 -0.0009387616266965399 0.009704282467142755 0.7855603496932497 1.9777479659673642 0.012270880770354398 -0.04041467358858056 0.5643820001806485 1.1981968280313375 0.026115254286453938 0.04018358551230135 3.985868689778714 -0.31516086868930726 -0.030789124079966562 -0.05623038576471885 3.262940824165468 -0.6812265632269767 0.04751445341558194 -0.005374621917050612
0.10829188437886993 1.2039083877726693 0.3594464482974182 -1 -4.160827794452665 0.584635996914767 0.03665843753278053 -0.02836694488381478 -3.65417444548772 0.0527947787563825 -0.006933578950675643 0.007940525189206836 0.8799908485987196 1.9704856960590855 0.0031884738464272398 -0.04355495556193657 0.6535199262749076 1.2084505269634582 0.029505955800699465 0.03365223669799684 4.015020612300072 -0.4356419115671535 -0.04384913811047704 -0.03907959248633035 3.2968238184387975 -0.8095238690397943 0.03985793497205982 -0.006785113416128537
0.031263801354228876 1.2490936687934726 0.28468822227244844 -1 -4.0947090477170915 0.5538203925445311 0.03496383516126925 -0.024824703146877555 -3.6245566025841 -0.01746851482610101 -0.011123064303572077 0.011018712359775765 0.9403361200892677 1.956223817762984 -0.0012237961632550302 -0.04559965253365672 0.7277048513995616 1.1917488212582792 0.02012131182404331 0.030976054533790293 4.010075872844464 -0.5206199109077911 -0.04557228764270399 -0.038916675937630214 3.290215949193735 -0.8980969628182349 0.03446178514620119 0.0076041420543908065
11.794842 3.4758408 1.6130571 2.318786 1.7330232 5.569427 3.316033 2.1059504 0.862109 1.2945762 6.5066767 0.6180202 3.2933002 0.9824387 3.089726 1.5603466
11.858818 3.338265 1.6386732 2.3144593 1.6420116 5.5322156 3.2149062 2.1184556 0.93269867 1.3049009 6.2277417 0.5436646 3.319712 0.99458855 3.0854714 1.5297914
11.868046 3.3192663 1.6488568 2.312357 1.6309452 5.4984946 3.1563764 2.1293437 0.94824934 1.3033175 6.1654615 0.5189359 3.314619 0.9909679 3.08796 1.4935708
11.899519 3.5169015 1.6655085 2.325613 1.6890397 5.435694 3.176011 2.146582 0.81652045 1.3016243 6.107909 0.56969786 3.282062 0.97851515 3.1066146 1.4296336
11.921225 3.6525347 1.6707997 2.331454 1.725935 5.428031 3.248708 2.1457496 0.71707034 1.3026334 6.0824175 0.6196456 3.2786 0.97218823 3.117782 1.4224124
11.907225 3.5552816 1.6663417 2.3136687 1.6917863 5.538253 3.355287 2.1294951 0.78954154 1.305531 6.1024365 0.6111319 3.3351407 0.9808574 3.1063843 1.4977679
11.8112335 2.9063034 1.6298579 2.2635167 1.5211153 5.755736 3.4452834 2.0411344 1.2572918 1.3115464 6.2433953 0.50989413 3.4600322 1.0240372 3.0530725 1.7517052
11.668541 2.3598008 1.5469669 2.2349057 1.4271793 5.888932 3.5235143 1.9215579 1.6127226 1.3141696 6.569644 0.4853469 3.5277765 1.0582981 3.0092592 2.0619626
11.385813 2.471653 1.4967806 2.1874156 1.5574412 6.072337 3.4632578 1.9830351 1.6563572 1.2506462 7.5299864 0.43215454 3.4783432 0.9965552 2.9827862 1.9511876
11.136868 2.8151398 1.4640512 2.1404874 1.6805873 6.2356577 3.3971028 2.0919838 1.5343363 1.1723299 8.386311 0.38803422 3.384285 0.91012824 2.9642792 1.7127991
10.876696 3.0213413 1.3884553 2.0709436 1.6442242 6.4591994 3.3479652 2.1610668 1.4349737 1.0815657 9.148498 0.30875623 3.295572 0.8209442 2.918313 1.5460854
10.587177 3.2333689 1.2511735 1.9500233 1.3460903 6.803889 3.2747273 2.2148342 1.2128829 0.94288695 9.794113 0.14446378 3.169839 0.6893822 2.8270857 1.3325415
10.53927 3.2747371 1.230361 1.9359848 1.3080902 6.8467884 3.2900052 2.2192914 1.1757619 0.92372036 9.87439 0.13909686 3.1456623 0.67155147 2.8164496 1.3141122
10.372619 3.3592782 1.1206453 1.8443092 0.99938774 7.087701 3.2375438 2.2205298 0.98483646 0.8263488 10.096004 0.008478999 3.057842 0.58225965 2.7425303 1.1941829
10.344547 3.365067 1.1118317 1.838297 0.9879513 7.1029444 3.2328434 2.217887 0.9749924 0.81982255 10.13265 0.0013818741 3.052233 0.57560813 2.7386246 1.1883368
10.237626 3.445546 1.0371828 1.776939 0.7736807 7.259188 3.2095945 2.2125773 0.8043566 0.7514062 10.222286 -0.07472062 2.976768 0.513075 2.6888237 1.1015644
10.183183 3.4792745 0.99687934 1.7425473 0.6396785 7.332963 3.185822 2.2076428 0.70773077 0.71553254 10.240942 -0.122211576 2.9424145 0.4796312 2.6605268 1.0577497
9.841803 4.192861 1.0377898 1.8830253 1.8461313 7.059308 3.0383015 2.2040854 0.48677397 0.74279094 11.736446 0.1963718 2.7261138 0.4650433 2.805548 0.8874254
1.6061177 4.383581 4.046041 2.3066947 0.8432026 5.9518056 3.7765079 2.9300206 0.33516324 1.2910036 12.195398 0.67885184 2.7313285 0.7267245 2.8437543 1.700007
1.5755353 4.36063 4.373928 2.3442535 0.9819598 5.7930565 3.6338758 2.9727287 0.27931988 1.3258122 12.174713 0.7150409 2.721148 0.75539565 2.8626575 1.7642231
1.3773031 4.7700887 4.0380006 2.2982259 0.5116811 5.936993 3.9139357 2.9696567 0.52529275 1.2874458 12.520309 0.6913035 2.8488665 0.7023928 2.818843 1.7313881
1.2156892 5.049791 3.7210674 2.3185582 0.42806053 5.9766893 4.2280993 3.0132875 0.86971503 1.3089516 12.929914 0.7560499 2.9852567 0.7028581 2.843045 1.7161026
2.108904 5.1810985 3.2169733 2.2516427 0.36850452 6.1041007 4.2136674 2.9422793 0.9182182 1.228726 12.999357 0.7035829 3.0275705 0.6497979 2.817574 1.632668
4.472382 5.098023 2.211858 1.9458191 -0.2594719 6.8941574 3.834574 2.737346 0.43289995 0.8836416 12.354029 0.25909638 2.8336196 0.41996813 2.6298177 1.3375511
3.0186331 5.4612613 2.2655344 1.8149344 -1.4481192 7.293089 3.9076128 2.7906766 0.122021556 0.7823515 12.013823 0.05027485 2.7584705 0.29831803 2.433621 1.4530077
1.8254824 5.795931 2.465134 1.7959143 -1.8962436 7.370449 3.9106166 2.8541985 0.011404932 0.78654015 11.889903 -0.0047234297 2.7583292 0.26963747 2.356769 1.5511909
0.75302124 6.3879223 2.5647707 1.7650168 -2.15232 7.549843 3.702374 2.8552618 -0.13550162 0.771973 11.646888 -0.09955561 2.7450671 0.22750545 2.265181 1.6475677
-0.23463249 7.856881 2.5192637 1.6962036 -1.8535581 7.9764757 2.8704252 2.5864704 -0.37116256 0.71081936 11.075967 -0.31557596 2.708476 0.15114617 2.1233053 1.7121687
-0.8924074 10.191786 2.6826568 1.6398463 -0.91170025 8.371591 1.968134 2.5897357 -0.69518936 0.6334473 10.075457 -0.38056624 2.6560838 0.095351696 1.9720731 1.6934228
-0.78555393 12.701632 3.3131664 1.8087081 0.5140562 8.12489 2.6814294 3.267454 -0.5637166 0.770218 7.4835925 0.48438 2.6430678 0.2894119 2.0457366 1.6912041
-0.7281208 12.729593 3.3063264 1.8235873 0.49138927 8.169743 2.7109785 3.256989 -0.571688 0.783463 7.084816 0.5131234 2.6258304 0.30280674 2.0516603 1.7361808
0.004076004 12.532007 3.8608298 2.0726821 1.5661073 6.864962 2.9213839 3.4847763 -0.32891652 1.0656456 6.9530683 0.88208723 3.0274997 0.5529598 2.2986772 1.5925097
0.73787165 12.395948 4.183103 2.1744952 1.5386257 6.128523 3.1567483 3.4812903 -0.4299846 1.2092205 5.4595785 1.0775349 3.1888556 0.695263 2.3911233 1.6445374
-0.88382435 13.566429 2.3808124 2.3617847 2.2197406 11.368619 3.0027165 4.1096964 0.08254385 1.0398711 1.2218533 1.2674687 1.7743163 0.51189387 2.305804 2.846681
-1.8591471 13.841734 1.6221645 1.8981235 0.20697308 13.12298 2.4155226 2.8279548 -0.6549842 0.5793594 0.17888355 0.7880579 0.874619 0.14939106 1.8490485 3.5997891
-1.8902898 13.630891 1.4282491 1.8582969 0.5651102 13.329801 2.2860293 2.7876482 -0.7662256 0.5509602 0.18578148 0.60190177 1.0219065 0.123583436 1.8225617 3.065422
-1.5725226 12.290604 1.4913812 1.7866979 1.5425067 13.002026 1.7963129 2.3895426 -1.2227811 0.59843314 -0.74348783 0.427644 1.0485544 0.23337162 1.7817914 2.86696
1.6841979 1.4102945 2.2732189 1.3488612 0.16732168 13.65751 4.0113955 6.3913584 1.3566347 0.93030393 -1.3225989 -0.5006267 2.1940641 0.8795353 1.4859993 4.355484
2.3919392 -0.5884423 2.414701 1.2036558 -0.4338498 13.181642 4.387856 5.1885834 1.544527 0.8667015 1.0371237 0.21349585 2.195561 0.81349385 1.5131669 3.6337175
2.1527138 -0.67710686 2.4317658 1.1634763 -0.36500883 13.517629 4.2501836 5.3816166 1.373825 0.80594385 1.6298375 0.22384942 2.0080523 0.75339556 1.5000753 3.524941
1.115593 0.34019995 2.2135963 1.0961114 -0.42486572 13.232365 3.4911356 3.4443183 1.9440997 0.73651326 1.9209051 -0.044487 2.0623085 0.71174157 1.406446 3.971768
1.4693508 -0.27608585 2.4648845 1.2107872 -0.6579447 13.199226 3.7983809 4.5992427 1.6143157 0.80234504 1.0703378 0.025270939 1.9682391 0.75307786 1.5229857 3.8080516
2.3210583 -2.19417 1.6204615 0.998754 0.2853446 12.738431 6.296823 1.8436313 1.4891126 0.7433398 4.2976055 2.7459126 0.48841393 1.049303 1.0311573 9.004513
1.0293641 -0.2133069 1.090438 0.69098735 0.7929759 12.56931 4.9006734 -1.840503 2.3648305 0.56173015 5.944503 2.461391 0.5534695 0.94213367 0.7175889 9.820339
-0.8122692 2.5934837 0.6383202 0.68911517 2.059185 13.951428 3.9342985 -0.05221033 2.2740524 0.43476808 7.1641016 1.2476864 -0.00405097 0.8515972 0.5192095 11.466132
1.3386049 2.5831163 0.22121716 0.6244544 2.8920155 14.249892 4.713109 1.95261 1.5560596 0.5881816 10.209304 1.1732023 -0.41219538 0.973833 0.34175563 13.340197
-0.8720579 1.4969091 2.0997963 0.7693298 1.046484 13.344281 8.854969 1.7883129 1.9312012 0.68878007 11.439975 0.3366984 -2.1517448 0.81448793 0.620875 14.229942
-0.04428816 1.05143 1.60218 0.6449895 2.188296 13.744134 7.433232 1.3897289 0.32654965 0.7119882 10.854261 0.43536615 -2.1743495 0.9187455 0.4773606 14.976452
0.72031355 2.0774684 0.85525143 0.596696 2.578584 14.1676445 6.0607905 2.2236512 0.3910814 0.6277338 11.447991 0.712561 -1.6894877 0.9162525 0.34767878 14.864901
1.0340719 1.8165214 -0.8564323 0.82239425 1.186091 9.625665 8.277842 -1.145267 -0.90259767 0.95884 12.969851 3.6359506 0.854483 1.1649489 0.64954865 15.058173
0.7765994 1.9832759 -0.6079092 1.3037364 1.2166238 4.480587 1.8092281 -0.37259507 -0.6431145 0.8589765 13.007703 2.9780564 0.20690352 1.048616 0.86203074 12.853261
0.9208708 -0.6296387 4.0431256 1.1131269 0.666708 3.541283 2.7021406 -3.065862 0.34935057 0.49167418 14.352856 3.3201637 -0.10302091 0.94297224 1.0496821 11.537163
2.177176 2.2213979 3.6130285 1.5704535 -0.86571884 4.081613 3.359442 4.557663 1.9462776 0.50389135 16.180458 3.5350485 1.0272319 0.97295547 1.2645453 11.008862
2.2307968 -0.5505829 5.7199616 1.6386695 -2.739315 6.8701987 4.863552 3.8825884 -0.69732964 0.4445902 15.343921 3.603394 -0.7657083 0.6029595 1.7555424 9.158183
1.2594419 0.39901924 4.4767427 1.2787681 -2.2218733 9.827095 10.1287565 3.357906 -0.7766566 0.25856185 15.287895 4.2540555 -1.6124668 0.48060107 1.628405 9.449925
2.7119622 -1.8344364 6.0476446 1.2704087 -2.193142 6.334039 12.831291 2.0004895 0.2477361 0.5244491 15.9916935 4.89356 -0.93520576 0.87830824 1.6106733 10.908992
2.1975112 -1.4778061 6.3620024 1.2785988 -2.5420108 7.1266646 12.848117 2.1908045 -0.44729686 0.48162544 15.508069 4.7125425 -1.1258421 0.78644156 1.6666454 10.632303
1.704915 -0.755456 7.367704 1.4365728 -2.3903232 7.457649 11.923096 3.4613416 -1.0076282 0.4925381 14.341196 4.2077794 -1.322219 0.78191745 1.7324339 10.692785
0
0
0
0
0
0
0
0
0
0
0
0
0
0
0
0
10
10
10
10
10
10
10
10
10
10
10
10
1
1
1
1
1
1
1
1
5
5
5
5
5
5
5
5
5
5
5
5
15
15
15
15
10
10
10
10
10
10
