10
1.737078790571779 1.6552502493635137 0.9929753269845127 -1 -3.23 -0.38 0.0 0.0 -3.55 -1.32 0.0 0.0 0.5499999999999998 -1.6800000000000002 0.0 0.0 0.23000000000000043 -2.62 0.0 0.0 3.3899999999999997 -2.65 0.0 0.0 3.0700000000000003 -3.6 0.0 0.0
1.6634245030778028 1.521570086658196 0.9487260332949649 -1 -3.158235159204775 -0.4006050757556976 0.034936757778927 -0.013841085335788095 -3.5847944289667506 -1.3298610711097658 -0.009271485842689525 -0.011380918915850819 0.5521802956040691 -1.6770268922580462 -0.0017082332755229942 -0.004413253542890679 0.2296471534065878 -2.6205163267766176 0.0018153781568547513 0.005080577049681269 3.3462701033175124 -2.6216224162919355 -0.025739368010365003 0.0073932029540167525 3.042491074688403 -3.606439117885429 -0.011683426160562433 0.003410824446048781
1.2512863763513977 1.2305607803639944 1.0289031443370493 -1 -3.0665814572989367 -0.5112397281771397 -0.004627055645316477 -0.0299745023617322 -3.6479976433519234 -1.3827962250534642 -0.008449106982517888 -0.0009341591169874791 0.538262495079417 -1.6574573054644524 -0.007469414362536005 0.002814809678701319 0.2119587749858125 -2.629374088996628 -0.00627715535860132 0.0008312674749103369 3.1734024187868846 -2.5624277087556746 -0.04065456566895549 0.0012084632545839562 2.930530051705955 -3.626624694085956 -0.02944393051924283 -0.0007214431110240723
0.8261372105226155 0.9497275837907273 0.8264663976637376 -1 -3.1270222586743612 -0.5899794466622574 -0.022046684998342343 -0.011057294546138793 -3.6684697347467603 -1.4304163942813364 0.0037229692441522796 0.003103351435403301 0.4835334564588267 -1.6193947320151172 -0.01682853085318254 0.005265182742205551 0.14539160639698334 -2.643528059491495 -0.018407670093235573 0.0004360986349100787 2.991090455456363 -2.5724782263775934 -0.03524215376034929 -0.008247560814514394 2.7415667237898917 -3.6568324554677565 -0.03984682029965449 -0.0023365374130499394
0.5831585833710392 0.8077438806767109 0.6878109085806601 -1 -3.209103245940499 -0.5722401138400012 -0.02147433197094078 0.00307204885238465 -3.6638911846008053 -1.463861754694405 -0.002110804777566788 0.00604688756042638 0.37256067232618406 -1.5891840958520722 -0.028819258259663322 0.004718414932691475 0.024623579541714236 -2.639180743019456 -0.02845234264685015 0.004024921307736677 2.809794978181473 -2.5784854166457962 -0.039872066440636816 0.0012778594864521556 2.545932734138707 -3.6751005491207756 -0.03217337360908777 0.003843053866158694
0.40756607941249157 0.7043232094251869 0.6578296727303194 -1 -3.251062639685645 -0.5483784032017417 0.0013823431151824936 0.00018584077429923025 -3.712760960841126 -1.4954561910130433 -0.01554070569665549 -0.011725413774231343 0.20343861767088445 -1.5581349118581933 -0.05492028841079542 0.014326642082512064 -0.13817725402173409 -2.6185674060531907 -0.05610204011655381 0.008041671077968934 2.6015394522796367 -2.5323966844502435 -0.014974413901778512 0.015069141387590013 2.4127082554314887 -3.646690607109465 -0.0016613310971197635 8.944515315474633e-05
0.2347296633240563 0.5798833558437124 0.6813706600537349 -1 -3.2612509471191844 -0.5636583518003511 -0.005277821407974089 -0.0015806365696527658 -3.8344107122699516 -1.5404830689689843 -0.03214039515615583 -0.011268491308905799 0.024838362386980783 -1.54487499260421 -0.04573731929399096 0.00045442573224364815 -0.32413510599840034 -2.6124972210435073 -0.051573106258080606 0.002847740506778119 2.410410102686698 -2.473970425025044 -0.03178652872264307 -0.00436539413125296 2.308722599796056 -3.578520500947055 -0.015717947067496657 0.03073215806766085
0.11491551314153908 0.47475707347679214 0.7540205409580669 -1 -3.2920759495855703 -0.6000554718731913 -0.0008736928354769248 -0.014477342746751732 -3.957113494455843 -1.6012338686592469 -0.012289632589523224 -0.017627787307905523 -0.11954922425280134 -1.5901980762533565 -0.014708097810345652 -0.02112984519452272 -0.5044870972859363 -2.6527696320337864 -0.018683528178287855 -0.01617458055537694 2.2705591192745374 -2.4333634669892623 -0.029479569451945485 -0.00748975898138617 2.1956732371279246 -3.526462910089241 -0.022357683117176255 0.026724629645947476
0.012754555623297357 0.3846303911767052 0.8374749849805362 -1 -3.344177716940464 -0.6428923320090398 -0.002297848562816598 -0.018793700978113677 -4.028686851710496 -1.6657260131934852 -0.0016294352006311073 -0.012094750106776589 -0.24004552725306105 -1.6724861689084531 -0.04698252116920936 -0.013024152221066312 -0.6297413023635374 -2.74572420952857 -0.038355180264439924 -0.009008821005544818 2.1624319771015523 -2.39791561716378 -0.007683081175750672 0.008647605458600598 2.103391546294638 -3.499082149881383 -0.004338753069501204 0.0011144516433035587
0.06147300128196499 0.30396953155472306 0.37865958794990495 -1 -3.353772076974648 -0.6120914063030696 -0.015212939513693697 0.0367395560013819 -3.998069997093074 -1.7196885825425914 0.010285744985179604 -0.0005909745257777592 -0.41889997508513854 -1.633688865806779 -0.05717879498651281 0.010959138425283128 -0.9534027211084575 -2.840515418204812 -0.08638984897732394 0.0011878135299270738 2.156255734210351 -2.5523947494357664 0.03766023909261304 -0.0548437270354305 2.090126436585124 -3.527802595992089 0.035469473942625465 -0.004174314431462257
2.870059 2.0022552 2.8209083 1.1906108 2.703637 13.832189 4.806548 7.08473 0.75888586 0.85225725 3.7038765 0.6231297 1.1301372 0.96714056 1.1375377 6.15748
1.9662199 2.4120128 1.895429 1.165408 2.9118242 13.9251175 4.401207 4.639535 0.9366205 0.8133104 4.356511 1.1424983 1.2502172 0.9267653 1.0809721 6.322759
1.3915181 2.5027404 1.2051353 1.1575483 2.9910946 13.861883 4.226068 2.7313843 1.1002004 0.79675126 4.8696184 1.6175117 1.3444432 0.915341 1.0408609 6.513292
1.822618 2.4261775 1.2651273 1.0250051 3.0099154 13.670777 4.4115224 2.497363 1.4681511 0.8019339 5.2578216 1.4771603 1.5775592 0.9507211 0.9353976 6.7805414
2.3006186 2.5443926 1.41802 0.85411704 3.1867342 13.565223 4.7616568 2.593399 1.8528516 0.80361056 5.7027955 1.1602445 1.7640922 0.9883435 0.8057473 7.2293243
1.8259196 2.1686926 0.6842655 0.9186883 3.7996652 13.5625925 5.9370174 2.4819613 2.2259 0.86347055 6.83515 1.508997 1.6198483 1.0787778 0.79097307 8.520135
1.1198001 1.6223018 0.38811064 0.9570142 4.2348595 14.133089 7.2311115 2.0728273 2.890244 0.8769784 8.441065 1.4472471 1.4379284 1.1021534 0.8155539 8.83075
0.5328274 1.0359535 0.27989888 1.0063459 4.4516554 15.0651245 8.231231 1.468375 3.520635 0.9075086 8.854692 1.2939283 1.1512066 1.1356297 0.85957956 8.981761
0.12588263 0.47961807 0.4198892 1.0299401 4.4045057 15.269189 9.072582 0.89428735 3.6746287 0.94814944 8.75276 1.193379 0.91644347 1.1682965 0.9053637 9.137847
-0.7302685 -0.089922905 0.9481379 0.8088093 3.8485806 18.207592 6.4370036 -0.22630668 4.1226106 0.60472226 11.754969 1.1256087 -1.0035809 0.9671478 0.67568624 11.906427
5
5
5
5
5
5
5
5
8
8
