22
1.657475223777062 1.6844782449734044 2.4928898892650677 1 -3.68 0.1499999999999999 0.0 0.0 -3.51 -0.83 0.0 0.0 0.2699999999999996 0.81 0.0 0.0 0.4299999999999997 -0.17000000000000004 0.0 0.0 3.2300000000000004 1.31 0.0 0.0 3.3899999999999997 0.32000000000000006 0.0 0.0
1.5352536307426878 1.6934168298629393 2.449679329940591 1 -3.7108082166432728 0.1674577769043757 -0.006846081926853601 0.01325470853216941 -3.4371618352537663 -0.8198172298651936 0.03592823609909183 0.00863224727336959 0.2697134271869208 0.8106818334310708 0.0008940771995784786 -0.005208018500177594 0.4314315539269886 -0.17294946650253418 -0.0009447996686669262 0.004749956736461149 3.2028234517559513 1.3195286169917586 -0.012389629626423109 -0.0018763895810510346 3.3433627266681176 0.2996992024381617 -0.02635106617691095 -0.0030570745168459045
1.2615540341475184 1.430384140814486 2.502915272679575 1 -3.763934273778141 0.23161952326374724 -0.008309067550226281 0.0024313981141716977 -3.3325858382869766 -0.7232731075504698 5.10233418365251e-05 0.030406258811868675 0.25339633279050133 0.8229995560854622 -0.006370880092940651 0.00041598675160543774 0.41459808551915955 -0.188925354773108 -0.00785553428500588 -0.0013075505514907413 3.095068910225285 1.3560316599370474 -0.029044427773624946 0.005144907298362042 3.16410954200329 0.26822743191249687 -0.04043314143693278 0.0052133059688567965
1.009803486337164 1.107402166996106 2.307296069667746 1 -3.77750883813752 0.2819871781723804 0.0033244769743218635 -0.004147843333350134 -3.3783755456559863 -0.6366228858793634 -0.01914984109028356 0.014725769467765193 0.18985874141858616 0.8487885136232378 -0.018213956577796727 0.0027410051065113582 0.353679971917658 -0.21648139285518586 -0.01759960024755225 -0.0023020653698093713 2.914037131976702 1.4159717356572097 -0.038861555711878534 0.00874773132828598 2.9852813953438426 0.3070161282491235 -0.03373548519403092 0.01394183108080323
0.9056485836527535 0.972625004245905 2.1904354408071276 1 -3.768551108520751 0.3134017778131597 -0.0030657784351119585 -0.00541441477861211 -3.4600881865364244 -0.6414565808325493 -0.021137075882567934 0.00026836708990765233 0.06952007384662462 0.8646218426527865 -0.028812311763442983 0.0007046387516353274 0.23854016405883627 -0.2280335643481861 -0.02917939500539281 -2.858259791437001e-05 2.7243159223061113 1.4662063984207152 -0.032433359423553326 0.0014444003573768367 2.806345166693898 0.34256683298421065 -0.03971251373673308 0.00529538423067968
0.835872944511963 0.8663730185385431 2.131309451438491 1 -3.811361607112825 0.3523993359545736 -0.01313028536285369 0.014184162823428083 -3.5052920002836343 -0.6576122499596759 0.001204306510660458 -0.00014889241570978373 -0.09291320503613143 0.8710192746178003 -0.017658827847231492 0.003610343949958738 0.06902198445226926 -0.23130728147791824 -0.02083891536761739 0.003370714189333632 2.58651990367295 1.4593939102261753 -0.024638246112479258 -0.017103521546541794 2.5921559882441834 0.33108171344661663 -0.04671671575567106 0.0013679933523624089
0.739266857986271 0.7246367716630913 2.0843322329306644 1 -3.9225112362116135 0.4175775522532914 -0.018366279457485396 0.01298135504933812 -3.5139418535194773 -0.6381519334550667 0.0037130383249567482 0.013184125910098193 -0.27689979199548453 0.8944314223356225 -0.021092790213941878 0.013528335780460529 -0.10934361715205743 -0.21493850287091132 -0.016663183764367907 0.007740217500694739 2.471502166982649 1.4111478660374464 -0.0025084138804079576 -0.020895279602439858 2.395769114828285 0.3027441264806874 -0.009369267710624341 0.0007298521039459695
0.6578046763137735 0.6176408361248596 2.056247171803517 1 -4.034545094114916 0.4976277544254124 -0.03205050368208414 0.011738640989624086 -3.538997318799377 -0.5965062437829997 -0.02568256686713377 -0.0006964868547062967 -0.4505531876115523 0.9643923325734844 -0.05126683911297889 0.012406592126134791 -0.24830332534811195 -0.14950764917150405 -0.04471801588047227 0.016940967234487177 2.351489093464032 1.375114273596103 -0.04259158808841089 -0.000660331327959382 2.2492645248818146 0.28124782517663194 -0.047980108098685005 -0.002949311238496923
0.5962182337659291 0.5348465795266496 2.038873844659162 1 -4.0959681531853445 0.5716600110092085 -0.025778168095307828 0.00747984127743209 -3.583810667582999 -0.5447111256251591 -0.028403228031092825 -0.000742460219213488 -0.5606590878198952 1.07437362641606 -0.01390631779863233 0.013908114751872178 -0.3569866977348459 -0.04884451132647716 -0.02327515071457266 0.029838765821366155 2.250930778496147 1.361063215006911 0.003104769589337246 -0.007592566695918748 2.133087905932074 0.26577773694958995 0.0010190859865153723 -0.0031849019256313116
0.5290258238103336 0.4518842447055512 2.023411989714081 1 -4.1347408096357725 0.6218485457655285 0.003714784316512725 0.0019817003765983335 -3.609868464371882 -0.47967717225189843 0.006739486620763322 0.02723054168533951 -0.5951896539171355 1.19046726724654 0.0119619826115487 0.023073629666980032 -0.4415997905012281 0.046150493594387054 0.0009422905918389027 0.019424989530617363 2.196922977673342 1.3483378049503432 -0.004839919705283998 -0.02181019438997079 2.023942128859205 0.24988758527191246 -0.016890712952669893 0.009457375415411317
0.45368529269420993 0.3639780800002192 2.0191848266924817 1 -4.202930365615566 0.6324345978563821 -0.017999164007424653 -0.0005596532917612326 -3.5968641988532695 -0.4036396107491711 0.0019436609607431828 0.012532981232114522 -0.6047244729708581 1.2882934947036473 -0.011521272085642922 0.01685779198265671 -0.49065273776868246 0.131080441115758 -0.015335400844797217 0.017752784173717864 2.198015284466769 1.3294413516938772 -0.020075983651045883 -0.002215206362136362 1.94576496363526 0.23569763798336618 -0.03541210317240062 0.009865287095480551
0.3905375371313166 0.28142161301969526 1.9951672627927572 1 -4.270942566417879 0.6270230647558552 -0.020090096270712628 0.0021606438538235486 -3.5743575158060596 -0.3282010119538268 -0.000955321834507885 0.005212515828908408 -0.6044707685825292 1.3843267942837123 -0.008743004717485889 0.016322420428872587 -0.4984383982845362 0.2354603955898391 -0.011245344107428938 0.02666980941024815 2.2264257248349706 1.3231853429114024 0.01072134846322847 -0.02048275937167915 1.9181679840990844 0.2465300186520023 0.009952135455401107 0.016013460639584656
0.3237276733651645 0.1869680409619296 1.9491512351732576 1 -4.3126656700392205 0.6323281553228735 0.00745472252591175 0.005387372781326387 -3.576242576701797 -0.2659235717752334 0.006612561658795368 0.02470553258904601 -0.5869952245607637 1.5019821878390927 -0.0015313067419202055 0.03485847248585111 -0.5093894785032456 0.3710460120653494 -0.010200280853381717 0.019819014227087043 2.2850539814273656 1.3200264982225343 0.030288341936259077 -0.003049529217530572 1.9276732065371167 0.27137653104879034 0.019345088148659078 -0.004857821076847905
0.252666762377615 0.09323860658126072 1.9172176313733085 1 -4.338428307787487 0.6472866530471104 -0.001517111608680683 0.007232575450268432 -3.595715415033446 -0.21517095602627545 0.003071169741202563 0.014508759818948481 -0.5561931809368921 1.633964100570747 0.0017904838444137185 0.035687958582798246 -0.5362070677937041 0.5204228041706067 -0.009742357267415916 0.02184650352703023 2.358888185141586 1.2985896300736148 0.03701753520855658 -0.015230056020074444 1.93262393447508 0.290385764604987 0.025880348699873188 -0.009869324857695656
0.18358440806314544 0.0163836996047768 1.837192687134959 -1 -4.366365994690991 0.6525451274138026 -0.013675639114258238 0.0065715697179899325 -3.6023438671680643 -0.16219402367548397 0.0045241853480065194 0.004287828185281578 -0.5261520716260795 1.7591846504424136 0.018218461437478364 0.019821721307780187 -0.547203879478511 0.6652220280538381 0.015200848842786444 0.029947175647677803 2.4187230489843055 1.2632941959237454 -0.011052554426178317 0.0013798008522614854 1.919704668864231 0.29838852057284226 -0.026905760420485918 0.014223338104014716
0.11744562233736446 0.06585754220044887 1.7434337244537002 -1 -4.390941815206673 0.6433944572735613 -0.01315723994543292 -0.006232952702604853 -3.5953065136651503 -0.1156685773671684 -0.0046505970162171615 -0.004435806671191573 -0.5169517100429539 1.8732888873930342 -0.02274115215303766 0.018061416718919875 -0.5401708428131777 0.7910043672887226 -0.022724324235305897 0.027202428029329845 2.4470442680699813 1.2291615829015368 0.022446127225785224 -0.013933109195051295 1.9037597420332606 0.2954657066604378 0.018342443941001336 -0.016754963406303964
0.06354331434826435 0.12880051437336976 1.6863930212127332 -1 -4.395189025961974 0.6348546073877961 -0.0035614265257862395 -0.007893297493262173 -3.586008250028085 -0.09278450139157679 -0.006306455412448812 -0.00661515905387795 -0.5171298289041975 1.9736665665857074 -0.013236551612968026 0.015957624044958027 -0.5312351110636184 0.8991783399813156 -0.014719540799156966 0.0216698024947724 2.4390988011670514 1.2134540679183417 -0.016684464330964988 -0.019750705011525066 1.8716702425039022 0.2976215007092289 -0.004408017453862611 0.018150588311399957
0.024199853502818586 0.22201749389793207 1.4094030265206594 -1 -4.419824360630662 0.753012673297442 -0.01492541445386705 0.03692030628811645 -3.713444132540971 -0.04113331266754716 -0.027791206347437862 0.02079701556747739 -0.5097328849199521 2.130035368003972 0.017577658558256496 0.03936585265789714 -0.5441562845535635 1.0887355944250392 0.015674085321924068 0.05288326701745405 2.523259666018742 1.232098106954032 0.0568384723549493 0.009040032732696253 2.0119969878761186 0.39329594969276704 0.05035961048686763 0.01143288016648433
0.05956929468024965 0.21597761607164914 0.9170370832088695 -1 -4.560390895474959 0.7750389255333043 -0.03006654963858866 -0.02883157093740866 -3.8261525871725652 0.16695862708056497 -0.028640337974515984 0.059746863417049684 -0.4567344766824757 2.337531294718925 0.022686159917911265 0.052850384726169215 -0.49350853902002534 1.3838846352543852 0.021846030717773683 0.050958950212801835 2.8794316330579663 1.1036893129496708 0.10829278637277663 -0.018257986081708855 2.325643440500678 0.4509288744605149 0.04190208510590551 -0.025184724799308333
0.13539977399545797 0.208404944859939 0.5904065485807379 -1 -4.763909099767914 0.7136124713187968 -0.03888652593625602 0.010763086912206898 -3.9510542165528157 0.3779073183436903 -0.025818790541053793 0.019561621110852752 -0.2583766586361653 2.522828788275216 0.05142300724678984 0.045774633263789465 -0.3258418560135121 1.6666851744759534 0.033915262046644815 0.039035310282393515 3.2534120512088727 0.8648666986682432 0.0907354404495866 -0.015377935452644487 2.6189150842996805 0.34943552690721846 0.025780062072544935 -0.05621829896469878
0.1706272177783197 0.24872940950552377 0.4349225205762196 -1 -4.822562497586324 0.8206585081872368 0.02897043977394657 0.017878989546753273 -4.104549642263686 0.4412587864231745 -0.03736171673324935 0.021322124082539293 0.025775058654044614 2.634625603582846 0.047880424882359746 -0.027420969798817647 -0.11825532432638663 1.8637676031247095 0.04744979859276342 0.061443235242720134 3.4677464335569343 0.6763606420837904 0.0007457875375992441 -0.05486706145580972 2.838531922092466 0.1676556063326713 0.05544436251487163 -0.011984247485333149
0.2552827143541584 0.24268897799166825 0.3588860394306099 1 -4.760798975225169 0.8924996983605713 0.02972140470024852 -0.004209029012500739 -4.130375479253637 0.4956335920757662 0.004530561993594147 0.01564429496814229 0.25167430762224363 2.670837476325911 0.03362286985413107 -0.017174670174381464 0.07588851953935816 1.9318327737315375 0.0401805327990132 0.018541265789191318 3.6064194371113008 0.49751637119401804 0.005938057872055742 -0.04341850991643036 2.9483893516141704 0.030410574423996195 0.02798219470102575 -0.010149081295883388
1.7420403 1.7197976 -0.43139625 2.2130022 1.9894361 12.850683 2.6549537 2.2579012 0.712989 1.6509817 5.162231 1.1794144 1.7814968 1.2672917 1.8066832 7.317143
1.7399434 1.718708 -0.43222392 2.2127156 1.9854281 12.857298 2.6504228 2.2564745 0.71161854 1.6492904 5.16212 1.1780262 1.779907 1.2665845 1.8062276 7.3140664
1.7377456 1.7173495 -0.4334153 2.2117121 1.9807532 12.861383 2.644959 2.2549822 0.7088096 1.6473042 5.1614823 1.1766101 1.7784464 1.2665206 1.8044325 7.311237
1.7384763 1.7172358 -0.43325663 2.210766 1.9809766 12.854636 2.6457772 2.2547998 0.7078731 1.647642 5.162614 1.1768804 1.7786902 1.2674581 1.8031695 7.315243
1.7398374 1.7171032 -0.4326321 2.2094584 1.9815418 12.844799 2.6478527 2.2541955 0.7072439 1.6484371 5.1657066 1.1772605 1.778795 1.2686521 1.8018715 7.3232574
1.7315314 1.7116281 -0.43562436 2.2064185 1.9628388 12.864483 2.6289487 2.246244 0.7001929 1.6413897 5.1700525 1.1709621 1.7710034 1.2666295 1.7983068 7.319913
1.7154045 1.6988479 -0.43998933 2.1978037 1.92113 12.918199 2.5917492 2.2255223 0.6859631 1.6273997 5.190768 1.1567852 1.7519292 1.2629285 1.7904171 7.3327804
1.7297177 1.7012026 -0.43191525 2.1924121 1.9358845 12.876659 2.6201487 2.2239254 0.6912501 1.6378281 5.2168503 1.1621684 1.7547572 1.2696537 1.7886415 7.396426
1.7572626 1.6981559 -0.41212562 2.1716633 1.9453568 12.833868 2.671914 2.2033124 0.6970469 1.6564517 5.30713 1.1661026 1.7474132 1.2846109 1.7794939 7.5844197
1.8013946 1.694453 -0.3807621 2.1402507 1.9633952 12.768826 2.7558851 2.1730258 0.70752096 1.6865568 5.4465613 1.1733048 1.7373176 1.3079921 1.7661589 7.8763857
1.8490825 1.6985815 -0.35092464 2.1177795 2.0030499 12.670279 2.8506474 2.1591408 0.7243324 1.7207044 5.555892 1.1878204 1.739615 1.3306615 1.7585762 8.123171
1.9076065 1.6938379 -0.30668992 2.077483 2.0260751 12.58084 2.9692283 2.124627 0.738139 1.7599802 5.747219 1.1975306 1.7248541 1.3611989 1.7398267 8.51697
1.950311 1.6944505 -0.26039618 2.0603127 2.044473 12.462895 3.100254 2.1432302 0.7479466 1.7847912 5.908969 1.2084225 1.7114007 1.3803813 1.7204741 8.814934
2.0708795 1.6894221 -0.06410919 2.0299804 2.040227 12.069964 3.626046 2.3365173 0.7584105 1.8317254 6.5739737 1.2342465 1.6275983 1.4255708 1.6283579 9.830919
2.6613266 1.5862467 0.66007364 1.7180469 1.9025016 11.090109 5.0002913 4.5935054 0.8254061 2.0564785 9.811476 1.3353741 1.5247655 1.5693544 1.4522268 9.01348
2.5994182 1.4775022 0.8514129 1.6163764 1.8885376 10.367821 5.7079687 4.7804027 0.7659431 2.1227329 10.857537 1.3367891 1.547728 1.6309597 1.4325708 8.75866
2.4969237 1.3713783 0.91196024 1.5292418 1.7589134 9.256355 6.428535 4.171642 0.69175005 2.0459642 11.631807 1.2753471 1.4218364 1.6166905 1.4232142 8.272075
2.0120294 1.136544 1.2392932 1.2812941 1.6075542 4.2157044 6.1820602 1.394209 0.48412147 1.6294687 13.740996 0.9433104 1.7165234 1.3753016 1.4020857 6.292771
1.8145868 0.99576217 1.3993849 0.9424156 1.5463237 2.723273 5.3925395 1.0506169 0.29413378 1.4813082 13.923452 0.89351296 2.3273826 1.2741355 1.1345136 5.479679
1.7738361 0.9612889 1.3957701 0.8735079 1.4837816 2.5303671 5.2302394 1.0337224 0.26488885 1.4396976 13.793374 0.87713826 2.3116603 1.2385405 1.0889152 5.414301
1.7532667 0.9414087 1.3896251 0.8409554 1.4461684 2.4471045 5.13366 1.0306933 0.25379533 1.4138942 13.712356 0.8625648 2.275848 1.2236408 1.0687872 5.4247336
1.7414471 0.92099184 1.3905014 0.8272742 1.4074118 2.4533484 5.035906 1.0218762 0.24753225 1.393074 13.728202 0.83438087 2.2054849 1.23031 1.0605643 5.5818796
5
5
5
5
5
5
5
5
5
5
5
5
5
5
5
5
10
10
10
10
10
10
