4
1.702690589048194 1.5909990281521402 0.18110770276274823 -1 -3.29 -0.27 0.0 0.0 -3.5300000000000002 -1.24 0.0 0.0 0.5899999999999999 -1.22 0.0 0.0 0.3600000000000003 -2.2 0.0 0.0 3.51 -1.94 0.0 0.0 3.2699999999999996 -2.91 0.0 0.0
0.9915619568229871 1.4430954295280654 0.18730835134594973 -1 -3.217601925248937 -0.2868978854627544 0.03570576026454857 -0.012024591250551542 -3.5608286411528636 -1.2546753379051434 -0.007572028409016616 -0.01203076192266767 0.5870878501435772 -1.221035431162719 -0.001789951380895988 -0.005458357255989215 0.36115875432630773 -2.2005005448883894 0.0015039438074463869 0.005040676916144881 3.4657210439160915 -1.9142047938032491 -0.026215036034827423 0.005339768363335917 3.2417141542140753 -2.9187894504495704 -0.012191218514528448 0.002440039298981308
0.4150976572207054 1.1323830484272333 0.41973549597012316 -1 -3.1195578648695426 -0.3913297327562183 0.002698570319647994 -0.028445718212734165 -3.620134817514021 -1.314290721507318 -0.006495174388355227 -0.009248128891605822 0.5714189097563764 -1.204336601752115 -0.007167457995630464 0.002006018058193268 0.3430374066944024 -2.2113566338331703 -0.006381493346863184 0.00047578640789576465 3.288203060149404 -1.8704400565234072 -0.04097750750530885 -0.002567897188736186 3.1320363477620337 -2.9492112198502394 -0.029417880397491315 -0.003446056757171849
0.04512456881708943 0.8145476229646309 0.16419936522694653 -1 -3.173662362182152 -0.4714725535714266 -0.0162861615708375 -0.00913296570405562 -3.637999320896216 -1.362588082585316 0.004096494295167172 -0.004653757234067871 0.5137111948271098 -1.171193321439095 -0.01713617163296194 0.0034222127531059795 0.2769139175032418 -2.2300900168390507 -0.018049449587922387 -0.0009447136496718144 3.1067169423021124 -1.8973482587516024 -0.0346090808926705 -0.011405708775284835 2.9467549684874914 -2.996847560203944 -0.03949996982079559 -0.005862243314405142
4.9954324 2.953186 5.731264 1.8268893 3.0656238 11.717236 7.4411707 8.7527485 -1.1870983 1.4563673 -0.88454676 1.559106 0.8344699 1.3870125 1.7453446 5.437641
4.727222 1.155628 5.7694736 1.5199754 2.4842477 12.129433 7.905032 8.250388 0.186562 1.4771407 0.27111387 0.9232742 1.1435503 1.5125315 1.564763 6.3142495
4.4130597 1.2418988 5.299179 1.4938993 2.5997374 13.005106 6.176436 8.953297 0.69651204 1.399814 1.495316 0.7574432 1.5431879 1.3856254 1.4860433 5.7008123
3.4847596 -0.094145775 3.649372 0.70698106 1.7582855 12.337049 5.732429 0.9649615 2.8141856 0.9904926 9.427274 2.2502854 1.8742077 1.2109013 0.91630936 7.6533737
5
5
5
5
