15
1.779330176093534 1.7021554075174619 1.769124077050561 -1 -3.1799999999999997 -0.49 0.0 0.0 -3.59 -1.41 0.0 0.0 0.4800000000000004 -2.1100000000000003 0.0 0.0 0.07000000000000028 -3.03 0.0 0.0 3.2199999999999998 -3.33 0.0 0.0 2.8099999999999996 -4.24 0.0 0.0
1.7600091045190944 1.5763058641891765 1.7189550230293615 -1 -3.1132887221282 -0.521598513078043 0.03247885504119781 -0.018815975089336558 -3.620540703688871 -1.4210225362778668 -0.009317848772495052 -0.010977080084965616 0.47829067517880297 -2.1120939613946508 -0.0024273203832929397 -0.005072361018244419 0.07121354030378324 -3.0302618067476756 0.0023509759192178693 0.004588365063069753 3.1819393185327245 -3.295854694761001 -0.02510320367270664 0.010052974317029659 2.7794540579399385 -4.243470313818254 -0.011686636468489216 0.004640823870765573
1.4551985872801234 1.2959111813520319 1.760689187880722 -1 -3.0394374082684017 -0.6435493438353297 -0.0027152076455993126 -0.02863650686473628 -3.6907515754756095 -1.4701190775298225 -0.00833669095888116 -0.008304471624617523 0.4662200505608718 -2.0921963207212224 -0.0068190582034451 0.003727157327480345 0.05254593349019654 -3.037380467508173 -0.005992545147912901 0.0015781571031696067 3.0138731184673393 -3.2212961218408402 -0.041009001391486076 0.004506746231387658 2.666338701893717 -4.254985780867263 -0.029720937184176822 0.0016141928551834678
1.100050495781392 1.033668409667837 1.608091077362295 -1 -3.1074715838962845 -0.7127682611463032 -0.017087290018040505 -0.0062352421482182 -3.7185002180952735 -1.515443225113908 0.0031060541966863595 -0.005719063164574097 0.4141792744626587 -2.0482522392549565 -0.016531649949697313 0.0066412752129664816 -0.014852934952311436 -3.0432541937433926 -0.018079511863292735 0.0023037201503077302 2.830838955549747 -3.2170170099459456 -0.03612142679531091 -0.005290589495271104 2.4751899482052018 -4.27027561465043 -0.04011440436407977 0.0011714558704915626
0.9226741366867212 0.9161603230434356 1.4614915326204467 -1 -3.184246513584459 -0.6858733572638924 -0.008773868825086677 0.006161897705394596 -3.717214566367103 -1.5486722911558144 0.0004774329640413275 -0.006607562443047891 0.3025690981773206 -2.008936753009105 -0.028729645793399945 0.007018958234176214 -0.13694577633622096 -3.0275732379887197 -0.028459253555975485 0.006239243125570856 2.648986376861699 -3.2059529798652107 -0.039981070450921044 0.00537122734045516 2.278932120278051 -4.270398431725882 -0.03172222776152629 0.0071212444201255165
0.7822441808310305 0.836186764784385 1.388959700649072 -1 -3.219433516754809 -0.658643222732701 0.0029662282456673957 -0.0016141553234030942 -3.766525331705577 -1.5740185271639873 -0.014295688090853832 -0.00951834843783343 0.13485774861397282 -1.963429252833997 -0.05471052791915351 0.019628942695393347 -0.30084680799687824 -2.993427086186257 -0.05693358890143496 0.013423660266256073 2.4437315193940776 -3.138449992173132 -0.01071138855060115 0.010463494766591783 2.1485814671909216 -4.228603505281731 0.004376890493512191 0.006203708058843224
0.6196401353836117 0.7305756397172601 1.3367057510610885 -1 -3.229259422408547 -0.6758523487972476 -0.017480771451204948 0.0035783259335951455 -3.8891462099171417 -1.607035176074222 -0.039374368326195154 0.0007444327077373546 -0.03943444444497057 -1.935195712659994 -0.01705010142774188 -0.00870768027216825 -0.4848853132186104 -2.971092530970846 -0.019254190188693353 -0.0047989484543069965 2.2582582021962896 -3.062486535469959 -0.05646161718192428 0.01788473337805331 2.048041759986078 -4.153637654500362 -0.04281497641200571 0.017506275504962948
0.4939483729161736 0.640139237999312 1.311633704640935 -1 -3.265215183543094 -0.7117349462584983 -0.034124809130377576 0.004092675320693507 -4.018338532614818 -1.657717768831363 -0.03161089344721065 0.007481658315295313 -0.18617700914811053 -1.9678524147777408 -0.024833356370945223 -0.005219707362810122 -0.6674427275341053 -2.996849533404017 -0.03733551148917369 -0.017525005219100723 2.1257011343069543 -3.0122289798223703 -0.02479749801604125 -0.0036728595525905086 1.9416668264239156 -4.09049196533819 -0.01626092483725134 0.025366539708488567
0.3999440071804571 0.5660100428346472 1.3072920435734838 -1 -3.320929186583408 -0.7523560434137315 -0.0014388627097799483 -0.01795917321274815 -4.096980707769398 -1.715243105851569 -0.004190209319155212 -0.014019772329308776 -0.31379614061281735 -2.042422238244607 -0.012490774753604161 -0.021978950572678384 -0.7982229568523551 -3.079158858584244 -0.0059343651226341785 -0.024732814760685038 2.0137749810432677 -2.9653792186269703 -0.05485416445210469 0.011584562842176259 1.845672585995529 -4.058824138509959 -0.04192929106366356 0.010943024890875203
0.3013255276175242 0.49143018137375255 1.3099409614384268 -1 -3.3585291485724893 -0.8102241093260654 -0.01040100038831153 -0.009649092172589534 -4.149925615619674 -1.747208077891678 -0.013994527133514121 0.001553109077900558 -0.4240992935514045 -2.1080288753095173 -0.03561114197194601 -0.008139571051262218 -0.8641158199283829 -3.183127289320208 -0.022975120893992125 -0.010940015898531361 1.916783837957257 -2.9238657442276077 -0.04123497515407405 0.004419048636264366 1.8050770384283705 -4.032596445370364 -0.02161608520646319 0.012550523755062392
0.2065502328767705 0.41396632098770414 1.3230807302382417 -1 -3.3632428446788056 -0.8864220074954993 -0.005159293942569037 -0.011986447749525878 -4.213111975294801 -1.7392133283802362 -0.015480431809641017 0.008075965289370752 -0.483625419054583 -2.1812603555386856 0.00661549565096098 -0.02076804643183029 -0.8905465695083747 -3.2758547618973544 0.007995236829607736 -0.023954314686952936 1.8441635691883107 -2.895592314072924 -0.011697290831215824 -0.002059713213731643 1.8101664234743549 -4.013362500141362 0.0032499354513332752 0.007913958716004879
0.1143269094157104 0.34238647126482286 1.3205685781067291 -1 -3.3623866766279633 -0.9630493816509847 0.001696917391519248 -0.022541960215694105 -4.279064924847005 -1.7195209576351194 -0.0045517339812894955 9.745565214887286e-06 -0.5147011602741465 -2.28522897424809 -0.03008290996686709 -0.0171220311877098 -0.9131933099710077 -3.3707845736480255 -0.02634711446506583 -0.011588190955417275 1.8224942668523854 -2.90034247837516 0.02879455266102451 -0.002821725401142567 1.8451403591860949 -4.017015058231598 0.03434960423754063 -0.0017001876965602489
0.012135000557539997 0.27563873328354427 1.2929286672491498 -1 -3.385260900300241 -1.0229386299554695 -0.01798372335707256 0.0038715131612809513 -4.324984442836502 -1.7169391707491548 -0.014126085228068382 0.010664279224556815 -0.5646813739325842 -2.4161520919069717 -0.022155467860800568 -0.025250514632027467 -0.9274060878574875 -3.490910178011306 -0.010447086383565264 -0.02237072566062339 1.8310372476371324 -2.927242314583477 0.01572948954024735 -0.008503448879680645 1.9093940495599133 -4.030705549979367 0.026638302799550703 0.005086458484618066
0.08211967397806202 0.20475359007044636 1.2047969913564047 1 -3.5500274524877793 -1.1505483866921944 -0.03337835531208824 -0.039227676459174916 -4.427170898506861 -1.8197957014947583 -0.03623902613836982 -0.03256026436751508 -0.4041532750369896 -2.7182148173844998 0.06141171676064533 -0.05996219094138712 -0.758683815106695 -3.6094347771481967 0.06246709156664944 -0.04072489187559324 1.8753933557226192 -2.935530628205937 0.04017104149468251 0.008014781260041105 2.028074356172869 -4.0571295734935084 0.053373065555817445 -0.014228225982563266
0.1923771590337555 0.13511068905590237 0.6820846150426321 -1 -3.7660500383808753 -1.4097384259103842 -0.033416392540468326 -0.046543593390556304 -4.58660340372716 -1.8209255476680628 -0.04715317332131788 0.011008742633145479 -0.4481929261583195 -2.8357211762259444 -0.018760633932842347 -0.021936782077865785 -0.6754335926927517 -3.859293390970746 -0.00357870228843936 -0.05097976981370884 2.166176951928982 -3.156493357181895 0.08004049821477284 -0.05194311525383347 2.391188692111524 -4.1527969747799744 0.10984073306979249 -0.030879160325750294
-0.7362647 5.144947 1.0255892 0.3412485 3.4458642 14.31456 1.7375216 3.2484028 0.12992437 0.16411626 9.769934 1.0585119 0.6038611 1.8890469 0.58050454 9.123816
-0.7044616 5.268605 1.0017434 0.44012523 3.816061 14.238738 2.7838454 2.8756156 0.23353834 0.21513927 9.753239 1.2948363 0.78131187 1.9203501 0.65175986 8.950501
-0.4329338 5.1676574 1.085831 0.5891075 4.1355057 13.995675 4.5027747 1.6419172 0.42925796 0.2740618 9.689221 1.7187063 1.058106 1.9652872 0.75200176 8.64282
-0.6387644 5.928013 1.0411036 0.75232685 4.9857855 14.020336 5.794798 1.549371 0.18462402 0.32328486 9.789219 2.1921687 0.98712075 1.9672111 0.85176766 8.39809
-1.0240912 7.2295084 0.9988686 1.0479406 6.4963293 14.087146 8.260466 1.1365442 -0.29827332 0.3955096 9.982433 3.1698952 0.7556584 1.965436 1.0231313 8.039744
-1.3660879 7.2094035 0.7745459 1.0198219 6.762098 14.274604 8.298868 1.6650364 -0.065166004 0.4523189 10.159189 3.0444431 0.8805212 2.007995 1.0304532 8.359795
-1.5904126 4.6560926 0.33966362 0.50813746 4.983675 14.619893 5.5082006 3.0793638 1.4031142 0.4830017 10.425686 1.5799582 1.4531305 2.1384525 0.7938975 9.961746
-1.9713693 3.7289248 0.29383743 0.3622818 4.7973523 15.000806 5.5521 2.2679126 1.5532769 0.4427004 10.838322 1.7559804 1.1124547 2.1571622 0.6897826 10.863326
-1.7391124 3.3385754 -0.033835262 0.5656097 5.78552 15.009163 7.887616 2.0424747 2.3352215 0.67531645 10.623432 1.5677842 2.4572496 2.2764137 0.902004 9.634705
-2.2597456 2.9432378 0.0041026473 0.35813618 5.521651 15.683324 6.572526 1.8443887 1.7678853 0.53249717 11.115242 1.6299298 1.6132901 2.1783943 0.7181798 10.246566
-2.2013903 3.1246595 0.061543867 0.34988308 5.3124275 15.553092 6.3673096 1.9839423 1.7271723 0.5138397 11.156229 1.6733649 1.4967786 2.1737924 0.7052039 10.410674
-1.9420485 3.731505 0.42632985 0.2911718 4.3156314 14.926535 5.1084127 2.106895 1.4115895 0.37824798 11.1002865 1.9026984 0.7471364 2.1336353 0.618088 11.317034
-2.2064667 3.7768488 0.39307964 0.2321961 4.354956 15.235384 4.676384 2.2874289 1.14189 0.33901894 11.334465 1.9250566 0.45128846 2.0920365 0.564132 11.439491
-0.9099083 1.3825059 1.3266952 0.17191124 1.6036701 14.491197 3.240789 -2.8053732 1.0695041 0.05471158 10.597868 2.413008 -0.42646533 1.9317735 0.42403555 11.699999
-1.4089575 2.6648228 0.962216 0.1455648 3.0079384 14.443039 4.5498466 -0.19461203 1.3732746 0.20045757 11.091021 2.2496285 0.113408506 2.104702 0.46328807 12.206587
5
5
5
5
5
5
5
5
5
5
5
5
6
10
10
