40
1.6815199104738796 1.7250544046060559 3.018774585821207 1 -3.75 0.19999999999999996 0.0 0.0 -3.5300000000000002 -0.78 0.0 0.0 0.15000000000000036 1.0899999999999999 0.0 0.0 0.3700000000000001 0.1200000000000001 0.0 0.0 3.0700000000000003 1.7599999999999998 0.0 0.0 3.3 0.79 0.0 0.0
1.560212795052321 1.744907428910326 2.970264855121416 1 -3.7477855547530603 0.19464086647619339 -0.002494812800683582 0.007051502899464657 -3.522328135309299 -0.7729829394970098 0.0027198817909842798 -0.007170710356790944 0.2692455985579745 1.0488108089234522 0.05729756121050131 -0.007952292571592563 0.6262364105988159 0.2370087615546148 0.0763846397328648 0.03481143829563103 3.0635612065407054 1.7924595267242056 -0.0011273881754988715 0.009225170054944188 3.2911506413707095 0.7581520955847842 -0.007486607955550133 -0.008085058439595238
1.2859126960074803 1.533472313046042 2.9869556236558603 1 -3.7108381182116803 0.17162828767889104 0.00559941226163841 -0.007087217191271273 -3.499805999909621 -0.7368243483058944 -0.00044612238369038347 0.008229556469803442 0.5339782280438747 1.0794866365486997 0.04513302488008448 0.0004644171307982038 0.8887694074866337 0.2752707674669841 0.028275728925257877 0.0030788119138618667 3.098880549312934 1.9049182936329938 0.02407304376739439 0.03017456303056411 3.312052316434537 0.7405627522099945 0.024406365758356988 0.013946094761365126
1.0787704123781414 1.2639416455347503 2.9132460201888253 1 -3.6407676842187193 0.14189019014418824 0.0094236726022688 0.0032257046139549626 -3.4654470936745305 -0.680536489526725 0.007299043147244334 0.002055867459637657 0.7169247101503053 1.1225185537747242 0.0442573540493332 -0.0015735785596331792 1.069026396256028 0.2980779419775961 0.048072329029201555 0.031762205457653174 3.209247220989388 2.060691861774205 0.0009450548731910584 0.024079629415139334 3.4090558400190547 0.8883048031742722 -0.013113943144723791 0.04032833903539158
1.07623899470284 1.2429400937321353 2.878974877764684 1 -3.6054055583100006 0.12734627669476817 0.001187990869488495 0.0025009269031840108 -3.4400221744195445 -0.6428794907911894 0.004310546471759283 0.0006173691772940505 0.7907726713068053 1.13702947212908 0.01726667110431088 0.012719706762842307 1.2531965515231063 0.39106532734917065 0.041649311604935985 0.012529923910088298 3.4392780910840086 2.225757556492087 0.04739454246986052 0.021990719896923024 3.5228588610495386 1.0851419937005775 0.016897387816597664 0.04032306389352482
1.0647925604061839 1.1925664249782453 2.859217189716523 1 -3.6052272184794125 0.1242290613281476 0.00795203584040342 -0.0188651336559821 -3.4368354936335708 -0.6357994063105645 -0.002391614819530935 0.01885876257575344 0.910482529749232 1.153147743497282 0.029313296186935678 -0.010259693323741971 1.3964239252386061 0.469067057350802 0.013565843543421937 0.023083388564659555 3.72936686546349 2.3328986751201524 0.08003820928835155 0.013716838525968087 3.673763700118897 1.2364130807935032 0.06052102468103311 0.0213581849734166
1.0259425969374794 1.123482371535914 2.7574002699052027 1 -3.46776154905625 0.16528951343274612 0.05316175598003158 0.0271675523384731 -3.463610046610202 -0.6872570774673753 0.0027645827916997286 -0.043565576901207256 0.9087631854425888 1.2543282949455508 -0.026949094891889062 0.04337515690726819 1.3391583049014626 0.4616799453537801 -0.024296614517545098 -0.021802999198845357 3.946046840577841 2.3732844898341834 -0.002245953542878959 0.003949865993329537 3.8047957475486225 1.3139620140071995 -0.006262913926207796 0.009360693960359488
1.2698716435924793 1.5023233471153024 2.8881005692284605 1 -3.2459442711435713 0.09455688753765701 0.012738524613598175 -0.023289419436914288 -3.4328976777229636 -0.8238184764993439 0.0064331264613824 -0.03852521496754775 0.8094011904983169 1.3538843180346398 -0.031563713345984 0.007648750028517211 1.1355311948039057 0.47895413671772524 -0.054125449214658616 0.006350053861403911 3.8723302159993214 2.305443705850997 -0.049941477168431295 -0.034479112060972074 3.8566401855940615 1.2460194160375502 -0.02200616561170524 -0.03890582453217769
1.6433826765230934 1.9252758112717558 2.8195859935326286 1 -3.2786151541012254 -0.04814355975613238 -0.01283269358968267 -0.02808883837096868 -3.419666398718792 -0.9090191039008816 0.004576330870314691 0.0058490203996515045 0.6561296957145029 1.4172132783178228 -0.04657932988703124 -0.006245654765140531 0.9343386702174561 0.4871808027422664 -0.0545102257951163 0.0013716702970621754 3.669149221408647 2.004932628767538 -0.05433485892870494 -0.06652379557145222 3.7983897008736225 0.9871507117286009 -0.03620127059868872 -0.06882204819689762
1.8250283026790262 2.1531163028187006 2.8340182682817328 1 -3.435933214984157 -0.04646925819908243 -0.031650004370372326 0.004432526220815679 -3.437098501009297 -0.9099572877242874 -0.00710639407637314 0.015841824862643693 0.4588642046350442 1.3951169781883639 -0.049826501316484535 -0.02552498667599254 0.7364509001052681 0.43936322384543725 -0.05761593699128466 -0.01420292158341171 3.4548716482510136 1.7030688457886396 -0.06437440121751198 -0.04589007888035851 3.672429702232874 0.7104957013816169 -0.04515511383343366 -0.05447760171198689
1.9291116197790696 2.2849192672794403 2.7411022915172047 1 -3.5845229221247914 0.035831265013769986 -0.019749948726295964 0.013690994326281245 -3.487981978773296 -0.8898848168354466 -0.011770598279253327 0.006761850577063768 0.26562396438106983 1.2860372789353813 -0.04907878480147444 -0.038036393655665204 0.5088342766165228 0.3145368582765782 -0.0651114824588081 -0.02947142563575656 3.17986423432236 1.5365347647590486 -0.07939792015255241 -0.02369091083784857 3.482853616993344 0.5453987915643683 -0.057240014208054996 -0.031956873884950804
1.9243300845749203 2.2005646365930986 2.769927770478921 1 -3.7548012052835875 0.1475209724890214 -0.030212251679547046 0.04615087487323162 -3.4716367506350805 -0.8854150324496145 0.046292211427195654 0.0031295118882385155 0.08002597321558635 1.131163223836832 -0.04688113214429089 -0.03897794239465732 0.253536502633005 0.1296284658876823 -0.06414100062901638 -0.03953948469301845 2.8681026530655043 1.4605831259619402 -0.0798728051993282 -0.009275839430328095 3.209034127684598 0.45069520140454444 -0.08237301564937294 -0.027437414957886
1.5073307578072028 1.7330715456007735 2.94022843009605 1 -3.924687876315145 0.32967699567485287 -0.019496962277338287 0.02094092960720707 -3.4173922476215823 -0.7171728026508978 -0.018933424295663522 0.06294554677307287 -0.11477564093239323 0.9665466748729388 -0.05675714046972377 -0.02995934188605533 0.0152462622529006 -0.0903237380602232 -0.0558031785647838 -0.04984739907730277 2.5353857453585125 1.4721075295995059 -0.09209427487304296 0.01067088538958892 2.7960064156127533 0.39611124230745753 -0.0984388562587004 -0.0022770297908990293
1.0968763246144164 1.2273049346229106 2.9127057237032195 1 -4.017276610197621 0.4997650177935591 -0.015600069487708906 0.03466063999632818 -3.589858981329038 -0.5533027356539262 -0.041419317908861004 0.00857891367612106 -0.3255920509513164 0.8325018656148253 -0.04115996927862225 -0.03807713805404567 -0.1570405411708009 -0.28913224147818395 -0.03461887816007351 -0.01772678784950886 2.1765615714726527 1.555758206956646 -0.04756558613339067 0.021655052167819884 2.448999204085376 0.4788530258378212 -0.033904472067024294 0.024834732251601585
0.9095663968838198 0.9921329317323948 2.7646484239377926 1 -4.059740650546554 0.6175944741226209 -0.005440057405325584 0.010647250774280666 -3.672988726413123 -0.5136331992541103 0.011338800134694512 0.012735230635281819 -0.5167601498067582 0.7278083768441388 -0.0484593838584723 -0.024654721810282984 -0.3271405449905691 -0.41096310400396796 -0.05113041761654161 -0.015799177632823246 1.8645887286970755 1.6202408159316026 -0.06847874234284558 0.0005793944760337927 2.196394816403042 0.5449528714092999 -0.07325739856435695 0.000986896163119835
0.8111569701782717 0.8699829394225416 2.713341002696208 1 -4.159993756047802 0.6472372121220911 -0.03205233467025093 -0.003922376190243838 -3.668862908432217 -0.45809550452925085 -0.00020592600947674788 0.016856232304693297 -0.6492062757412342 0.6681481158082576 -0.010998267987428385 -0.01596410962286087 -0.4952625050250683 -0.4899165556855769 -0.022355148220815572 0.0011212958211701957 1.7089587387731733 1.6343063534877693 -0.03092266259403041 -0.0033098266040021904 1.958830664561976 0.5340086142464944 -0.0630400740192918 -0.013564676584494641
0.6971088527247469 0.7256551368242359 2.6708508139648353 1 -4.275670483531309 0.6830566936255646 -0.012914528040359547 0.011177494131289786 -3.671364194960818 -0.37511273964653824 0.003569264151622311 0.024207875706426466 -0.7406432973552102 0.6616370558533016 -0.0017040767051728911 0.003802822426954287 -0.5838600344447582 -0.5242123591213537 0.0016536896010749154 0.006397216260656743 1.6661030620047539 1.604067111943848 0.010775927590011333 -0.0041518755056831995 1.7918226652695486 0.4771637305549732 -0.0012318181252133202 -0.011128774520187835
0.6078942285031126 0.6232509377060326 2.6191340779874257 1 -4.36195054925116 0.7441500105919823 -0.01936891433883617 0.007264692968165172 -3.7238074988444114 -0.2966619342870689 -0.03326633618085477 0.0025671633743041796 -0.8049177579001556 0.7200553041695639 0.015841971262497645 0.023826472404868897 -0.6133115201724197 -0.4561118808167458 0.011849740472471804 0.02545555396767987 1.643565077918046 1.5779526388735001 -0.031389813406896505 -0.005785168442240862 1.7391768637745653 0.4408295586933739 -0.03794933127878049 -0.0028241028112863014
0.5795319456697545 0.5662368105200676 2.516674483526763 1 -4.404379525376888 0.7901789110337198 2.23456855740628e-05 0.0042137129922513936 -3.765237817423759 -0.2276206693939048 0.0043518011385950475 0.018277423237439968 -0.8109592709905087 0.8567712705279646 0.018935602872906576 0.03379010952147625 -0.6561982582447183 -0.317708477516336 0.0009718727567500224 0.032846200314340684 1.6826738445055467 1.570443346949776 -0.005961847126959515 0.0007208614154131619 1.7559555638217113 0.44129432381242717 -0.01952050894791839 -0.0034783916915446947
0.5732179809057941 0.5582108595159336 2.4169193414476458 1 -4.448212041264125 0.7778595905854828 -0.016554389494117933 -0.008083162251899607 -3.766865625397856 -0.1820266675143135 -0.005406772305757122 -0.0011095227617953854 -0.774796085680395 1.0227580997496735 -0.006576814313858807 0.030202891689733946 -0.7004986462098994 -0.15391399552394158 -0.0187617978964564 0.03609221653624515 1.800265313796534 1.5482265013004133 0.02389049309267429 0.00039103486225348927 1.8052237883419107 0.4206215777579507 0.0015443690400177429 -0.014742862304639646
0.5458941952898545 0.5142164591827953 2.304964184955713 1 -4.480886155496476 0.7334511775405541 0.0032410187973331266 -0.016306519011806856 -3.727470238462769 -0.15658039986790073 0.008395705790529 0.009487259363952446 -0.7191888614790267 1.1882220515568318 0.010646441981931416 0.02419212233234564 -0.6885187941690556 0.03312042805436266 0.00648808048725083 0.04944110007592857 1.969862056332608 1.4876258113608158 0.05086326961077907 -0.01854707186179923 1.8657598688654193 0.37347473725913893 0.03623476500369746 -0.010176940607094894
0.512910812512763 0.45848850459596346 2.1677749009433405 1 -4.48491357345226 0.686277760669207 0.01859130289952397 -0.013459519498557893 -3.684917067702152 -0.15410172673950706 0.00786386683165705 0.013704568314361103 -0.667328173862471 1.3650127004052082 -0.011527961223153726 0.03480927004404566 -0.6477332272928549 0.2394684664939073 -0.012659807641732473 0.04354134347108692 2.120650882228362 1.4221047438589935 0.026130644786921363 -0.029652159432726297 1.9501840821312753 0.3339309885895614 0.018043795017063248 0.007598735610283666
0.49041234072156664 0.4199334405109617 2.0335135171032093 1 -4.45219079925134 0.6537122874995003 0.0066288956833127875 6.861194524632186e-05 -3.6472047737408024 -0.16022619571266805 0.010732942233496922 -0.0032551737226635905 -0.5975819519845316 1.550548780984247 0.026685145372415946 0.03689062958419714 -0.600007664680621 0.45199753486845706 0.02069428421758371 0.0417658905125771 2.247660808065409 1.3778131841850318 0.011339479531316182 -0.0018567959819784895 2.0158041160938733 0.31152170143037883 -0.0052489569174545905 0.0003056820556096469
0.4704752906741393 0.3741134599072546 1.9257865539351127 1 -4.396937905713597 0.6309236701522982 0.015049822958359568 -0.002107915163675378 -3.6179306411290786 -0.16549060385765468 0.00882425379946982 0.004171288181737516 -0.528689352922413 1.7281023479455726 0.002268281340074882 0.030054088289840318 -0.5611801412732835 0.6433769639244742 -0.0031133023616043455 0.03755303847107261 2.3609246210053483 1.3425536857901519 0.010710528849208893 0.001303056120190603 2.0405904751592248 0.3104250107974993 -0.012793545708677674 0.0009724161527793701
0.4047100160178167 0.27964235137978577 1.862456948951317 1 -4.350588672250797 0.6105724162924826 -0.0005081809528808046 0.001223541152745939 -3.5912989345563933 -0.17169928269805246 0.007381442595887364 -0.00976438112039372 -0.4722289754111513 1.8747144584314115 0.016978645578506046 0.03202858248428497 -0.5130493892389905 0.7957624661490137 0.01940069001958703 0.020374318078779225 2.44783059932006 1.3071310382899486 0.005783448160498599 -0.024312748183928805 2.035588507587823 0.3147926249487891 0.0014848506021911782 0.017481127289745046
0.3001040568066445 0.15756230231629553 1.8536595349256118 1 -4.3097310020781965 0.5898661324413363 0.021252536470974276 -0.011464365421849101 -3.5657934946083065 -0.18251482518612183 0.0023580535539961846 0.010172168519171802 -0.4400798250244078 1.9788200596031502 0.006381123495795456 0.00575492480417442 -0.4571280909563349 0.9089210642944971 0.013541257545109663 0.027281534908564713 2.495652177419972 1.2994046654479257 -0.005934364486041758 0.008755856197114185 2.0141918063537183 0.3314965630824642 -0.017421774988691643 0.013478442794069864
0.2084008065304525 0.04758010052957689 1.8529201785451206 -1 -4.273326168672972 0.5747374784775361 0.009512236803120865 0.002112307940648724 -3.5461217166593 -0.20078499323980337 0.007878502703889552 -0.00032107496482911696 -0.43369440866284936 2.04782520959112 -0.012426116988197823 0.012654529825164185 -0.4200514573139742 0.9706392915241202 -0.008986068906316078 0.0056911461853576106 2.5204959813054995 1.3188845790939667 -0.005207937682845488 -0.011132887077801981 1.9920982384471193 0.3790667298541477 4.333891964780276e-05 0.024200519884624617
0.11010822140497638 0.05852168338540682 1.7781876403970807 -1 -4.248297759008019 0.5660874241504465 0.0059090789793345725 0.0034889972612820283 -3.5390911290653917 -0.22158903014315112 0.004708272549846269 -0.0005636460981040328 -0.4468638279230026 2.0753484453708553 -0.017749779934190177 0.006863462289646809 -0.4107992778469889 0.999319579038018 -0.01569633091755366 -0.0022966170103445836 2.52785848524414 1.3485117614670385 -0.013922019307298038 0.0025159853275853305 1.9450492126676213 0.43653562137750623 -0.0179889682845657 0.02411429059709451
0.0014598043609293679 0.1769716701739701 1.760906313376875 -1 -4.246249922583472 0.5682936900312148 0.002253280495911447 0.004263040839557573 -3.5457497811935745 -0.23986708621696684 0.0017691625711853372 0.001756475989751211 -0.4801115701589236 2.072673670451999 -0.027071401218366282 -0.0031144225053985294 -0.4220968198846693 0.9950819111848492 -0.024928400208618688 -0.00494667872768886 2.5253740556876236 1.3661271439141776 0.011924601946901274 -0.003974307861590528 1.894366808904154 0.47898072586296436 0.005979987739563026 -0.005281669517257392
0.08458799300416513 0.2555554376303521 1.7549368589392487 -1 -4.26477291827991 0.5770793214750447 0.00924074268190911 -0.005222246029619928 -3.5600614215134527 -0.24945532009058413 -0.003314930269250331 0.01365130595857783 -0.5335668888239367 2.0525838921235904 -0.029106199308322398 -0.010364600875963725 -0.44529020515124706 0.9724429289102814 -0.026130897975262943 -0.0028425999008960525 2.495781037049537 1.3997280934062974 0.0008491626050331144 -0.005738718151627567 1.8454299276407236 0.5254868419255074 0.007635503010881929 0.0005269903729550052
0.14283933224115622 0.307120999358497 1.7697058419234648 -1 -4.2953026053775645 0.5895031472759666 -0.010578584484709068 0.009018694595216592 -3.571629498678417 -0.252817935399281 0.0019558030008084044 -0.0038964614966385744 -0.5982487193736921 2.034307022983893 0.004262928456164156 -0.004095820457580759 -0.4786593097186653 0.9474887930933948 0.01126356799363372 3.72985318003111e-05 2.449548298645131 1.4337203370668705 0.005692861568981461 -0.006065443908544877 1.7941571165995267 0.5634408453131972 0.009407942162999191 -0.01205440135045122
0.2416593368661707 0.41705019681625644 1.5718424676518539 -1 -4.353009355430644 0.7101893759389395 -0.03134818379410942 0.041059121429857084 -3.6904384062924906 -0.19486001601420933 -0.02297245475265319 0.010732586575766943 -0.6662999139689982 2.098970546349673 -0.004405469812357956 0.007660673822418425 -0.48865689990475314 1.0546839263868928 0.002988850125187551 0.05751962886109583 2.520465475309777 1.4953804076843857 0.031968041438711854 0.006069034162795079 1.9585533707973406 0.6967482754601355 0.05142068741857886 0.046317243166906524
0.194588855642358 0.4312813825709379 1.1040801274268124 -1 -4.528050349569762 0.7422721203261939 -0.05698434779876816 -0.010687201296997273 -3.7858712571603634 0.025787641151478358 -0.02144953133876141 0.05161054913581326 -0.6091789915991983 2.265391616458258 0.05725524395549854 0.03073988475682464 -0.40415569180104427 1.3130681458379234 0.050264953812447756 0.07416565967666283 2.889498877908748 1.3867275476945529 0.06317028290962018 -0.061808414788079205 2.2909462642003655 0.7879982808245825 0.07210902150215308 0.02123432471842076
0.16298390630488932 0.4223511397612718 0.768760885575574 -1 -4.75721302774692 0.7395262001100158 -0.034284415033673916 0.02063730129469323 -3.955352866068168 0.2831739581871904 -0.04036241049093737 0.03982349333184153 -0.3442022131795319 2.4808452634834386 0.06719548888537073 0.026945110912828675 -0.19919860934886913 1.6181831558752977 0.04452460683275823 0.0745727132354572 3.262540911077931 1.1364302707588636 0.041505912761481106 -0.0541851651779436 2.5661740491011455 0.7225066283156971 0.06034555451448056 -0.02180157924289236
0.16721273881631799 0.47877409035390395 0.6287458309978596 -1 -4.835355290950986 0.8633325916827086 -0.013915942334013054 0.030457836173809753 -4.144519821978388 0.4076088402859712 -0.012458370671706406 0.013564074763626897 0.006418509876661815 2.673414071587507 0.07262101970137609 0.0013795779413670467 0.07860986749311216 1.8783079972803614 0.051457535724643885 0.06524408087795888 3.484698768125142 0.9525538155704223 0.03007605924127095 -0.022077864904463743 2.767328700106785 0.5457022359174013 0.01737057436169917 -0.015118351329299999
0.12691055282974925 0.48382176315962067 0.3985708353980335 -1 -4.771085695031637 0.8984029700804439 0.02130249721066827 -0.006226184623594614 -4.155394991288897 0.4708561897727488 0.019600080943400145 0.0020222642434728558 0.30976055963981963 2.794871384186711 0.05144903194440016 0.021067268825249938 0.316719635567531 2.010689336383104 0.03949023973314507 0.012019157489281965 3.6454801817312052 0.763436022784211 0.03730994961175447 -0.032013080534187326 2.8817019616876536 0.42476200740553405 0.009536096804802406 -0.0201968876516375
0.10480528003013752 0.5031575035512479 0.23179360365255508 -1 -4.592496292123356 0.8259547514817223 0.03808155251824664 -0.012957075876260878 -3.994029975245439 0.43947794783077776 0.046688010167710764 -0.021704480129577236 0.5175574098059466 2.846221514783883 0.03272473721854195 0.015890942156817404 0.4700153533596394 2.0609257796640623 0.02398612051638073 -0.0026912015944524706 3.7494891855478283 0.6240410978911841 0.0244892871208418 -0.013965257227952544 2.9784787064292004 0.3139369796569078 0.01211288449443998 -0.03162042430881455
0.08941182658649449 0.5439675216414388 0.15704095589879874 -1 -4.352674193463181 0.7481602990876082 0.043789843602852055 -0.01197094908643576 -3.789065841919197 0.30735169726283385 0.03959028768622535 -0.03276225729124217 0.6469085373843999 2.8632679175638804 0.021258462304818003 0.01021611223409874 0.5574372071216489 2.0728937372449425 0.010248636131508525 -0.007902934902840802 3.8038012117865776 0.5520967618956252 0.018144071429289158 -0.011245437442895048 3.058707766957146 0.1861563125444694 0.0022011685065139105 -0.021477881501334867
0.045523973166943454 0.526059948542178 0.05865421596554788 -1 -4.1516495748796185 0.6670372886125047 0.024780443513055327 -0.013376428591970791 -3.6449527427079897 0.16505236871635431 0.02775774320749236 -0.027322864933331505 0.7216711221412977 2.858163554502814 0.01104141930704253 0.008025556394260967 0.5824280262393664 2.0640389105058983 0.00041071430576490944 -0.011597225518646954 3.8388724096952647 0.46793598494612865 0.014346306745480507 -0.01063171104329617 3.0845248833856758 0.13118244065087858 -0.005456103473306911 -0.01238836779518118
0.01699493091958885 0.5265417971634305 0.03851165987184018 -1 -4.0572668314652365 0.5816573737935902 0.004564069000203872 -0.010740427434926134 -3.5525275862031913 0.06960139283796529 0.019534702990762324 -0.01963587339340359 0.7371423807330428 2.8428001979750697 -0.0007349433540438117 0.006907554958495002 0.5854642800189698 2.046069021064556 -0.0014370217617872298 -0.012758406738863883 3.8408786399731465 0.43445366159990684 0.005696285482245184 0.004703985598045527 3.0964956665392283 0.07154387614892155 -0.005386988684630327 -0.01843235180423726
10.763227 0.71870565 0.355319 1.5675396 3.1380439 10.220091 2.357976 1.4867587 -0.0486598 1.0126922 6.6326637 0.7214508 1.9585584 0.7342609 1.2645005 3.0045795
10.8561125 0.18539238 0.51047814 1.5318203 3.3685756 8.828465 2.6718526 2.2596147 -0.42241335 1.0361494 7.554678 0.7093766 2.2216735 0.70110655 1.2461796 2.4971695
10.672893 0.077329636 0.5028336 1.6148342 3.4871511 7.5012274 2.7654297 1.1782079 -0.921185 1.0875077 9.483124 0.67849016 2.1191368 0.6345693 1.3063914 2.1029048
10.582342 2.9288847 0.56292665 1.9696577 3.1479359 5.809274 2.743928 2.4737277 -1.123832 1.0834279 5.7122064 0.6674402 2.832273 0.4875642 1.4500017 1.1599607
10.172732 3.7214575 0.603156 2.01948 3.5351334 5.984681 2.8060062 3.653246 -1.5432408 1.062528 5.116637 0.64513516 2.8957732 0.43964744 1.4641994 0.9925051
9.823941 4.141876 0.6034302 2.0576615 3.9293213 6.221195 2.9091136 4.255431 -1.7637274 1.0548009 4.9502544 0.6300677 2.8545303 0.416633 1.4803447 0.9517379
9.716396 4.3079495 0.57632565 2.0952306 4.0988154 6.3733425 3.0692263 4.490028 -1.8380036 1.0644348 4.7926826 0.63209903 2.8061018 0.420408 1.5042555 0.89453506
9.748303 4.247878 0.56933707 2.0897017 4.0291014 6.3611817 3.1295414 4.420797 -1.807893 1.065067 4.7981353 0.63705564 2.8082008 0.42409372 1.5015098 0.8918867
10.022681 3.6358364 0.5718272 1.922832 3.4947646 6.8737874 3.3841043 3.717463 -1.2300913 1.0429441 4.6986146 0.6881254 3.1694512 0.49160993 1.3944339 0.9779792
9.225318 1.308341 0.6363834 1.5924755 2.0302958 10.17999 3.861924 4.903306 -1.0113351 1.0329068 4.379983 0.710564 3.199357 0.58343875 1.3189428 1.1754937
8.781579 1.4510653 0.7756156 1.6871581 2.4736989 9.392567 4.0297856 5.485211 -1.085464 1.0649574 4.845751 0.7159842 3.2418537 0.59374 1.3662797 1.3602333
7.9121947 1.5626664 0.69417393 1.9470098 3.4008603 9.163207 3.6694927 3.6150606 -0.5052409 1.0127621 5.4995136 0.66380453 2.9857035 0.6317693 1.4467572 3.527102
9.0717325 2.847222 0.549134 1.951401 4.5088964 8.13574 3.3240128 4.0070424 -0.05115056 0.9958112 4.8781457 0.65172803 2.6221704 0.58073866 1.4024285 3.3763297
9.046049 6.0008707 0.51379883 1.8952465 5.776164 8.697039 3.168594 4.4709477 -0.48687053 1.0828512 5.64689 0.7465323 2.236886 0.5514904 1.344996 1.7820506
3.1308746 6.8922906 0.7757051 2.1324964 5.6970215 11.514283 3.265912 4.2128625 -0.45272827 1.090659 7.3455944 0.7239816 2.1676984 0.50586236 1.5489743 2.5205479
0.4705963 8.854337 0.8911346 2.2841027 5.2502913 11.915457 3.2448926 3.7070208 -0.9103527 1.0759766 7.5120006 0.72656775 2.301546 0.44283783 1.648267 2.0913935
-1.4989595 5.8785996 0.13367555 2.056972 7.009385 13.735796 2.579878 3.1243646 -0.86894655 1.0250238 4.5728765 0.6661583 2.0150938 0.555992 1.6164693 3.690109
-0.877408 6.90691 0.042477608 2.3260012 10.6041355 12.738592 1.727466 2.4539115 -1.1429753 1.1206769 4.6818323 0.7618879 1.4732041 0.5769619 1.7203214 2.4433866
-1.0048218 7.039021 0.14449078 1.9798567 6.754366 13.334739 2.4876742 2.8797345 -0.3924818 1.0463324 4.5162168 0.735145 1.898491 0.6160499 1.5455949 3.686272
-0.99213123 7.981632 0.094643414 2.045528 6.0286436 13.183657 2.6913247 2.7866347 -0.1862855 1.0937179 4.674124 0.7462466 1.9959277 0.6413044 1.5529003 4.308916
-1.8533316 7.578261 0.33074895 1.8564245 7.400895 13.162047 2.4066 2.1513374 -0.13189197 0.8794006 3.9401827 0.6539855 2.0377645 0.43991172 1.4498788 3.085505
-1.6902876 5.364009 0.28843075 1.7735385 7.6502666 13.5893345 2.6711318 2.6067042 -0.019716024 0.9081383 4.4235096 0.64796865 1.9891912 0.55475354 1.4383926 4.337538
-0.8264713 5.629345 0.31609038 1.6833347 5.187654 13.599179 2.9749203 3.1028008 -0.25452805 0.97765756 4.44726 0.70914114 2.0756054 0.65557957 1.4117687 4.4420567
0.64425564 8.002746 1.0574975 1.2930385 2.3917427 12.997819 3.9613967 3.637529 1.5881023 0.8547572 5.9693117 0.78329223 3.0516083 0.5223638 1.0600766 3.006915
1.6248598 6.031295 1.0270866 1.1114542 1.7227198 13.434184 3.4131703 4.146482 2.1060102 0.8285397 6.6368246 0.8137461 2.5036178 0.5558075 0.9593883 2.6958017
1.925992 5.2332573 0.82626635 1.2049539 3.9407158 13.59716 2.6542144 4.3947406 2.305459 0.83030176 6.3465233 0.81780803 1.7792302 0.55370486 1.0408224 1.9587569
3.5597625 2.603638 0.22487932 1.4341575 5.2022514 11.777612 2.630145 -0.19523425 3.3481638 0.7890655 4.3011937 0.7019292 2.7858877 0.5045203 1.1245775 3.2522264
3.0326571 2.1505647 1.1252191 1.2316443 -1.2593372 11.985552 4.610408 1.9296468 3.5299754 0.90207505 9.571236 0.73251975 3.6995897 0.6296432 0.99458057 5.0195284
2.4860287 1.9894156 1.2709402 1.3596989 -3.5367503 13.115034 4.1051283 3.3242505 1.3619945 1.0443044 12.92703 0.7526096 2.662844 0.7498419 1.0745095 5.968147
2.6193724 2.1679673 1.0518082 1.2578827 -3.8413868 12.112087 4.1072865 3.2184691 1.5933881 0.99662447 12.875379 0.7551165 3.0120382 0.70679605 0.9735667 5.7884912
3.6135435 2.5766768 1.3030525 1.2217816 -5.9780045 8.9552765 5.2513275 3.270747 0.8680272 1.0351267 13.3099375 0.79346895 4.196923 0.77914107 0.92722374 5.9400945
3.589014 0.19359827 1.048176 1.2083299 -0.2330389 8.833812 2.8487186 1.6134697 -0.785882 1.0282885 17.10672 0.77717227 1.8655299 0.6987512 0.92654026 4.2931805
1.2494192 4.491358 1.6885786 1.3412607 3.4798832 6.6289053 4.573216 3.5457354 -0.09169531 1.0424482 15.372543 0.6986184 3.0911334 0.4366088 1.0035799 2.2392788
-0.5843897 2.3788838 4.126809 0.68678117 2.5504925 2.8170025 4.350068 -3.0138466 -2.468597 0.7351073 13.890741 0.32428145 3.3627615 0.5477748 0.4986117 6.226836
0.15665913 1.2402854 5.0335307 0.42351222 -2.3233266 3.689079 7.1647315 -5.0004973 -3.0191934 0.5679138 13.249566 0.33067465 2.934011 0.5321158 0.40604067 11.561983
1.00595 0.39537907 5.7449484 0.7285104 -1.1058812 3.903655 4.54546 -0.13242462 1.5547917 0.62516046 13.238716 0.4813956 2.0278609 0.5047872 0.6265718 11.103268
1.3032236 0.435874 6.126178 1.2148198 -0.42256117 4.7949696 7.684701 2.840161 5.383373 1.0548733 11.662119 0.77095926 2.8250372 0.7636 1.097168 8.828751
1.5860958 -0.0125284195 8.46814 1.9198754 1.7672067 4.914251 9.932512 4.4749446 6.314289 1.2705575 10.1119995 0.8304924 1.6797687 0.82994425 1.621886 6.2386026
1.162261 -0.114412785 6.352011 2.0344534 -0.6684928 5.0065374 9.047855 3.721336 5.8905964 1.2586296 9.428867 0.8449833 3.4157357 0.85893464 1.7557765 7.033989
1.436985 -0.8757801 5.9144316 2.1533315 -1.506669 5.1246862 8.689008 4.2942934 5.2694263 1.3124336 9.073347 0.86222035 3.3879676 0.9012842 1.900029 6.841106
6
6
6
6
6
0
0
0
0
0
5
5
5
5
5
5
5
5
5
5
5
5
5
5
5
5
5
5
5
5
10
10
10
10
10
10
10
10
10
10
