58
1.7761830139762405 1.8203914343996652 4.488262470043391 1 -3.98 0.31000000000000005 0.0 0.0 -3.58 -0.6 0.0 0.0 -0.3099999999999996 1.9 0.0 0.0 0.08999999999999986 0.98 0.0 0.0 2.45 3.09 0.0 0.0 2.84 2.17 0.0 0.0
1.6961739268729739 1.9400400777954308 4.511840204135916 1 -3.97608459202232 0.3111118251940035 -0.005414059559979957 0.008434579377816356 -3.5841862865534013 -0.6019601816368196 0.0012670284891702736 -0.010752435991790509 -0.3047964398727627 1.9030174706493503 -0.003078002188400755 0.013346246117215702 0.09051826567631949 0.9824575530715234 0.006764139395594263 -0.010798978048268421 2.497451848178942 3.089469685483923 0.020771495963259366 0.01698728640496132 2.874944921648745 2.209025780389331 0.026524535019846498 0.0042034584391733385
1.7872361653057083 1.973495097763588 4.570714727611246 1 -3.97370165424647 0.30662588599668483 -0.00821896263544035 -0.006836761491111062 -3.5818038953947164 -0.6002891692200394 -0.008450485920985695 -0.0015257298943764722 -0.2623713137777335 1.9075730389284677 0.014676063482837062 0.012581057270478159 0.1237659301129117 1.014751723364602 0.019926655731728145 0.0028598270373644194 2.7350982446712733 3.147427224283672 0.048138270790063144 0.046895107191327515 3.07690763260696 2.343528661706979 0.06648392073796094 0.0027461091109963753
1.8028161345765183 2.002850796955888 4.573755762977794 1 -3.9612381367206173 0.29964301112870406 0.01834753701511066 0.0004586961099559599 -3.5725310708231777 -0.5875255062602922 0.01242628339163504 0.012842350691652312 -0.10923651937386047 1.9402848780613593 0.055985307020572146 0.01113934153993236 0.2545814226366252 1.1045452905898476 0.046632976490229475 0.032750812222943765 3.0539382890735247 3.273993709889159 0.05898962179069009 0.0352880655232269 3.386807438387131 2.487781561765868 0.06544600408497012 0.018014234283595817
1.8104407800362385 2.0015211525088423 4.565895204241153 1 -3.9268655190977038 0.28936047158790124 0.007349499716461434 -0.013865802493759984 -3.561115123389733 -0.5555094066430919 -0.005911635845739406 0.01534081841086071 0.14133819451596263 2.023885092792368 0.06850487696328925 -0.005939806465660646 0.48777558143521027 1.2267334897623776 0.04259892437475972 0.05335935991357063 3.3698327191883166 3.4031774813656472 0.07722669880423177 -0.010967607824392305 3.683944007043566 2.6207844956739677 0.04204964805475896 0.06133426065966478
1.7874172197275195 2.0633283654334265 4.562153379198098 1 -3.785205395849291 0.335802340736999 0.06105246467532402 0.010052001509377783 -3.5581268934399404 -0.5306839087117148 3.31744041944193e-05 0.011867178171260576 0.4084837639905947 2.131026385351721 0.04337887582637341 0.03527028346034127 0.7432393550544916 1.3449126007396361 0.05375552940818984 0.007178090706965607 3.611750018682759 3.521459656493728 0.009355993752733993 0.033554898795613144 3.9353981933319577 2.6966035929792045 0.04235981395381363 -0.01971433572752662
1.9225284357332415 2.329357494846024 4.515936954661486 1 -3.5115991660128594 0.37435063791365963 0.054080876279989816 -0.017661473637270574 -3.493099464670726 -0.5531491355934999 0.02243129522488861 0.006902193554692761 0.6251690108272498 2.229075362567029 0.037099348668012296 0.000551790776317812 0.9635134457394097 1.440401624090761 0.028981894198683328 0.02938797771377799 3.5619054622705093 3.511023206399469 -0.034536245328927635 -0.011551109215887784 4.009815156466312 2.5920351500924212 -0.013499752687756019 -0.05857864712214468
2.0861780715153886 2.49393930938384 4.402840978586438 1 -3.3938077846212633 0.31600881564622463 0.0053108262601219945 -0.0022497997762667143 -3.4016201680986367 -0.5369548386550951 0.0200002358459293 0.001326347118962852 0.6856527476391019 2.2957308837591563 -0.004846715553985996 0.018432968046895894 1.0854543409443558 1.4462057235232524 0.017587844177317458 -0.017921775811186452 3.4586375152094924 3.3535307900926092 -0.0003191997903894128 -0.02779232726741452 3.903975683582482 2.3623117377096072 -0.010488034066852121 -0.03686429628959602
2.101181661396626 2.465374728028395 4.213718504679897 1 -3.4006784605444333 0.29750362491263926 -0.002621433812074709 -0.012954022628293822 -3.3412533663336794 -0.4805703385681608 0.0008427181137954948 0.026830767373848576 0.5988204812775813 2.276187261396035 -0.0393733436244478 -0.02469521013451047 1.036708690572894 1.3616872207457553 -0.04250507210363079 -0.024454494704363797 3.3009317322205636 3.1581128397862948 -0.05060108073816918 -0.049038505254685255 3.70761452518159 2.1385442967278476 -0.05451917533327101 -0.03329857364744346
2.088701832301954 2.4353454748406342 4.132680877651256 1 -3.4945113705123467 0.29053892993533936 -0.014461438906387574 -0.021584578780995685 -3.3587015596130207 -0.4803447293060432 -0.02066972336717071 0.017142367780512025 0.39685690677370555 2.169636453134608 -0.03749144168637529 -0.02908268315341584 0.8295489423710052 1.2193649495976961 -0.043816321923418416 -0.023234713440732767 3.0673410360474715 3.0076332563416095 -0.05236570631468642 -0.01537761847533543 3.51802456369259 2.0143212974291465 -0.02868901841643791 -0.023524802278760658
2.088453016871931 2.4504607646413263 4.122115787201877 1 -3.6285029984620465 0.26161515054407847 -0.02300702697907851 -0.01240827880319897 -3.4687402256404454 -0.5603998052358938 -0.026502834785245434 -0.015023372130838375 0.13286509205799746 1.9867151064224124 -0.050175302212544994 -0.038982625956062285 0.5354334680183825 1.0362186045833153 -0.055962295805555805 -0.04135241162110526 2.7680277132581477 2.8810258224724135 -0.07587200547142506 -0.0354785197996207 3.312881606101752 1.947478750033671 -0.05906924208256842 -0.021313776492582218
2.0718498706248987 2.4381358320780953 4.1162088284821685 1 -3.767635321696572 0.23355205411408275 -0.024306094159857856 -0.007445789694589117 -3.5782089202538083 -0.7139309849883801 -0.014873007124288106 -0.031855177437909436 -0.13768423787955442 1.7571366286394294 -0.05658108926033742 -0.04114343618497868 0.2296457987567262 0.8037294271571302 -0.057407483262612094 -0.05641621485634424 2.4595166635683645 2.7400791791309684 -0.0810713730893916 -0.036628309893419156 3.044740101359654 1.8503757929692837 -0.07367750969122733 -0.041331668698132845
2.022931816179809 2.3654702719473306 4.112210314050253 1 -3.888345905296291 0.1942732558036102 -0.008312665406952205 -0.009265291127650637 -3.626866988952818 -0.8792486283428906 0.0034769081057394974 -0.02628044821088141 -0.40933261117722175 1.5320777154097436 -0.0576047107801025 -0.03337610173654887 -0.052276967641980754 0.5582033667257886 -0.05052597566264598 -0.05435893590806898 2.1434409274809774 2.5945295626220153 -0.05882186646831753 -0.046528456180763345 2.717192759059568 1.705654059492284 -0.08061865484240804 -0.013261244188096048
1.9470231533369764 2.2610523990619598 4.1319944195734815 1 -3.9434334309562513 0.1504974720036143 0.008603318432007399 -0.012716544429034735 -3.6409875714175586 -1.0116042943376298 0.0006650902760581075 -0.012028966474082041 -0.6684368223973838 1.3674744766844253 -0.027114859921449838 -0.024630477516321615 -0.28543824424117314 0.3504134794939042 -0.02484856114883153 -0.02354076232737525 1.8025349208622963 2.4431040434423976 -0.06966295964818656 -0.04932570594276561 2.3726683675584486 1.5422927616164017 -0.08261962340159508 -0.020212775014459214
1.8756626535996412 2.1843130940532767 4.1652933906184 1 -3.9230782039403778 0.11126243182125917 0.022321300920487907 -0.00743903225708918 -3.6818186584234427 -1.1096784502981263 -0.0016012559548868742 -0.015044102963765186 -0.8728132319035766 1.265276266812862 -0.04203980309497493 -0.017207713255535773 -0.45138750294862184 0.1899165586326772 -0.03345657287550431 -0.0336061221335236 1.4684036670896008 2.298952919017901 -0.0474912225077485 -0.02026981985442168 2.0768639441255523 1.3879316233729613 -0.04165971143955488 -0.018300657422139863
1.857013188554424 2.174932979153018 4.182704243038186 1 -3.880161956454962 0.05084700871288317 0.02176114691939149 -0.014416544921247302 -3.740755928511765 -1.206450391847366 0.0045928939642505325 -0.021577537193135602 -0.9939132099986905 1.187976630803405 0.0025434299905582464 -0.00944324398698967 -0.5487328860944509 0.06440869307545327 0.005703015272355564 -0.0143329249825976 1.2085451293431015 2.1758942788558473 -0.01695272084215818 -0.00452022460879159 1.8663211178818901 1.2494230765806336 -0.01019071506142201 -0.009511511563797296
1.8940501593346735 2.2195679301679543 4.165995117581518 1 -3.8618508507405926 -0.053937539847415006 0.019184519426698174 -0.019405738288287983 -3.775314109150113 -1.319931798976683 0.002853010092133855 -0.025151273821349206 -1.057584777270872 1.097908851378997 -0.016881291696139215 -0.009151249980972772 -0.5860258568590218 -0.04659860231173085 0.0002453519440636272 -0.034780626681751574 1.0700131612873083 2.075455441514111 0.019423000070819582 -0.0005473451099145604 1.7676832923667662 1.1448307949556416 0.013922097070586982 0.013794351784854567
1.9701677429478819 2.303819370867239 4.126379231958171 1 -3.8382699380582466 -0.1721925627986236 0.010254857018001225 -0.029597070983597793 -3.819534528155146 -1.4261226113106382 -0.0077279433925023615 -0.012048689801785226 -1.0850252710181412 0.980084450587237 -0.011589107549112682 -0.030070858391425224 -0.5758310571171132 -0.1401517479804102 -0.0040796324404275 -0.022205138352768605 1.0300258689610526 1.9869223617387841 0.024637952847815652 0.0018048577054121922 1.7800003725074989 1.102999773183421 0.02826319615993994 0.020819608478053912
2.0755463455440832 2.4317363236964837 4.091291763793958 1 -3.8008279155216473 -0.28955470239767667 -0.007117110246205685 -0.022132275202052663 -3.8975244335764208 -1.509123980660687 -0.03100202403654856 -0.007142499186870092 -1.0576385998123339 0.8521405763745138 0.026957922347851673 -0.02213136048581675 -0.5178421986144666 -0.2232429335093722 0.028856520045258606 -0.006576237948737595 1.057988078468913 1.9363345785743737 -0.006158887564959133 -0.028261114626891584 1.8645012570496693 1.1293473237075333 -0.0003879894068137407 -0.0025431928990791476
2.192214604698019 2.5602218428277794 4.077126819258502 1 -3.7467419104606763 -0.39364726254736804 -0.01309221491705211 -0.014348329401854336 -3.9925112753016254 -1.5503397215807273 -0.03384989765077108 -0.0003866890173945181 -0.976964627416268 0.7053512471289782 -0.00904740026704717 -0.03929959951999048 -0.42445812454442233 -0.31630983771816346 -0.001375980483092551 -0.04165972941327485 1.1241513167721555 1.9321705640260478 0.003454723421320849 0.003986002957740747 1.974707552748411 1.2009156746423395 0.028384026525154683 0.0030217034382038865
2.2985521482874005 2.671485808209568 4.091515548327151 1 -3.705813130676363 -0.475114743138877 0.00959091032050258 -0.008140673953556696 -4.060267020583981 -1.5672723072029604 -0.011274703835367453 -0.009115240324004254 -0.8619712052944095 0.5431218469049848 0.0288792964329014 -0.042237464979070063 -0.29455161438398125 -0.4237212555060711 0.02179060602702576 -0.013515498926787576 1.1889716520206752 1.945702135073947 0.02199911745157471 0.0007418633407666221 2.0651273987463235 1.2881445980776123 0.006102241957273057 0.03197212671165705
2.358515763380714 2.7464491566649296 4.039302706738992 1 -3.677621546513638 -0.5199739832001591 0.008151146748310686 -0.01596783899164207 -4.079989659953739 -1.5595387904665654 0.010990583028957928 0.014106090523222325 -0.7423492850562465 0.38056080336196985 0.0327277980763187 -0.021658954765189184 -0.15454138841724685 -0.538190227585698 0.039670963990590266 -0.018984965182155908 1.2186579495049532 1.971250868926564 -0.011962252016623287 -0.01567740665412544 2.1339446551067187 1.3835438696012101 0.0009233142191030245 0.001566456987107322
2.3960706022364655 2.7952279647406364 3.9939684394727744 1 -3.6610865926129836 -0.5241515494857069 0.000636095425027872 0.00026283101939196876 -4.059927970194657 -1.5385278649938834 0.006247721038716002 0.011035521169688981 -0.6339098222012822 0.23727354192979777 0.040676619391926905 -0.018526611665584954 -0.03191402168702595 -0.6502120007570673 0.0340815971381178 -0.005772258142171853 1.2104922901165418 1.9835601961183316 -0.016258142255077813 -0.02714716580516985 2.1612115500300915 1.4664967684265617 -0.011853038834199935 -0.00861846274975168
2.407965236154002 2.8068011384354867 3.9543128877996723 1 -3.63577800803146 -0.49911490176007733 0.004551590446115998 0.015643031983797927 -4.024648068471908 -1.4990312765604203 0.0017468554275319715 0.00132378595790425 -0.5395421086708057 0.1272574406164675 0.037040570956588734 -0.007783638219634759 0.06342005892985547 -0.7533673987806676 0.0301585135214562 -0.0057105002003500285 1.1843491669689312 1.9729292749788563 0.0028392731063055753 -0.019582101280742302 2.1521424713508726 1.5065846595051489 -0.02411562904558441 0.005952181917006806
2.408099893218891 2.805740149867464 3.91380483402877 1 -3.6096875769551433 -0.45007336259112674 0.0031696100738291613 0.01976945994167769 -3.984268159317737 -1.4461765081121163 0.0023372221058613274 0.0006270227520452365 -0.4706471892703341 0.05171243241551826 0.018222322623474924 -0.008200799220330589 0.1260253063060377 -0.8405789655047933 0.014013639778295083 -0.010316898650698706 1.1435896431501655 1.9368432351092264 -0.014603511623275698 -0.022157434142509952 2.1275273010735605 1.4997730068919752 -0.00982030119995401 -0.014559987209433085
2.5775007438121125 2.888576711993167 3.802642913766978 1 -3.695374739201708 -0.49256506453946947 -0.01084307834658766 -0.02877219631371796 -3.930748962785376 -1.5133748495154467 0.017692266720973543 -0.021444654027697515 -0.3677367696629066 -0.11574784651899095 0.04715459415110021 -0.04405617067867172 0.2057340891331858 -0.9840218211701199 0.029790578330159793 -0.027650320871298973 1.3026457192723573 1.9204729877092341 0.0530844481384489 -0.01027301409231274 2.191494812352417 1.5128907892294832 0.02150321647209575 0.013500427060437676
2.622723106663906 2.8967057330428596 3.6412199814771125 1 -3.676837523437587 -0.6539390458829106 0.018373341273122564 -0.031860471863267986 -4.015191437323188 -1.5681835430478017 -0.04623290708975649 -0.0081210191189021 -0.1524853032588558 -0.37204749961946615 0.049579631323607536 -0.040524417089170275 0.3647143322442563 -1.1751434729335362 0.050930941466479626 -0.039470000001530586 1.577391321458986 2.030913752233375 0.03742282976876501 0.02940992982114397 2.4053008016840858 1.8032226383855794 0.05386330417111458 0.07335435410401223
2.6572549893383828 2.9436734379887417 3.4059245639877638 1 -3.634726776467988 -0.8664120594342632 -0.021481642422823244 -0.033935019869985206 -4.166512583917889 -1.5923814805205272 -0.01357360699023338 -0.007661867197103068 0.1421749810341666 -0.5591297868809825 0.08010413864234593 -0.026261998022556132 0.6511144772349633 -1.2572187571624553 0.0654537212469894 0.01394010720271064 1.7527293132818844 2.202008067684275 0.06321703175525728 0.03512390177289012 2.5747664792622675 2.125754575075042 -0.02193310607702965 0.050174577104603456
2.7265047676190552 3.0203540391273016 3.2425441131147994 1 -3.7217685993858742 -1.001522212615469 -0.02088450047808282 -0.04097802168434967 -4.119438451204554 -1.704476438560471 0.038037900261672135 -0.0011219627273331215 0.4149059454854065 -0.6327635056591383 0.07048552738265934 -0.028325794335073422 0.9590846463867901 -1.2255664006775742 0.024612167509219213 0.04468693125443618 1.8273532836239266 2.3762581723173577 0.04817374812647406 0.020400443922917504 2.6598967381991496 2.270884686378364 -0.03542113999217495 0.02671009375748582
2.7240555510856144 3.0217219299071583 3.157996302562129 1 -3.722849954487976 -1.0866344062556452 -0.0016200679852863397 -0.035893406202216045 -4.0355123570251275 -1.7443862827659382 0.03130369480219582 0.033243124538616914 0.592649037051725 -0.6055839144543061 0.05117367430354754 -0.015172145408983718 1.1622030308853821 -1.1645462383553526 -0.0016688721802136722 0.041745051573531346 1.8528137563942018 2.4173205195672076 0.0450175133182845 -0.00042484751469908794 2.69982849747682 2.3801119621107913 -0.03996562941270793 0.02002911631579929
2.75771253071179 3.0568272016796274 3.1093921111118297 1 -3.6710722480909714 -1.0372222794240458 -0.0005312013092302545 -0.005285314860495258 -3.996517560881477 -1.6726023938387682 0.029992644024661445 0.048161888408122314 0.6804033681640149 -0.5580351154953571 0.03608275167258944 -0.01806427644695597 1.2603482018602392 -1.1317140331430442 -0.018283294322253958 0.033091307629220926 1.879414009871315 2.43345857258012 0.045164064724909615 0.00435689376928595 2.731661440245646 2.3922691013280577 -0.039699885187829256 -0.007233304590371856
2.7660913054108165 3.0670129247151516 3.0745100713249687 1 -3.5951873527904255 -0.9286840072663259 0.001563511401614954 -0.001266324178720241 -3.9310937385360525 -1.555968619661631 0.031037862264754877 0.048525466572582686 0.7022936174384133 -0.5533653308024837 0.022784520566713675 -0.028072206381291265 1.2870890138636168 -1.1353325663267038 -0.0306425863319797 0.025216229942373124 1.9007482152096928 2.420798897618604 0.04257201689307562 -0.0154642651871745 2.754970063630335 2.3350251340973847 -0.041063515683645295 -0.005411526485221821
2.746480662657806 3.0519785039736647 3.0537939221806516 1 -3.550199294542277 -0.8083653672063739 -0.0045529052783774586 -0.004325456684199038 -3.8755246136829125 -1.4636572262387784 0.025985876640229187 0.039933383096073444 0.6696428946877484 -0.5852130310998375 0.014796470941668442 -0.03203429612903494 1.2479215647574406 -1.1848366151389027 -0.04231528176411617 0.016177371123978622 1.9158871420384802 2.322025286308013 0.04250320801656739 -0.02074411212706162 2.773207231419578 2.285828033089107 -0.04254310803963964 -0.013066443865744778
2.7597834940774675 3.0634586697058053 3.030185351836555 1 -3.543409825341025 -0.7081975566026298 -0.008778989954280256 -0.008818774984877568 -3.8520429384793187 -1.4113717383246762 0.017261350932520958 0.031878254694982094 0.6217250820387505 -0.6284975804703852 0.011442355256736984 -0.03460032519354375 1.160519059704237 -1.2732140447778713 -0.046253490902510914 0.013006829041489067 1.929486365292691 2.2374288316885846 0.041425261477800374 -0.019912677117279717 2.7834072596723116 2.151643020597853 -0.04459996710513316 -0.028285771969679917
2.7368804536910676 3.039521534542732 3.0055185539707634 1 -3.5515317569996236 -0.6372215571285161 -0.006820630266824279 -0.014213624919492265 -3.8566305341932363 -1.3868112334644722 0.012665554535825555 0.025566271384933836 0.5538733871682977 -0.6872181280922305 0.004640565478400027 -0.03856442597699353 1.0680773602715972 -1.3645695966875802 -0.042025386138661566 0.015422602786438238 1.9338624872471541 2.1008253422615617 0.03935062766592268 -0.03708394368338486 2.787373588353373 1.998778266362005 -0.044984626871661916 -0.02257040168951138
2.705349928126546 3.0214614508896918 2.9771136709613177 1 -3.5575388230926235 -0.601697181882411 -0.005071219011451426 -0.019610882083626296 -3.870495140774592 -1.380001317259185 0.011274931052862426 0.020786059047366 0.48286356792909846 -0.7540529436473826 0.00807168271794162 -0.03882037832999667 0.9861778730613535 -1.456436371090819 -0.03974149233457985 0.013831694908048055 1.933929679227413 1.9303986371829263 0.0390813424464673 -0.03312420572210614 2.792550124894283 1.8412426026059845 -0.044875251579333766 -0.031363410104585904
2.684645090141493 3.0069113940847148 2.9439819681696227 1 -3.5636234419060586 -0.5964775943512133 -0.0027422036083270263 -0.023095907274716682 -3.8821370675484763 -1.387002798594124 0.01260780876535324 0.015405517787363317 0.44797597002761336 -0.821753596966157 0.012110730084851052 -0.04155514915965462 0.9105474806443974 -1.5642217923782176 -0.034405803466282824 0.012276825806425348 1.9362982779624778 1.7879243945771428 0.039018263387516856 -0.03436206759993438 2.7962894524659134 1.6416476758880432 -0.043728458975764634 -0.031234249045418543
2.591150557597569 2.9787886500765777 3.003915759919378 -1 -3.5890606992082192 -0.5451868519955401 -0.009095057821797028 0.016189307839783024 -3.7769658277498452 -1.451313931465252 0.04498846293180206 -0.010581096481338747 0.5300863012211208 -0.697018675353857 0.0012141488812743018 0.02434985648097162 0.555536597970816 -1.7061452966728996 -0.10147763267967838 -0.0003829254717868241 1.8231192330051922 1.6148292230906378 -0.02655870578923861 -0.03675583619134597 2.7435932477775875 1.4375556555692404 -0.02566925252349745 -0.03596472099094543
2.602548289843669 3.079126056600925 3.0456736324575724 -1 -3.588090494123833 -0.4000026920595747 -0.007615776888698869 0.009136432803645187 -3.6011066923713564 -1.4225719890589978 0.01932615969476316 0.04716139647292486 0.4094526570438184 -0.5545849978917708 -0.05285481124074991 0.012854071679906083 0.22373280502458215 -1.6489782852904535 -0.05426410533691389 0.03822357703705433 1.651164944966264 1.333599456605271 -0.0011008359455713414 -0.06050839975609189 2.6899926940419956 1.109159298047842 -0.03381505197585104 -0.06929360398297438
2.6416117182645134 3.0722723649254484 2.9695111950817754 1 -3.6261712521072464 -0.23902216884126493 -0.011947793892688695 0.014979576978130273 -3.6731641525288685 -1.2474538798367538 -0.023454350285864806 0.04791803407724185 0.07241870411431872 -0.4627896674745955 -0.058640154857602475 0.02064803234965015 0.06307535057611169 -1.5498783051878378 -0.025416176269568946 0.015369232692097968 1.6071120740433162 1.0425175412599534 -0.001895270446842623 -0.07952695991659167 2.642845983929565 0.6678933746405677 -0.026969915001059414 -0.0989913307390514
2.456079091448262 2.8768244175482103 2.9095233720355593 1 -3.6760357530657473 -0.035407211812132355 -0.0018894265951695287 0.03964032126105441 -3.813454208838199 -1.1295202524650805 -0.004233851471391159 0.019857838880253005 -0.16809678046274978 -0.36928489390517016 -0.016417773028764134 0.02313495031752719 -0.1724135546868677 -1.4689823029027576 -0.0583528846128226 0.014342566183052921 1.5769808197733095 0.7243902329294643 0.003081466671851072 -0.03866501405335632 2.5743452410349255 0.24892978733039461 -0.015650764381688713 -0.05825558066738118
2.3311550270314725 2.7469551340200185 2.793237608276449 1 -3.7849860315757313 0.17402541001968164 -0.04714595258430858 0.03721726770613228 -3.81625409416293 -1.046053006034619 -0.005932425151982288 0.01975250420649118 -0.26642375446312183 -0.30331585147713225 -0.022647937037417035 -0.015060663837800662 -0.5392333340329567 -1.3833538884115004 -0.0755061032689011 0.04106171334556215 1.5485915498376812 0.48661904825256763 -0.008228405590820144 -0.03555302337409833 2.4700373679359737 -0.08129521585168564 -0.014677872317078205 -0.05684690100038502
2.3401640614584123 2.700643136920009 2.7108822010301292 1 -3.9423771582212024 0.34813581029712903 -0.04066570777710355 0.02723766385178341 -3.7551599737897563 -0.9077998924521193 -0.021319837152358263 0.03587849693448982 -0.3272753332903324 -0.32506769916773337 -0.042069098482528634 -0.003711620849787322 -0.815802978803855 -1.3466245062741322 -0.05685336438048731 0.0051524739115827375 1.4973736578544967 0.3013214411487548 0.0030533218338910408 -0.03125926196891809 2.357246120092875 -0.33943138714327126 -0.01710683349268996 -0.0337632320085247
2.2463702548648308 2.612712727783233 2.640058704514605 1 -4.058702204858527 0.48704681780523384 -0.037478982570714775 0.01579950506910223 -3.743986517906834 -0.7148282775593049 -0.02205458686072369 0.030800051912084667 -0.4127080802639318 -0.37455849445914646 -0.021349854470188917 -0.0028087620851776542 -0.9346965598722998 -1.3811721288069527 -0.02171292378659102 -0.0071220933917115325 1.4507961706273624 0.09977163960458824 0.0030248918412077337 -0.025350009571748107 2.2879284214371065 -0.5589416061111183 0.000574570264119785 -0.0325613162049298
2.130693968123509 2.5028419562481967 2.568882509246487 1 -4.149009432095575 0.5599077646307957 -0.021460893044195666 0.007006248120974095 -3.7375732404624205 -0.5518069336496285 -0.004453950419765826 0.025168372626796914 -0.43176946698930596 -0.4084820584387526 0.014270435543589638 -0.009059957257431991 -1.0075897966754184 -1.35671228170796 0.00011200079709361259 0.012368782142767772 1.4235280308599938 -0.08357500728126299 0.013734129810314438 -0.011254762691926866 2.251081246040699 -0.7584196423901218 0.002550922171241513 -0.02316476183780831
1.994625163059657 2.2507032205001556 2.5329987734247608 1 -4.218563875531439 0.589261650363408 -0.019917432128286935 -0.0025568169988270514 -3.7250478329614793 -0.4312328737915241 -0.007681463322717585 0.016412612384896497 -0.5051146567887552 -0.3184670107829969 -0.016866305240221452 0.004758265711041508 -0.9424696870646398 -1.3657326300523254 0.03155282286523558 0.010116804525458774 1.4277877793503366 -0.188500739850755 0.0107098133273342 0.0002018969204693119 2.185227185537391 -0.9714526731374022 -0.013924181940202507 -0.03430156474392315
1.5485840604650996 1.8135552764587535 2.5997716128813986 1 -4.271622234343251 0.5965625304871125 -0.021462232582462958 -0.005766229688390332 -3.7101206246846434 -0.34582232762593823 -0.01856195297419242 0.0016878445053201017 -0.5441665148621584 -0.24346862331924535 -0.020340913426251096 0.01157909583220017 -0.9299243049305659 -1.3536796653450038 -0.02031300433971743 0.01846091814569495 1.3773530031444619 -0.19290873546431475 0.0005639034451466575 0.020173533275851613 2.0413918737409418 -1.1549801655364118 -0.01759381659462019 -0.007878699917498353
1.2244338175267249 1.4074757944975398 2.564314696422372 1 -4.314102801533904 0.6298160141059439 0.002029996855234511 0.010358559282671004 -3.7364972175300575 -0.3181543571138863 -0.009647763077760843 0.006801687125628201 -0.5657333273711487 -0.19003190158654848 0.0021573994504846677 0.006345287007545658 -1.0266271995497602 -1.275945332131168 -0.009934226383489786 0.01606232692064536 1.3075633769000605 -0.10992760226214215 -0.013045177474817427 0.015058303618027288 1.9188867012612159 -1.1147830655794762 -0.02915172894596381 0.018313667588067996
1.064880086864105 1.1672974517385863 2.2617295033163516 1 -4.33718336972596 0.7138848740231709 -0.005994668355319477 0.014129608529070109 -3.8153108380243594 -0.3270758624074911 -0.020251741339650832 -0.0027454094687556704 -0.6427580897069278 -0.11487810326848824 -0.036313276692720095 0.021712677559189226 -1.1165680541055627 -1.206150450507132 -0.02506850712568115 0.01601291537140491 1.3410728709441067 0.011790176002878905 0.0399539415112224 0.02992075672494825 1.8421822343111796 -1.0460510565277055 0.0056498894520267285 0.01705532229899115
0.9558010683550736 0.9851556592558285 2.0161191527789146 1 -4.36525558014261 0.7607580186685028 0.005072607729667632 -0.0030845542489870152 -3.848311876192226 -0.31531138440784134 0.00964811978267265 0.01665712676332129 -0.7250080020977894 -0.04465227935732763 0.00347451943441476 0.008183298887098863 -1.122995102419046 -1.1641661958790384 0.02053886441660186 0.00570731835770835 1.4616107602251747 0.08923487057176538 -0.0030708760431082498 -0.0029547158619762093 1.7761221802323748 -0.9958955001336193 -0.0423154206427556 0.011599786568444626
0.8024080493114684 0.7573715856376666 1.7881507591576762 1 -4.425059021277154 0.7376741326422565 -0.020897712732503605 -0.012904786962368995 -3.8314633371742493 -0.28059129959857454 -0.012960487704677094 -0.0032336738163396984 -0.756515596435138 0.038297999472742594 -0.014565358318435223 0.023673749691543584 -1.0607400461682368 -1.0944175171035717 0.004662945883105941 0.02319030547150423 1.599395799155122 0.17052305429914694 0.02159447590632419 0.03136853847060681 1.7670536783873718 -0.932732172321434 0.0029446901123379027 0.001849969982837445
0.6274458978543872 0.5134773798354312 1.5872318349256305 1 -4.468435423323572 0.7090230485661655 0.011157394691868466 -0.003915595696861073 -3.809201729336764 -0.25283270874385544 0.013347957014619277 0.01786190674353586 -0.7070486882531122 0.1635822010620005 0.03023050238244425 0.026109528661732197 -0.9603621993674185 -0.9604324101723458 0.03360537802940112 0.031626004865289464 1.7629512849405184 0.2652726959681986 0.05815270818545655 0.019792879973117284 1.8101120380882731 -0.8489646650297971 0.036007565475099826 0.016359592308038656
0.49766790888399143 0.3342599226286689 1.4539570911061417 1 -4.456458959873569 0.7126473622458567 0.005454745108745912 -0.0014736358001368054 -3.813821965114477 -0.2470607671343541 -0.008765412075492274 -0.004290396096718593 -0.6330095555352129 0.337520040312852 0.02073995226980377 0.022401836687736005 -0.8612569227067821 -0.7774292246168999 0.030834151023228982 0.053003146951770136 1.9422001067121641 0.34230294065531197 0.014947102974177829 0.017224788673980914 1.8693358405513374 -0.7710749577054797 -0.012938674867407123 0.012873828353665278
0.3876979255052077 0.1741212399958582 1.3492941776094074 1 -4.415894730791835 0.6987293087286144 0.006641843307857116 -0.0032340291525499603 -3.7993001231048265 -0.2616483955627864 0.009056705073117802 -0.006936952355155028 -0.548508113176879 0.5291273762758988 0.039293219930564574 0.026762294231262737 -0.7510233590932902 -0.5834826978626053 0.046018208945887866 0.04323207143510308 2.136037754206396 0.374558523026999 0.007901196234699079 0.004116226909902371 1.9317902220422427 -0.713610051246664 -0.02008064970764635 0.021043037148071115
0.2899340276182665 0.02717173771203165 1.2676710636752844 1 -4.380829028224359 0.6347834340933132 0.015569070303718218 -0.013585026449240957 -3.7357252352365786 -0.2991889387684027 0.022491292385095427 -0.0028673583421716872 -0.46508653157839497 0.7195930102457098 0.029455270265737986 0.035683395609374065 -0.634065261986505 -0.38870698649741964 0.036187126912436106 0.037034677955229384 2.310860221484279 0.37711210417171936 0.025790612495327964 -0.020126751155326177 1.9935450347228114 -0.6676215640649209 0.013099151766601078 0.024704592291937076
0.1994374990601842 0.10478509461348473 1.1099070625071006 -1 -4.327056926707939 0.5599355777968045 0.025567535722738878 -0.020724801494934206 -3.6644345435964683 -0.3626321801326092 0.012880398295143425 -0.003035493308065522 -0.37742120965727377 0.901916743982071 0.03322592929842842 0.026080135346449613 -0.5095167260840086 -0.19509282754279833 0.04175440051446284 0.043682551980692215 2.4628166408952463 0.3669787575271004 0.004965515069320293 0.005690382477104364 2.0453223946073944 -0.6366905571886909 -0.018128932439393262 0.01713415363802745
0.10870214672036836 0.22612507756085853 0.9362328396612835 -1 -4.23526598413128 0.5019949060680864 0.01086228719398342 -0.01683715382032143 -3.6262946688833404 -0.4331075672511908 -0.007162620490364749 -0.021188684469696507 -0.2868830917844525 1.0722852633053042 0.03922291533621251 0.030434689941866287 -0.39642240182937805 -0.011187194592236382 0.042950870524886234 0.031551950792370866 2.589776332356557 0.34606296029816086 0.00993042477339322 -0.017738700010221698 2.0766854131791765 -0.6121979608356305 0.003812797412536031 0.021289909281893678
0.004594342301009926 0.36792475792367413 0.5422044697862223 -1 -4.152742491187839 0.565875427679362 -0.0014033288239875506 0.03292228403403154 -3.7076058288379943 -0.4187862232664675 -0.012873781519162571 0.005290877381543168 -0.19383880402556297 1.2675219694853745 0.03285296463231536 0.0377202058929494 -0.29933061148207507 0.21518884599664334 0.03977776919166691 0.0561322417553897 2.7731472615976225 0.3529706926344043 0.07172618816662196 0.004460194626938023 2.2897832329526917 -0.5052368124692415 0.06825936188094053 0.01370501271767426
8.392517 -1.8256097 -0.11005908 2.0365055 1.5139065 7.545053 3.4494631 2.8164766 6.1107144 1.2773848 11.192968 -0.18261099 3.8856504 1.5056098 2.1371005 4.8883905
11.151032 3.6277232 0.3661964 2.4873052 2.7140505 4.724958 3.2781174 1.9428873 1.713352 1.1000347 9.804728 1.688237 2.7369754 0.9669863 2.6413054 1.6023464
10.939076 3.479184 0.24250686 2.507718 2.8654773 4.7601466 3.5488515 1.7701893 1.8142726 1.1015903 10.434793 1.903995 2.6608539 0.9880948 2.6317515 1.9202485
11.185947 3.6414766 0.35740405 2.5272408 2.707232 4.643631 3.4039032 1.8841844 1.6790869 1.120918 9.611947 1.8192499 2.7059503 0.9964133 2.6510754 1.7654438
12.151626 4.1824036 0.7859737 2.6477513 2.161941 4.522861 4.5783205 2.2754407 1.9672291 1.2086198 6.486206 2.247282 2.794958 1.1303349 2.7893996 1.6764188
12.39661 4.245543 0.8753817 2.6766877 1.965348 4.375153 4.465078 2.3406792 1.8636405 1.2390442 5.5781364 2.198595 2.8449779 1.152787 2.805694 1.6479001
12.407095 4.2495556 0.8831608 2.6790936 1.9573426 4.371271 4.4591503 2.3449435 1.8557807 1.2420163 5.5389853 2.1952357 2.8473935 1.1572049 2.8054552 1.6453738
12.412664 4.2511444 0.888774 2.6809313 1.9510629 4.3667254 4.446164 2.347209 1.8458494 1.2445171 5.5110455 2.1894178 2.8496127 1.1606019 2.80469 1.643372
12.348356 4.1991386 0.85897934 2.6733148 1.9639823 4.3254604 4.191507 2.3100233 1.7463923 1.2425772 5.66234 2.091321 2.855885 1.1477139 2.788199 1.6362987
11.694237 3.8410258 0.58088154 2.581193 2.3376925 4.391348 3.165985 2.0781868 1.4373649 1.1802075 7.8175335 1.6943994 2.804194 1.045011 2.682878 1.6048636
12.189039 3.4503937 0.75603384 2.607092 1.7267857 4.160923 2.9173803 2.2548265 1.5734241 1.264517 5.7318153 1.473858 2.998261 1.1341459 2.6862752 1.7233653
12.211092 3.3557234 0.7696656 2.6057107 1.6475997 4.1474833 2.8840685 2.2630234 1.638163 1.2751603 5.540248 1.4304185 3.0298352 1.1488602 2.6821117 1.7531648
12.141825 3.2460384 0.743209 2.5725555 1.69979 4.3270082 2.9850607 2.2769413 1.6484685 1.2651803 5.9666004 1.4277426 3.0565066 1.1467427 2.6622586 1.77178
11.809507 2.4369364 0.57816297 2.4812675 1.8098073 4.7470937 3.2263036 2.2728322 2.068527 1.2517565 7.2787766 1.4368556 3.0720148 1.1812606 2.5814195 2.10283
11.909315 3.088747 0.66913456 2.526745 1.8880291 4.5506763 3.1047096 2.2640722 1.774127 1.2372007 6.887113 1.4502866 3.0186434 1.1366644 2.6322489 1.786654
11.903563 3.5848923 0.70354307 2.5403376 2.1539385 4.5649414 3.1247525 2.3809533 1.5027895 1.2019026 7.1525702 1.5395339 2.8876407 1.0871608 2.6588533 1.508553
11.818369 3.9005902 0.7337452 2.473453 2.7911673 5.049035 3.5162773 2.8176212 1.3178365 1.1176312 8.371277 1.7439067 2.6170049 1.0261564 2.654783 1.0707011
12.051821 3.9521213 0.83916056 2.4172652 3.1205635 5.5074286 4.3908653 3.1943805 1.4353422 1.0705669 9.0444975 2.1260083 2.4448242 1.0278248 2.6686568 0.77424
11.747853 3.2020013 0.71313864 2.2333136 3.8788004 5.8265576 3.403649 3.200925 0.73493105 0.9732053 10.698214 1.8505638 2.1397634 0.924796 2.528022 0.49601173
11.809015 2.8661275 0.68108577 2.1763039 3.928338 5.9483123 3.1395454 3.3977175 0.43580168 0.9527677 10.9473095 1.8041074 2.0513859 0.90410364 2.4755256 0.4801798
11.631964 3.0541887 0.6631677 2.2029998 3.8358717 5.8297834 3.0700183 3.238761 0.54915565 0.95805585 11.085245 1.7335689 2.1297612 0.89561737 2.491426 0.501842
9.918848 3.5795965 0.8965947 2.2801147 3.3150692 5.308145 2.6857684 2.4873345 0.97725105 1.0066725 11.153793 1.2837664 2.410524 0.8804717 2.5287733 0.7377825
7.459058 4.1644306 1.4074662 2.3779912 2.484269 5.1009936 3.0980163 2.645378 1.402092 1.1167465 11.6003685 1.0876024 2.6471677 0.9096073 2.5604422 1.0708222
9.288241 4.003496 0.9042051 2.354562 2.8478963 5.175207 2.9061642 2.4843667 1.3780171 1.0513849 11.533407 1.2034072 2.6441305 0.8895978 2.5663738 0.8752146
9.91426 3.936841 0.7332441 2.3434782 2.9781978 5.1901546 2.8281791 2.4268286 1.3539858 1.0283716 11.48453 1.2434793 2.6391113 0.882717 2.566436 0.8057418
2.8568501 4.626393 3.850681 2.585503 1.6610365 4.693388 3.1012566 3.196099 1.3428395 1.3507035 11.548933 0.73255956 2.6057935 1.0250232 2.6190615 1.8417845
3.4531522 4.2445216 5.138355 2.6783974 2.3142188 4.445921 2.275011 3.1365445 0.8840342 1.389772 10.870235 0.68617094 2.3433821 1.0939274 2.665851 2.0125217
2.4968581 4.488147 3.4251342 2.5216804 1.9895196 4.723042 3.1662378 2.842994 1.4014201 1.3401682 11.410753 0.67925096 2.554308 1.0197663 2.5842853 1.7193823
2.1431441 4.728174 2.7539964 2.4669132 1.7624316 4.741733 3.510734 2.8482742 1.5863253 1.3220773 11.693064 0.691293 2.6850486 0.98585415 2.5527048 1.6070104
2.1319103 4.741168 2.7338662 2.4652965 1.7557702 4.735613 3.5168848 2.8528333 1.5877705 1.321645 11.695482 0.69188285 2.6900477 0.9848343 2.5514436 1.6028523
2.039034 5.007512 2.6718996 2.4625113 1.620256 4.67103 3.5181265 3.0253196 1.5634751 1.316453 11.790798 0.68926907 2.7522287 0.9713303 2.5428526 1.5968575
2.0249715 5.0800786 2.699188 2.463941 1.5955844 4.69014 3.497452 3.0656056 1.5497442 1.3139497 11.802758 0.6826334 2.7573771 0.9688203 2.5409515 1.6062489
1.6832447 6.004623 2.6813526 2.4332182 1.6133995 4.7853456 3.1261504 3.370083 1.3222494 1.2716372 11.795557 0.56420505 2.8011384 0.925037 2.4897861 1.6031427
0.787035 8.334297 2.6607723 2.31996 1.9512069 4.6411667 1.8975255 3.6705494 0.64890665 1.1653497 11.547544 0.24754864 2.9169137 0.8190454 2.3366737 1.5332971
0.44112253 9.819132 2.7520046 2.2158563 2.0585663 4.1801596 1.0712315 3.3931365 0.19048429 1.0959675 11.479406 0.18537325 3.079 0.7512342 2.2225068 1.4592576
0.38588285 11.001215 2.9036837 2.116619 2.0189354 3.538918 0.5891993 2.9505272 -0.13035363 1.0434147 11.468796 0.30711484 3.2791357 0.7048285 2.1345851 1.3532424
0.4993167 11.613579 3.0408478 2.0721745 1.9227014 3.1181574 0.6188588 2.7726529 -0.20774269 1.023806 11.361868 0.49542677 3.405454 0.6965337 2.1090941 1.2670984
0.47530937 12.344532 2.7875137 2.1981168 2.2157202 3.9554107 0.94095755 3.0322418 0.008859932 1.054626 10.026233 0.8533639 3.3517692 0.72929585 2.211819 1.3837967
0.479918 12.497882 2.6138518 2.317834 2.3345664 4.371103 0.99940026 3.2030518 0.12708378 1.1081815 8.870083 0.9427989 3.322226 0.7702763 2.2891097 1.5626254
1.3100152 12.770662 2.876253 2.411206 2.0731113 4.216051 2.10536 3.2087922 0.5283565 1.1781816 6.8739657 1.3904467 3.3821392 0.8973625 2.3828154 1.6960988
-0.8663578 13.939216 0.8015111 3.0452118 5.314936 10.179375 1.9927775 4.330799 1.7732813 1.3014568 3.8762655 1.662597 2.5326922 0.9438329 2.8580384 2.195098
-2.400569 12.132424 0.9180289 2.3276277 6.877819 11.638657 0.12868655 2.198639 0.13391232 0.8075547 1.619278 1.196307 0.78930265 0.6698233 2.5113723 2.0017605
-2.7476077 12.334686 0.7180995 1.9851582 2.9823895 12.397959 0.3111328 1.9350874 -0.3668254 0.4665581 -0.47533655 0.9007775 0.8829744 0.38625896 2.3650594 2.391633
-2.8640413 12.003756 0.48309937 1.8519874 2.6123068 12.729374 0.65872467 1.7781749 -0.2860343 0.39710474 -0.32190132 0.6857337 1.191685 0.33648384 2.341428 1.9137349
-3.1977968 10.663788 0.45988294 1.6152399 2.3870804 13.281383 0.43512142 1.7874207 0.43707526 0.36795115 0.66201067 0.14438647 1.3533792 0.37152553 2.1822505 2.1790109
0.4188285 0.5066643 0.6621534 1.1301404 0.35741043 13.542164 2.9340715 4.2745066 2.3966217 0.73981977 2.1052008 0.32315803 2.1533027 0.8909954 1.9896495 2.418532
1.1988931 -1.3264151 0.67602956 1.2310464 0.12857199 13.614665 3.7296805 7.3182783 2.0727525 0.81136334 2.0942688 0.6507361 1.763622 0.9537535 2.0963097 2.3984709
1.1479468 -1.3659954 0.6995321 1.2227802 0.23126936 13.701271 3.6230013 7.4385514 1.9690502 0.79600024 2.3107042 0.6843294 1.6387175 0.9399543 2.0850978 2.4038196
0.9212041 -1.1882701 0.6327782 1.2309034 0.15203428 13.627269 3.5914812 6.967108 2.222676 0.801172 2.2856612 0.55269605 1.847203 0.9402381 2.0998216 2.3116336
1.1502652 -1.3811011 0.77856433 1.105021 0.06605673 13.730276 3.48568 7.036686 1.7236694 0.7169093 2.5585632 0.8599876 1.2564511 0.9021528 1.9640777 3.125226
1.2416553 -1.717783 0.73885155 1.0787668 0.1848793 13.647642 4.086412 6.9894075 1.7906586 0.7276137 3.1915302 1.0835553 1.1471429 0.933095 1.9321641 3.5968428
0.44530058 0.28185654 0.63142055 0.42895532 0.6650424 13.665871 2.7297802 0.078835964 2.1784236 0.38459206 6.3405223 1.6047647 0.75731343 0.81628656 1.2328694 6.546305
1.863142 -1.7042317 0.9219604 0.12309718 1.1284318 11.740411 7.4417167 -1.9192259 3.2840395 0.5683763 9.588371 2.7267194 0.19291228 1.135668 0.9160446 11.098028
1.0077825 -2.4125085 1.321795 0.0910697 0.91137886 11.629421 8.955928 -3.1391072 3.184317 0.605826 9.703415 2.8552513 -0.4537686 1.1590457 0.89655995 12.324343
-2.5807853 -0.8790784 1.8186691 0.021914959 1.9761691 13.336744 9.09742 -0.9533582 2.3252351 0.46258426 9.849545 1.1142166 -1.7718899 0.93837476 0.86646175 12.312857
-2.3092065 -1.2704625 1.9100466 0.06545329 1.5844073 13.365157 9.492206 -1.0814538 2.32068 0.5507879 10.610253 0.8714743 -1.875216 0.981164 0.9112017 12.864876
-1.5958037 -0.7934222 1.7219684 0.37386823 1.3675652 13.121484 8.627317 -0.13839889 1.1760678 0.8138355 11.10862 0.0206424 -1.9025134 1.0788066 1.0184748 14.220977
1.0646057 2.5310228 -0.44963002 1.0079359 1.554018 8.643512 8.439715 -2.3820088 -1.6477273 1.0445491 13.487413 4.309586 0.30304176 1.2047838 1.2987119 14.179147
10
10
10
10
0
0
0
0
0
0
0
0
0
0
0
0
0
0
0
0
0
0
0
0
10
10
10
10
10
10
10
10
10
10
10
10
1
1
1
1
1
1
1
1
5
5
5
5
5
5
5
5
5
5
5
5
10
10
