3
1.7302065783336478 1.5801335387609976 0.12041594578792304 -1 -3.29 -0.26 0.0 0.0 -3.5300000000000002 -1.23 0.0 0.0 0.5999999999999996 -1.19 0.0 0.0 0.3600000000000003 -2.16 0.0 0.0 3.51 -1.8900000000000001 0.0 0.0 3.2800000000000002 -2.8600000000000003 0.0 0.0
0.72015633836313 1.4335629340246936 0.15051206637612705 -1 -3.218683748901007 -0.27610795064254334 0.0349230735723077 -0.011536194511964009 -3.562595487767893 -1.2458886472778452 -0.007908569518741974 -0.012805548265298769 0.6010047540323997 -1.1899378146796253 -0.00143226461019845 -0.005314073450810357 0.35890972599423154 -2.1621220485949744 0.0010981473482259852 0.004533110134806515 3.4661080566123443 -1.863069619401174 -0.026276278364793616 0.005370132107630189 3.2499500979159732 -2.869897030650164 -0.012417968943991074 0.0021071256972415315
0.2823567047634144 1.1216342323685211 0.40266620914537365 -1 -3.122743374981995 -0.3811891166955378 -0.006328373059418578 -0.031497103383937616 -3.6211070763833737 -1.3079845218740014 -0.010304402980061229 0.0028581687775890534 0.5845584195733622 -1.1744376322074255 -0.007896450056705034 0.0019034936532649933 0.3412365212453876 -2.1754096898185185 -0.006444188358105795 -0.00010424256689053196 3.287543734853158 -1.820200008394262 -0.0407868229458433 -0.002843349510902914 3.1401051977445205 -2.9020928840650435 -0.029210545341386073 -0.003911497721425272
1.9745555 3.6690664 3.0229979 1.9800376 1.9069657 12.89016 3.6795387 9.213401 -1.3576663 1.2369459 -1.1952162 1.5104461 0.5763726 1.0453888 1.5290086 3.027217
3.0768037 0.84938693 2.967042 1.3309107 2.2327888 12.143967 7.720959 8.248485 1.0451174 1.308939 2.1108637 0.7482879 1.1399333 1.4296306 1.2843285 6.5022416
3.3304584 1.7676141 2.080605 1.0313916 2.5692916 12.66282 5.288704 4.958753 2.407022 1.252552 4.153949 0.82582533 2.4131918 1.3627579 1.0403285 5.9525785
5
5
5
