5
1.694715556998923 1.6081842353303402 0.3125699921617556 -1 -3.2800000000000002 -0.29000000000000004 0.0 0.0 -3.5300000000000002 -1.25 0.0 0.0 0.5899999999999999 -1.3 0.0 0.0 0.33999999999999986 -2.26 0.0 0.0 3.49 -2.05 0.0 0.0 3.24 -3.02 0.0 0.0
1.304230021924375 1.4612521666609748 0.29391931310849123 -1 -3.2060651628862833 -0.3065536112175956 0.036061132630406056 -0.011317171364391537 -3.5630392156806576 -1.2617933892788327 -0.008374031983673097 -0.011860535257092231 0.5935406770280798 -1.2986341818172091 -0.0010277682886793223 -0.00471327799990345 0.339495433212587 -2.2590732659412325 0.0013443732210445284 0.005653542971001185 3.4432739972138853 -2.026421323134526 -0.026256907824000506 0.005008818764049482 3.213922013239455 -3.0295519967133395 -0.011678459987838098 0.002245252916652573
0.6639565828011957 1.1545560306905809 0.48188231675885235 -1 -3.1052123019714086 -0.40867887631767064 -0.0058156296308428355 -0.030495327566421135 -3.6216295897707913 -1.3197765616624473 -0.009536607332052284 0.002974078618928639 0.5787492846303373 -1.2782089608205183 -0.007771498783086025 0.0027162524524993303 0.3226223529467829 -2.2671236414562816 -0.0061060550189339785 0.0009042162654639314 3.2671947060227344 -1.9811518405833288 -0.04039718227333471 -0.0018406644075136865 3.103774968230466 -3.05905167074104 -0.029328210353227614 -0.0028317565531599913
0.23066994572382452 0.843664997776898 0.20576521205660997 -1 -3.160247360161923 -0.48976799119498493 -0.016626901911565704 -0.00857445749733512 -3.6381299077075897 -1.3668874875024728 0.00382090841511134 -0.004883066493749349 0.520466762885806 -1.2424425048371739 -0.017261191371521326 0.0038876124389036378 0.2579918951891038 -2.2847768126260073 -0.018202924023210283 -0.000834252034449777 3.086393102644216 -2.0039882019650954 -0.03448400477783889 -0.01083172808774708 2.9176660621604373 -3.1027213918549426 -0.03930262812712987 -0.005081772931707446
0.016577406241850015 0.6596162063021291 0.07628165867457672 -1 -3.244074285769865 -0.475693915513582 -0.011858153549528358 0.004365692705009843 -3.631061020516632 -1.3980379589177625 0.0009790865254152448 -0.005106469508544025 0.4063234750525728 -1.2218417613700905 -0.02942360988166276 0.0019353397582634012 0.13650646312940928 -2.2905460547282255 -0.028901423761025544 0.0016809422592522077 2.905877784175826 -2.023629388069984 -0.03971778305371017 -0.0020051584167380884 2.724278843856511 -3.13559914240572 -0.03229986363160488 0.0013814888296606164
3.5364 3.3905067 2.117004 1.5969476 3.040851 13.547568 6.7451816 8.923468 -0.52357274 1.0964377 1.8361101 1.4682835 1.2957528 1.1534294 1.3889585 5.7386603
3.5107732 2.5953143 1.8152385 1.435161 2.853606 13.793047 6.427665 8.55909 0.18330926 1.0736896 2.6484332 1.2730482 1.5466938 1.1997733 1.2831784 6.1888304
2.9915004 1.9717546 1.5598233 1.4162959 2.8682895 14.505258 6.415958 8.382122 0.681763 1.0572319 3.311912 1.1141688 1.6244264 1.1872705 1.2909709 6.1176124
2.813489 2.4270158 1.1149073 0.9101448 2.310886 13.55609 4.550113 3.1432223 1.5115108 0.9336457 4.868179 1.1200142 1.8772943 1.1093975 1.129088 6.7965565
1.7075119 -0.06317663 0.26118064 0.7560029 3.128376 13.649556 7.0036187 0.29052544 3.1045322 0.89777184 11.290926 2.578793 1.1596688 1.3469225 0.99752235 10.637633
5
5
5
5
10
