18
1.6377540800422572 1.6688157789764024 2.1511392330576835 1 -3.64 0.1200000000000001 0.0 0.0 -3.51 -0.87 0.0 0.0 0.33000000000000007 0.6299999999999999 0.0 0.0 0.45999999999999996 -0.36 0.0 0.0 3.3099999999999996 1.0099999999999998 0.0 0.0 3.4299999999999997 0.020000000000000018 0.0 0.0
1.5158158799082284 1.665158472255994 2.112874972432492 1 -3.6690013522225584 0.13757435690231934 -0.006567377139987058 0.013118627066837132 -3.4354696802087505 -0.8601034197124731 0.036749254044253325 0.007843531814803767 0.33154702331891794 0.6293807336961517 0.0010883877828629163 -0.005398126145521822 0.46107852858546927 -0.3597827206928428 -0.0006988121804104733 0.004980416342720728 3.283145640170594 1.022431500623282 -0.012403909517028468 -0.0011010653813704058 3.382311183592761 -4.640701716185358e-05 -0.026932572094012695 -0.001938439461232835
1.241656832774713 1.3893487399603095 2.1742923172744555 1 -3.7217008938677396 0.20290685408695275 -0.008339882962171818 0.002499557275864428 -3.3270475473691534 -0.7671479427617929 0.0008100361103231587 0.030410798925109964 0.3166787940719962 0.6401808307119661 -0.0060991606141585115 5.216187583367837e-05 0.4433253433116269 -0.37749380846228553 -0.00782663534957731 -0.0018171186286964625 3.1773723150033284 1.0658581518849184 -0.02904069710700398 0.006701895370811926 3.20061421747198 -0.0231229576685148 -0.040458695415764856 0.007304237909996838
0.9846154567973588 1.0546133773977293 1.9652510126192921 1 -3.7332448388646937 0.2538492810951265 0.004344906647598386 -0.0047729348090151825 -3.3720246631067985 -0.6798174195750966 -0.018085756472914508 0.01648259901228867 0.2539754629616553 0.6655705789299076 -0.018033858424929897 0.0032229475279128006 0.3813251498605075 -0.404956224579209 -0.01744027930527322 -0.00156502058391211 2.998402947890492 1.134578232815095 -0.03860893645667678 0.01016636074280267 3.0240378427175125 0.023632101689360363 -0.033022188806710435 0.015338506230482914
0.8726150294547421 0.9026339753173521 1.851296220267453 1 -3.722022386089262 0.28513550401506893 -0.003141165753144645 -0.006034797386751176 -3.453847186682493 -0.6824860520702496 -0.021235917146230843 0.0011578280482749995 0.13303565048570398 0.686894450546879 -0.028876233169202965 0.002407927532426692 0.2651912598588497 -0.41015082568015016 -0.029245024624158473 0.0015727121377174195 2.810845039298429 1.1914408475453873 -0.032220591575256974 0.0023594007006052433 2.847371068501274 0.06537423443810009 -0.03943219250446792 0.006740843120586818
0.7988717810105238 0.7875611790432441 1.8017824629904935 1 -3.7628637782154373 0.3242576458238775 -0.009734377441357779 0.01246244187647758 -3.4974032685205234 -0.6986345128017668 0.003989721265973306 0.002411584544255636 -0.029389342327068135 0.7013962801661577 -0.010273874877537989 0.00364583684206388 0.09515064720245192 -0.4046329149498724 -0.01420655391200824 0.006845365663683873 2.67379356659959 1.1901507007276155 -0.050242906388196416 -0.00381196677040085 2.6332254328903515 0.0627932448438373 -0.07542220201135688 -0.0014859095561382224
0.6965524324052136 0.6339137465903502 1.7605743850273956 1 -3.8738824960812868 0.3938462758097907 -0.03447600833887485 0.01545816391244961 -3.5048152609715126 -0.6787882433978021 -0.011677834101624224 0.0018377326413382077 -0.21202709082586235 0.731188834605438 -0.0386329290790865 -0.004424493877474777 -0.0798831147783341 -0.3802585930547012 -0.0369969963930222 0.023096265131240495 2.5675945897854273 1.1432012221687007 -0.0003900749220263969 -0.013509391255794005 2.4426050656701452 0.04460615325147477 -0.009277101942469192 -0.006602302937618772
0.6051336783350879 0.5226074804998443 1.7506745936044477 1 -3.98385852417513 0.479682620604337 -0.0023561882148134695 0.011143158190963296 -3.528201323764341 -0.6322535648244234 0.0039825844612320915 0.024680606337525505 -0.3756617557115147 0.8087003352990023 -0.017832874928430616 0.019689593952438682 -0.20910587704931327 -0.3060468614337938 -0.013631875980560149 0.023311007623003588 2.445202244512581 1.1170708927841382 -0.03652486459783182 -0.0037252998342735995 2.2925026831946633 0.029703081189919045 -0.03885163399911492 0.004364008067608772
0.545966481483856 0.44364934069272316 1.7459428562936716 1 -4.040512997035754 0.5557112006192382 0.001966362130179953 0.014147292601424154 -3.5667095355707668 -0.5761214325761705 0.005073551064116531 0.018902064769779237 -0.483157301226675 0.9273915913718844 0.009880560640278317 0.02124284276198815 -0.314422848257208 -0.20203977685661434 0.0020056642238941366 0.029764106228494923 2.347922990127013 1.1119894207206542 -0.03899489465331406 0.006899090994798067 2.181220915545313 0.025706049365408212 -0.051259054210598204 0.0005033873450726563
0.47793544660484355 0.3517410966178057 1.738495423251369 1 -4.081205591640131 0.6039994171832204 -0.01661692943051568 0.00742678314461807 -3.59015630293937 -0.513592189700566 -0.00673016605678493 0.008256792025350705 -0.5172756852410809 1.0427976747111134 -0.00904415322324157 0.012658494246840766 -0.3993109852400316 -0.10733462659632376 -0.0227662779591572 0.024327266294450225 2.2986171555536226 1.0993450798222093 -0.02869606835697131 -0.0017359395483097146 2.0747542380304074 0.013303425473929709 -0.047047799132762455 0.005527560108108587
0.4024012723386226 0.26339764852230807 1.7480750700454937 1 -4.143413107653514 0.6133716823855624 -0.02375867466286053 -0.005378016243088457 -3.5728418231638854 -0.43860465270778115 -0.007157095101083455 0.007720129938593492 -0.5136340700218187 1.140420097207044 -0.009959966153053909 0.01737906549142937 -0.43733395794801755 -0.022222990987453173 -0.014136244499519184 0.016991381737516287 2.2941195970989092 1.0789664604066642 -0.020964789136111498 -0.0004127209196938394 1.9945503322025475 0.0031881151785813078 -0.03657865442525594 0.010361542682176796
0.32757559661941815 0.17722327542696392 1.7340241594201753 1 -4.261070524092132 0.703930997239171 -0.03249220752194819 0.02958043932318412 -3.6407567826146727 -0.24326773918847577 -0.028120239681642997 0.05071239888763282 -0.32467292501760436 1.1654326057612252 0.046066499714192286 0.0054342289505141085 -0.2769778070287421 0.17424044072380718 0.031384274097916456 0.0394641536213204 2.3671267730950794 1.0878687224509855 0.051143839265344035 -0.003468880543219501 2.0101663853734575 -0.01217829420266403 0.04634464791514707 -0.010352778330210614
0.2537638631684392 0.044083197830987256 1.5879304274045385 1 -4.421669993384009 0.7832907071807893 -0.03977910942882448 0.010623153762559425 -3.756533269320549 0.060988673719080344 -0.014273275730332251 0.05294555121597645 -0.04924269764641398 1.2601475827994055 0.04856506168577768 0.007491707842116882 -0.1112095652450229 0.31430166920720404 0.028691165463039674 0.04254047565706777 2.61268545299039 1.1027586541021148 0.04978896476827534 -0.027193166682598278 2.1843642199868523 0.013411190869187406 0.05018365017688366 0.030416488992406916
0.21319304808759096 0.031249730732241545 1.421248734369021 1 -4.529962400081121 0.7870999911553345 -0.014149807877853533 0.00683725599943146 -3.8180596619694596 0.2520360199779206 -0.0033038110651718625 0.009297371415605465 0.1294599227383042 1.3776395321438333 0.024832706820365535 0.04051994129530617 0.03368290871785273 0.4860311685596381 0.025363790009105547 0.02625835214975516 2.9734559008896913 1.0390292674809012 0.0902121349903854 -0.043001591931723156 2.3923643250440323 0.053210356567807704 0.06970614169877185 -0.003724591767969909
0.18195444471305158 0.10828367546114095 1.1160019398124965 -1 -4.490301372509112 0.7848555317388473 0.008589601657488791 0.0005969865386508087 -3.804922580641325 0.2532903994621658 0.01569386483391405 -0.01628360003184568 0.2569711752554742 1.522084962297145 0.022450202710139283 0.029817316909830787 0.14156380270734736 0.6847275030208302 0.012477780596658349 0.03779473112751566 3.2893080322930635 0.9200058487846428 0.05390053164406748 -0.028868101683795194 2.5854665663407888 0.07438866308142922 0.04553742603267856 -0.0022536493243115914
0.13006192613969905 0.2295261760049797 0.8903408241372938 -1 -4.391890836562102 0.7292104338296124 0.030882775968076544 -0.02339077517539622 -3.7087688663741547 0.19776468536326486 0.01604951731730427 -0.005974472364979161 0.35983614325684865 1.662504623994221 0.016995884698069022 0.02061160742698477 0.19477861400272456 0.8558004438926992 0.01298641288595307 0.03431203517955711 3.4714244729492663 0.8311385189800995 0.03594547317418501 -0.01969414783163747 2.753695677287104 0.06059994763785581 0.037309708733848895 -0.02291702824513073
0.09772464870609562 0.29850824985120233 0.551075335741652 -1 -4.290765857466874 0.7189036411612182 0.02175907810929908 0.018025198718157907 -3.685074757136298 0.12626791091191092 0.006542519277327873 -0.013658560468655545 0.3076592788674679 1.8906504408451172 -0.029617592555754062 0.03627536212634776 0.19411424778823694 0.9822725410981199 -0.01211529351540555 0.041287285704185 3.572743891578053 0.8599816093668862 0.038002852725564404 0.015400071755235204 3.0493859731075696 0.08298125889956665 0.057215524803265104 0.0064790437539251275
0.2761509734517592 0.21774740692342215 0.29243142851724263 1 -4.2028967938513135 0.7302177865885109 0.023951779172538688 -0.029855900256380206 -3.6615330136824626 0.08579007243172598 -0.004555226269269399 0.014006485935594068 0.2910106130725385 2.045712279969526 0.008471449290520162 -0.014623596073875176 0.17535225448358638 1.1692153277749333 0.004668480513236801 0.06861315146019438 3.829650305282838 0.7220782401891446 0.025304512456203087 -0.08180201141006531 3.3002855288527666 0.1103309226206719 0.04901320759774077 0.024687595827519077
1.363698 1.865519 0.12866268 1.3571839 1.6752324 13.923719 0.36022234 1.7486589 -0.053233624 0.8203113 4.688505 0.6589149 0.95037293 0.64673996 1.2427027 4.6663294
1.379425 1.8299148 0.029203743 1.553134 1.1226535 14.000335 1.118979 2.0576735 0.06563997 0.98429704 5.02632 0.70263565 1.1999716 0.7943915 1.3809068 5.619699
1.7088861 1.796885 -0.021041214 1.6201507 0.84588146 13.902875 1.1383642 2.170437 0.14062572 1.0665699 5.172891 0.7439572 1.2165148 0.8644401 1.425369 5.7414064
1.7077141 1.4074337 -0.036828935 1.5114801 0.9634814 13.939978 0.9263823 2.2913797 0.18386316 1.042807 5.0848927 0.74261713 1.0878656 0.84363246 1.377029 5.41111
1.5323849 1.1510613 -0.036617875 1.4177291 1.0868435 13.99522 1.0245423 2.1733155 0.22592545 0.99781775 5.0384374 0.7201364 1.0719743 0.812045 1.3280723 5.4171534
1.4653349 1.0231211 -0.12039316 1.4707882 0.7564206 14.071803 1.4897616 2.2779188 0.26674747 1.0721198 5.3965116 0.73056865 1.0592191 0.8916769 1.3580911 6.441219
1.3614311 1.3052325 -0.36864513 1.4065955 0.32114506 14.607547 0.751565 1.9678684 -0.36399484 1.0253127 6.409885 0.68246233 0.044831097 0.91180587 1.2253273 8.812297
1.3628111 1.317158 -0.30365127 1.6753827 0.71848345 14.451777 1.1473253 2.037211 -0.21656585 1.1182438 6.177528 0.73366094 0.3890044 0.9478427 1.4270796 7.5166917
1.6165991 1.2951045 -0.29951605 1.7978721 1.3799672 13.898178 2.076856 1.7385149 0.24029946 1.261052 6.2807274 0.7942306 1.0508227 1.0592142 1.5066686 7.8456106
1.8114471 1.2818277 -0.31955725 1.7340926 1.2902322 13.51359 2.772845 1.5048373 0.60037494 1.3277624 6.351615 0.8127811 1.57318 1.1365192 1.465653 8.851823
1.9630585 1.2460394 -0.32169035 1.6996644 1.271492 13.164534 3.4099016 1.3043774 0.9310241 1.3886079 6.3695774 0.83201444 2.0552192 1.2006673 1.4484427 9.517677
-1.673027 5.961962 1.1341075 2.3545532 4.2601185 13.864992 5.924705 2.7467694 -1.8251553 1.2710944 5.400012 0.6876465 -1.4599998 0.8269595 1.8326758 6.1707816
5.2856708 6.0500536 10.789675 2.0263991 -1.8716865 6.397536 13.457448 -0.46641693 -4.953601 1.6386821 15.246537 0.82461107 -0.11451283 1.2479522 1.4897696 9.269604
5.851859 4.196992 13.188669 1.2650628 1.8061819 1.8700442 6.7277603 -3.6985343 -4.80813 1.1153651 13.9852295 0.65257835 0.05791986 0.8309994 0.824046 9.707126
5.7043123 7.294037 12.929394 0.82362175 -1.1620126 1.8220145 2.3669512 -4.1572695 -5.98197 0.557976 12.694297 0.4695016 -2.1600344 0.5160086 0.3830167 10.698612
4.8509197 5.01612 9.310147 0.6132057 -0.007100582 2.304737 0.26866078 0.5075649 -1.7359459 0.6262655 12.264849 0.5343156 -3.4994955 0.6173078 0.4336741 6.2892666
2.7693658 2.3828385 4.304678 0.8729136 -1.7930088 3.950502 0.15027821 -0.7471313 -0.083167315 0.6990969 15.138926 0.57539344 1.9860414 0.58300555 0.65788805 10.177993
2.602923 4.3133316 4.033172 0.7978823 -2.6650023 3.1646132 6.3943896 3.6784508 3.9894218 1.0109358 12.905557 0.77660847 1.6449406 0.92485225 0.7571825 8.669657
5
5
5
5
5
5
5
5
5
5
7
7
7
7
7
10
10
10
