15
1.7702686190312455 1.6913354206050633 1.5179591562357666 -1 -3.2 -0.44999999999999996 0.0 0.0 -3.57 -1.38 0.0 0.0 0.5099999999999998 -1.97 0.0 0.0 0.1299999999999999 -2.9 0.0 0.0 3.2800000000000002 -3.11 0.0 0.0 2.9000000000000004 -4.04 0.0 0.0
1.739403744961486 1.5623849791800934 1.4700273929227892 -1 -3.1282261532860822 -0.47714800087231113 0.03466896940788614 -0.01707909186144213 -3.6046741310776413 -1.3893152595633143 -0.009819465065328652 -0.010774446570483582 0.510800312019799 -1.9713182549302468 -0.00208566456048157 -0.005008299633798981 0.12884097818170748 -2.900667017517929 0.0015698479026652287 0.004706035739597665 3.2374812678330667 -3.075431253294783 -0.025332928734749623 0.00964425363120623 2.8734836583122236 -4.042472153509475 -0.010959305992339638 0.004840439458449466
1.4092969718305661 1.2773841868116396 1.520403316618601 -1 -3.0429825451884533 -0.5953763782174311 -0.0013014234268889733 -0.028678948718456734 -3.6737846009433857 -1.4399136881523091 -0.007824757072788752 -0.008387926250379743 0.49839917523202093 -1.9516676710326402 -0.007229638795722136 0.0035882087220784013 0.10813672619562364 -2.9087828008589254 -0.006555925751783143 0.0013343019031429662 3.0682518960393947 -3.0042134628600192 -0.04027497874549944 0.0034962918935525656 2.761433687184872 -4.053441959469364 -0.02932621652927603 0.0012030612459966433
1.0339822646301475 1.0089281254007536 1.3540385848558205 -1 -3.1095440039522724 -0.6668367911635298 -0.017928178701060237 -0.006539243041918412 -3.69777184859576 -1.4850206570232989 0.0036525715931706934 -0.005138179378932595 0.4445390851684081 -1.9094731853357025 -0.01717545780363884 0.006220955776253199 0.0402405526327545 -2.917748115076239 -0.018421927043663168 0.0016535346495233638 2.8861641706799173 -3.004096019866052 -0.035461887603116346 -0.006347557131312943 2.570354219352625 -4.072538385168532 -0.0398543759603348 3.577720023508965e-06
0.8390190585665582 0.8848108056146221 1.2100248591511267 -1 -3.1920208235446674 -0.6409676504884063 -0.010653693887118903 0.006116853056085192 -3.694027439613174 -1.518111669793269 0.0005060594485790954 -0.006128986732676662 0.3310044258048155 -1.8740658957606886 -0.029482717306274175 0.006013592617183332 -0.08126740803662269 -2.906990497560839 -0.02862717498200337 0.005371307692948697 2.704763448788114 -2.9989194361658447 -0.03983118245318035 0.0037550866852014246 2.3737873733365964 -4.079025360325584 -0.031772477326423076 0.006001371274391758
0.6862678532453844 0.7994002835493502 1.1450736604600733 -1 -3.231224688008136 -0.6148982008402943 0.0028857696278780324 -0.0018699609196965632 -3.744363380111938 -1.5469933509722957 -0.014533604491090236 -0.01033706443398279 0.16396010871342437 -1.8350630929142686 -0.03300239773757655 0.0010653558901308306 -0.24261908083927786 -2.880387406984463 -0.027754721614623293 0.007997413212467143 2.497080749514766 -2.9408384654130373 -0.03541864351665446 0.0033491679968276674 2.2422153048493874 -4.040768920580293 -0.01034462008600665 0.022493321381136126
0.519368163886432 0.6907263617161107 1.1069622538371942 -1 -3.2404359196205808 -0.6330921741268857 -0.0016170908378948996 -0.012296840337843017 -3.871356196391952 -1.5847883473465245 -0.02365039078522717 -0.006635645167168713 -0.012007923100782136 -1.8144936851661884 -0.014925875640017905 -0.008318861042711703 -0.4292380138699823 -2.8618937262318944 -0.018931977919292287 -0.007359531357654264 2.314328581578602 -2.8711880186479513 -0.013625693380080378 0.0017169285336189402 2.1459773135011133 -3.975600404687115 -0.0007634891848928042 0.020984890002855063
0.38599948602273415 0.592544195836103 1.1033612036743223 -1 -3.2712508013910853 -0.6745369253343132 -0.0016428363681731083 -0.020294313623449727 -3.996812832765916 -1.638297156885531 -0.008851652082797774 -0.01379552940439481 -0.1567347506096679 -1.8510752195613365 -0.041538045381615846 -0.008291176617383319 -0.6103084010702755 -2.8946817056649814 -0.047172725220529385 -0.0046208857244358775 2.1741303558882787 -2.820256195499611 -0.011505708429833318 0.019455368439365697 2.03539119439165 -3.9131087426668625 -0.016235041008977595 -0.006028441215024556
0.2808093524877492 0.50905374077063 1.121499614991763 -1 -3.3252817924288465 -0.7159886849912237 -0.0005702915254700118 -0.019007520963500984 -4.0699743009931115 -1.6978309556159816 -0.0014301507883309195 -0.014427877023154788 -0.2821853450919134 -1.9258228832392787 -0.023321135107345077 -0.0007272035822332608 -0.7398585982409283 -2.982669779816482 -0.028775627391994935 -0.03165540042775923 2.0686443870401074 -2.7780781918383397 0.004908396060582434 0.005275912490598944 1.943979549393581 -3.875480383786552 0.008387859426498369 0.005487069314423949
0.18357151422463783 0.4245457993750975 1.1544458286965078 -1 -3.3628309717043026 -0.7706216336740987 -0.01786690094871236 -0.002103833423493415 -4.12164803591235 -1.7325425904561307 -0.02162386499324441 0.004358007977701863 -0.38539842722547846 -2.0003199708499304 0.0010882797479362335 -0.019060572834634498 -0.7951710333682054 -3.0892062162038028 0.010834148542285559 -0.02797821447611771 1.9626648580579475 -2.7363245357329777 -0.04552111326737604 0.003522518221543985 1.8956814587590847 -3.854830739323342 -0.026201291242226758 0.00915683269102842
0.09663414802477163 0.3558107074752146 1.1881203365185862 -1 -3.3626324315555784 -0.8505352888383004 0.011008201086582408 -0.02616378083204583 -4.1886383817152915 -1.7259302934331409 -0.007582765456243461 -0.002094320623905464 -0.4476557251877793 -2.0711297290004036 -0.01739800003607041 -0.004685858168119435 -0.8177255410538717 -3.184987757819103 -0.019067529602133152 -0.02194354784553611 1.8895204278707576 -2.716380159014764 0.0127757564447477 0.0003389768112109072 1.8973216945399436 -3.840884539645085 0.023695970172766184 0.005274698010745394
0.004691922681358364 0.27799101740796667 1.2017970629832004 -1 -3.3613688547516323 -0.9299605331624552 -0.011860966855814146 -0.0006414212879980556 -4.2571848886435895 -1.70562810389014 -0.02116970555066384 0.009880328348438373 -0.4826652886461096 -2.1703991470530095 -0.021352644734630194 -0.019959207332610196 -0.843515619285296 -3.2757975925472866 -0.019207356251673503 -0.014775624037856656 1.8646871064737596 -2.715906686751744 0.004531025941742337 -0.018315387385197317 1.9318478545454258 -3.835677430379271 0.013847517548200837 0.023623291301541692
0.11304796724111124 0.19834437892069642 1.116637599568741 1 -3.385709674186132 -0.9894193200678955 -0.002688959341557117 -0.003834816731776103 -4.301891007057844 -1.7087945612135864 -0.01497986735972303 -0.007045539614006795 -0.5243333955384202 -2.3037677821408193 -0.026698733697141257 -0.024334331010390918 -0.8552697584639137 -3.391224652524452 -0.015838561911961493 -0.020458143800574067 1.868413942004799 -2.7312687180890642 0.022634180883842683 -0.003182969508742858 1.9920273766735983 -3.8393761434248597 0.032037028670824974 0.0025955154391006227
0.20650711896413504 0.12909244183647242 0.6847021401011364 -1 -3.5482960452663614 -1.1119861645878277 -0.03497955593526838 -0.031467931719115716 -4.413129916269192 -1.8178824381626382 -0.04867981127992143 -0.03223012863120633 -0.5943175507177432 -2.48928885083664 0.004096488734166542 -0.04480964273374218 -0.8403896207788293 -3.5485561449997425 0.01768055131807128 -0.039796275845102536 2.034361775953321 -2.9246397770179726 0.04487776513894336 -0.058564808112767194 2.160711760746186 -3.9113837215730465 0.05265205531219467 -0.018820238247237112
0.1978323753491527 0.3110479754192462 0.2628371836611488 -1 -3.7844572489832795 -1.3748645949573048 -0.04918307466136186 -0.05063685890797099 -4.647172784552144 -1.801145065272074 -0.06338518126266234 0.023220125970199373 -0.5588752404522421 -2.749499618534279 0.03799163162348014 -0.060501091998042544 -0.7681945202559128 -3.703463371679279 0.042653691653349673 -0.032531815728899016 2.4305436742681366 -3.1335806777766213 0.08078404930880113 -0.0015744131050537732 2.6598532432860056 -3.968719763848979 0.12997614818009057 -0.02594775631653836
3.337456 2.2796757 -0.014365554 1.0455408 3.421411 12.356501 6.0915475 2.2286143 2.2804928 1.1726711 6.488054 1.9382164 2.8110175 1.3809339 1.5219139 7.491797
3.252571 2.4868984 -0.335163 1.2339588 3.6577759 11.836318 6.6061454 1.5225651 1.9432224 1.1367433 6.9707513 2.867621 2.5122108 1.4124925 1.5898085 7.666238
3.2914 2.9274516 -0.41370237 1.3669697 3.8033047 11.406207 6.876004 1.0956376 1.4572742 1.0866778 7.183497 3.518478 2.2354968 1.4021189 1.6466887 7.45891
3.82319 3.3099194 -0.40156698 1.3869823 4.0411315 10.975016 7.221033 0.9275429 1.3113164 1.1064578 7.341459 3.8050125 2.221024 1.4239368 1.6396337 7.516935
4.1763906 3.6849654 -0.474257 1.4041368 4.4423695 10.910297 7.536252 1.1184001 1.2757839 1.1719395 7.190499 3.8441055 2.2281141 1.4527421 1.6369641 7.920662
3.9003603 4.630953 -0.63734853 1.5405154 5.120161 11.195957 7.7241626 1.721379 0.76503146 1.2143373 6.918466 3.9284618 1.9105167 1.4179108 1.712319 8.249283
2.3961198 2.4073024 -1.0092518 1.3585274 4.5976753 13.501322 7.962434 1.9940149 2.9951043 1.3165503 7.519167 2.4978118 2.254237 1.5060766 1.6555564 9.318309
1.1196713 0.8264897 -1.1944634 1.2947453 4.3783703 15.136646 9.134329 1.2310364 4.441054 1.3552815 8.379344 1.8273127 2.0448549 1.5888644 1.6800712 9.855638
1.1290808 0.46245813 -1.1241628 1.2674916 4.315856 14.868701 9.2128315 0.9207394 4.39065 1.357405 8.423629 1.8372555 2.0248404 1.6047843 1.6820917 9.847516
1.4256287 0.53715515 -1.1887082 1.2335122 4.26608 14.534668 8.798061 1.0106544 4.317263 1.3367378 8.668311 1.9470541 2.1677425 1.5919511 1.6400343 9.772072
3.7189922 -0.67780876 -0.8434864 0.9405482 3.016383 11.327349 7.8892703 -0.5372927 4.245896 1.1845312 10.736495 3.1311054 2.957981 1.64265 1.3727167 9.277132
3.6402593 -0.67683697 -0.85174584 0.9354036 3.0045488 11.361389 7.844941 -0.54594874 4.2055926 1.1791013 10.781046 3.1134424 2.9014885 1.6332421 1.3689395 9.359076
2.5387154 -0.82517576 -0.63042116 0.59979916 2.1724913 12.018323 6.5199723 -1.2985878 3.4643824 0.90420854 12.479111 3.1923208 1.5347993 1.4021957 1.1404514 10.9633
3.271102 -0.9200921 -0.8162286 0.7691406 2.5274029 11.406304 7.0017776 -1.0803318 3.8278885 1.0466634 11.715618 3.16964 2.3417983 1.528187 1.2403681 10.133543
2.8045542 -0.8399825 -0.68410146 0.6676588 2.3180492 11.811333 6.794008 -1.1972804 3.6411471 0.95888877 12.191716 3.2026365 1.8314308 1.4529912 1.183627 10.632041
5
5
5
5
5
5
5
5
5
5
5
5
10
10
10
