3
1.803610139901636 1.577276990190365 0.020000000000000018 -1 -3.3 -0.25 0.0 0.0 -3.52 -1.22 0.0 0.0 0.5999999999999996 -1.1400000000000001 0.0 0.0 0.3799999999999999 -2.1100000000000003 0.0 0.0 3.5199999999999996 -1.8 0.0 0.0 3.3 -2.7800000000000002 0.0 0.0
0.01685150228219557 1.420547209471727 0.1310701449917732 -1 -3.2258319819741703 -0.2646825201110483 0.036454264493736344 -0.010256918559383519 -3.550973104055829 -1.2321912058780582 -0.007694863433339046 -0.011970374350095972 0.6029703613511348 -1.1392104430426127 -0.0007881053344128617 -0.00478182765038602 0.380683225029113 -2.107808490029635 0.0012363883813888239 0.005992969006700651 3.4744674239497577 -1.7738708685150697 -0.0260268999306174 0.004788590823389088 3.270670767387137 -2.7895944248789624 -0.012501164029359657 0.0021191099657575964
0.03081149692039834 1.1011122888113847 0.3880191587197722 -1 -3.121872705601627 -0.3644904730862748 -0.0015795452284619819 -0.030209086470944366 -3.607630101323397 -1.2902639071674946 -0.008377813096732268 -0.0013049073001347132 0.5895054865692604 -1.1192779587285993 -0.007547604418057631 0.002614598754751861 0.3638222697590523 -2.114962605179178 -0.006344680379120256 0.0008669052848613249 3.297651049333102 -1.7354757064734194 -0.040359835132053774 -0.003887614408907454 3.1597841455231794 -2.8231412491649914 -0.029101120425356765 -0.004429295446523077
1.4335983 0.93066025 2.981951 1.2430571 1.231401 15.358462 4.9591365 8.519693 -0.43863153 0.772719 0.7057538 0.82829034 0.6089542 0.99811506 1.1183167 6.567586
0.26181173 0.27041483 0.90729094 0.8269901 1.883532 13.64309 6.868848 6.662808 1.8309269 0.55397594 7.2628126 1.0731584 0.5575004 1.0417694 0.8626298 9.198611
1.3123441 0.5251303 2.2208793 1.0766041 1.9855242 15.309626 6.345696 8.64982 0.6582353 0.71005595 4.4156113 0.71073663 0.65748125 1.0317097 0.9930186 7.4979715
5
5
5
