22
1.6517815471552688 1.6757444753804547 2.4224987100099766 1 -3.67 0.1399999999999999 0.0 0.0 -3.51 -0.84 0.0 0.0 0.28000000000000025 0.77 0.0 0.0 0.4400000000000004 -0.20999999999999996 0.0 0.0 3.24 1.25 0.0 0.0 3.4000000000000004 0.26 0.0 0.0
1.5326250785255673 1.6839787245120221 2.3794279439574133 1 -3.699272347285268 0.1562697446367467 -0.006501137100854086 0.012851976010495609 -3.436782689654751 -0.8313098339669558 0.03627401636114362 0.00797137081306529 0.28051275869953063 0.7697290897198477 0.0009361816178779941 -0.005578812161241467 0.4420043807917935 -0.21213466654320956 -0.0006578494273407323 0.004811917113800813 3.215156687915748 1.2574082001834648 -0.011608780771774782 -0.002493797377708518 3.3522198825815357 0.23693612497953742 -0.026660381872482417 -0.003760331827893173
1.2602201363375733 1.4229634055934404 2.433897329065177 1 -3.7515490650935215 0.21970063803398476 -0.008373801941125074 0.00236201832584511 -3.3296950180329246 -0.7367949150571047 0.0003580974117446227 0.030738676941329663 0.2640267483131913 0.7802354833542502 -0.006416916426513649 -0.00010189125735401115 0.42645433566959756 -0.22991426776200552 -0.007673392055795537 -0.0017137036722793923 3.1097820418577884 1.2917250710417991 -0.02880245280859013 0.005017770523801809 3.1716532887419255 0.2035273359872718 -0.04015209070664323 0.00527278562213759
1.0068431875480075 1.0983931414948473 2.235188647480818 1 -3.7655922787308755 0.27228146009402354 0.003511606779735124 -0.003797079557154215 -3.375399819496483 -0.6466873616236988 -0.018930848173459643 0.01636764091097104 0.2002120569230481 0.8044350640882436 -0.0181301049743358 0.0025359580177324887 0.3656209734068714 -0.25912404801471167 -0.017623597114443404 -0.002221741543008684 2.928491454707852 1.352737866589829 -0.038875523768950745 0.009237589296851789 2.9944772283417542 0.2442742642693403 -0.03313959894740137 0.014585024122389751
0.9018806381809059 0.9604898555496797 2.1174854447458427 1 -3.757454347553325 0.3068750394090196 0.0017608560418717577 0.0077991164923108935 -3.457909731327975 -0.6481005554111868 -0.01036840833059443 -0.003892727721705489 0.07983006568588102 0.8211779423044248 -0.02882495655613409 0.0010209968545337855 0.24971511776787558 -0.26951727947889825 -0.02942151086057468 0.0005372999318529522 2.7380509403967555 1.4061830576159906 -0.032337367738726405 0.002108398578717618 2.8164694229697638 0.2830380039867515 -0.03945812403733589 0.005944140533211448
0.8315538442983837 0.8520401784284818 2.060273783017789 1 -3.800342316790891 0.3459499904535912 -0.01403982541591748 0.013939916051099979 -3.5040171825577113 -0.6653459328763534 0.00015918340047276023 -0.0013409352481274662 -0.08450465359243076 0.8303683664931769 -0.03593406891830439 -0.018905668250208542 0.07752662702728941 -0.2709514166114524 -0.04474426038225393 0.022177523340741672 2.601646384907963 1.4017073305449013 -0.03706832619137398 -0.004679780492344025 2.603471686311453 0.2764833417244601 -0.059743320911443853 -0.005120201885645137
0.7328358309638672 0.7023763825909077 2.0080700267768665 1 -3.9117803831605764 0.4106330197228567 -0.01684605152148971 0.014610858264356045 -3.5126784253954257 -0.6485575682999284 0.006309305394747063 0.013240549990611916 -0.26790577866074816 0.855414672967894 -0.016254931721707208 0.012178824292243767 -0.09920786585414376 -0.2517703506186343 -0.012763482237801785 0.011054694661299111 2.4936902394680667 1.3569605075709767 -0.026150363416257698 0.0035173132360371093 2.4120000041747787 0.2523823663024427 -0.037861158533131246 -0.013965732935400979
0.6464621016967094 0.5961612430031553 1.9914344648275906 1 -4.023851882497846 0.4921355837227377 -0.029095310383530342 0.007824403697774962 -3.536131645679192 -0.6055174962036514 -0.02493043052980482 0.0043563682223263555 -0.4380857205501689 0.9272733265707833 -0.04360327301605084 0.013743097213407305 -0.23537330018368863 -0.18090078900608397 -0.03801328314501177 0.02001465154480129 2.37727716958279 1.3251640036630667 -0.008300268926816005 -0.0019491844739257529 2.2660572500782 0.23190976175015687 -0.008464569147457572 -0.008042159986060133
0.5789497624007882 0.5095969495183432 1.9735976506381903 1 -4.084806424988771 0.5659629721730457 0.0004493929661122697 0.01397334217728392 -3.5781143158654913 -0.550511070949199 0.0029249413568770643 0.01880160174855339 -0.5386831946088249 1.0427048055130315 0.010270135162529278 0.0241608268081716 -0.33502319247566703 -0.07750615859012555 0.002454383627631361 0.028265882916711137 2.273772608585838 1.3164652817299358 -0.03271094618221137 0.0035523935788044246 2.145762925754707 0.21759024659716042 -0.04172895864254536 -0.0016509111587584113
0.5158823921516349 0.42593857164003796 1.9619021133331522 1 -4.1268713981688165 0.6119617580830661 -0.020208270582618332 0.00012844756058712475 -3.600212509694898 -0.4847858350751465 -0.02044778751286645 0.006488052076407206 -0.5784873371357944 1.160526362526579 -0.023721468003154715 0.020879338449762617 -0.4254525316330069 0.01602816074239377 -0.035082826665802466 0.01344814089608397 2.2212976761811376 1.3048967059392589 0.01154492641619874 -0.005625018102053833 2.042323770182543 0.2036978400891627 0.0005004056114062509 -0.006461133552639758
0.4528782836334778 0.3484020356258792 1.9552920777090812 1 -4.189242835285049 0.6232164952083912 -0.00438970449576908 0.0019894327626726466 -3.5872383698403 -0.4064302062034273 0.016198884982480226 0.024591825123778093 -0.5847447129545444 1.25960384775061 -0.016866530604351858 0.017489955954163812 -0.47119218186051537 0.10298063067262753 -0.020344705543854057 0.01636183142602164 2.215589714776403 1.286479369300031 0.024617324704613794 -0.0033429340021949652 1.9615802798289552 0.19772685132834344 0.011663222266799805 -0.010264342268596982
0.3810894055302009 0.2611857158891702 1.9371803781671448 1 -4.259527164196099 0.6207427945370381 -0.0025743117327856908 0.001813433101346963 -3.5692339988257613 -0.3335094087312066 0.009500163158378193 0.023209710516458662 -0.5838825987746441 1.3542453942138 0.018919812102642333 0.01892787466836806 -0.4776880101704446 0.20936614960359057 0.0161673694044807 0.028975222883088198 2.244377226342034 1.2749667494280823 0.02684884124566464 -0.013407820432769856 1.9304758123149623 0.20340369803153502 0.022874053620386817 3.7494244862150417e-05
0.30599535282876955 0.16229565479267583 1.9016505396034684 1 -4.304481188695453 0.6303521176859603 -0.014297397017886463 0.002930670913441637 -3.574412540027285 -0.27060841108909517 -0.007937254653602406 0.0031221039946629867 -0.5715968614409044 1.4706353133698435 -0.012568530289870766 0.023958040610921456 -0.4937925058507515 0.3450441262177222 -0.022401617544345977 0.02876217454345078 2.2979106508154574 1.2690329953899493 -0.009735927670801708 0.00228365079826082 1.932667063794967 0.21982814058214184 -0.023407028391772826 0.01581114125294479
0.23589495168619576 0.07218576694234158 1.8820338439996802 1 -4.328811929682228 0.644652501273429 -0.016663524767501693 -0.006738654339921018 -3.591825648635939 -0.21769128768549018 -0.017163651047102355 -0.0035859224919692415 -0.5379053117874841 1.6027619995854065 -0.013297475312187695 0.027631804709835735 -0.5203145616507823 0.49281660162713736 -0.026313250329661187 0.027672024748681016 2.367181843551025 1.2489977980585594 0.030148813630700516 -0.010095886434047345 1.9338154930299494 0.2367246537918546 0.0168074379274385 -0.007491250135586102
0.17184152848504938 0.003974332642492351 1.7822689882790312 -1 -4.353447584413973 0.6480372093936135 0.006533675327249643 -0.0069649601996863136 -3.5973134340374777 -0.1685527022388017 -0.00093994414142398 0.020140723791112723 -0.5093526349066595 1.7277838135691286 -0.008505776387105049 0.02365489740622837 -0.5363197894255323 0.6359016758081948 -0.014116885521691505 0.027571574987221667 2.4216232504825133 1.2180377096264388 0.020717878642410696 -0.012382138240347977 1.9206871146794136 0.24545430344207153 0.011635904729768932 -0.008692199580091868
0.10713155995903637 0.08216603272657674 1.6919707092704772 -1 -4.375244197057344 0.6396930090052222 -0.004487873734377749 -0.007267962223828561 -3.5893546807933228 -0.12692641847594166 -0.002922914642916382 0.0036213627523827042 -0.49953082430526674 1.8419964179090642 0.014440111815396624 0.018260932652056333 -0.5285769719900419 0.7599569800607242 0.01884970925443125 0.024926097068739984 2.4433103952509807 1.182433869520303 -0.012598768185723138 -0.018848538869303072 1.9006673982134616 0.24284504264845763 -0.006384857755525664 0.014828097685075474
0.04723961836907805 0.1465969095106024 1.6405938097457329 -1 -4.380600890552681 0.6316961090022943 -0.004942500788701657 0.002924160014567523 -3.5780090287477333 -0.10443646864625877 0.0036757987938998496 -0.0031220322824151037 -0.5053697497000287 1.9405571762362537 -0.013629687697189143 0.020231703189701432 -0.5216276299702232 0.8649129426448106 -0.01447702554623321 0.017553667286202758 2.4356899732234627 1.1594163791357421 -0.011423865441264197 -0.018222793115190795 1.8629289810794587 0.2439275666896723 -0.003006497698067611 0.013002226461489566
0.030775193123230567 0.23926813856024867 1.3439226611519992 -1 -4.40689408742372 0.7458210366198343 -0.0013662412927912312 0.032365902306074834 -3.7033007628133494 -0.049441867332905454 -0.027574752559240117 0.034158264751102514 -0.5005878420116558 2.0987610315241083 0.00569924570728356 0.05277273055147951 -0.5393901890451653 1.0521305784397872 0.001588607342310016 0.04311257607020168 2.519180955131654 1.1821501925759814 0.05552684438876103 0.0052858632400680575 2.0068296855713728 0.34254265833503883 0.05454235201252193 0.01455080295948823
0.04692196665406645 0.2404918628597824 0.8567977921862735 -1 -4.558735331070308 0.7673954286672862 -0.05506888536102551 -0.015264112721088966 -3.814750084428678 0.1589080737715196 -0.015149198375643956 0.04659779010213585 -0.448746585701711 2.307292070514812 0.02449255759432497 0.05204630037587575 -0.4822142722060683 1.353125348957957 0.02509196032323302 0.05251624298551443 2.883824369601273 1.0487412293000204 0.09300384783501925 -0.038484807351220555 2.3277440239087888 0.3955667312594464 0.057736657980937064 -0.01265019034118052
0.119284353102043 0.23543524748869846 0.5202144332624596 -1 -4.76194755043025 0.7068704528602321 -0.040007386570549044 0.010723205258958746 -3.9490988952302764 0.3847876324020618 -0.028598705133371698 0.020700556390594163 -0.24053688562276676 2.4909502752952997 0.0570435240763139 0.04072393211055875 -0.30832609272840816 1.6381322847212085 0.03973522378233924 0.041071218953361896 3.2520483452674407 0.8071073735743939 0.06433084443012509 -0.03647752377565243 2.6151135732966813 0.2916505510349465 0.045814892093288706 -0.03879826694290328
0.15570802930087407 0.2829384190274379 0.3717926136726194 -1 -4.822469128823457 0.8192303792631055 -0.007112321061072211 0.03233412833321528 -4.1080884356869065 0.44998206666055474 -0.014960170069055048 0.0030238907167009013 0.045160788693444864 2.59747661290039 0.054873998667957065 0.021030880926338646 -0.10481436440105618 1.8241014725062317 0.039632802559626555 0.01658380881410449 3.4644827749928613 0.619718480082601 0.03964679667484919 -0.02963696979980427 2.828318183290098 0.10368488296151646 0.02476523278952801 -0.040107652540415456
0.23624879960491665 0.28106621042636176 0.3273342510409064 -1 -4.60194113141847 1.0256597051578749 0.10452218123825906 0.025797870080069632 -3.93656985490166 0.40208684550293783 0.05348363422688682 -0.012441950082296357 -0.0715955815150986 2.664681437637861 -0.06582593242127921 -0.03547587187728202 0.05038478362604515 1.8223471794428492 0.026239008273002736 0.023175354973667316 3.588315436833552 0.4445232340938614 -0.005519028011287451 -0.037856454107423346 2.9341259882888577 -0.02324953689530196 0.02394204651170697 0.0011956321555255545
1.8061996 1.8591118 0.020936549 1.7166529 1.3420763 13.485538 1.7300436 2.2791789 0.4253387 1.0949935 5.525876 0.75221163 1.5283834 0.9088117 1.4632554 5.7804465
1.6457257 1.3851509 -0.22963698 1.8746575 1.5413928 13.64438 2.4478123 1.9501443 0.40373737 1.2091491 5.2668986 0.88626343 1.3398627 1.0247738 1.5637748 6.894866
1.6274133 1.3206143 -0.28393286 1.9081862 1.5847616 13.703401 2.5351264 1.9441085 0.3929377 1.2366083 5.2596674 0.9046117 1.3112931 1.0506284 1.5867107 7.011135
1.5174351 1.2425041 -0.3189763 1.8899214 1.6298003 13.82739 2.5091944 1.9190319 0.38936904 1.2357994 5.3865943 0.90536165 1.2698706 1.0529172 1.5811143 7.0072412
1.5899959 1.1876345 -0.35724604 1.9244834 1.5405898 13.750683 2.702771 1.8508022 0.3744573 1.2614517 5.1238174 0.8814937 1.2904495 1.0857241 1.6022679 7.298087
1.5672421 1.1770177 -0.39002484 1.9271297 1.4501529 13.773247 2.7853217 1.8407257 0.37404117 1.2717906 5.14649 0.8613111 1.29431 1.1007986 1.6061866 7.447016
1.4130402 1.2955275 -0.41380948 1.8862474 1.3403277 13.9953375 2.384004 1.9317636 0.31118566 1.2567363 5.741226 0.79664266 1.2058706 1.0881404 1.5832458 7.3833904
1.377913 1.3169732 -0.47131476 1.8785399 1.4280181 14.1133795 2.4659982 2.0109165 0.395168 1.2775736 6.175155 0.77061415 1.2573341 1.1039908 1.5841513 7.3627086
1.343441 1.3450527 -0.43877852 1.8773686 1.4150238 14.125333 2.3078034 1.9354658 0.3602513 1.2625809 6.081119 0.7556852 1.2525431 1.0893012 1.5852368 7.1528544
1.3146319 1.5151162 -0.40833688 1.8588979 1.5612211 13.926076 2.5331907 2.0217156 0.48634383 1.2724358 6.1380863 0.67877984 1.3765473 1.0954375 1.5644859 7.354512
1.1739235 1.8297412 -0.3307438 1.866504 1.6462059 13.866435 2.3322895 1.9861412 0.44829446 1.2547305 6.08173 0.586511 1.40075 1.0686986 1.5623084 7.226468
1.2804594 1.6163731 -0.22755283 1.7917885 1.9785333 13.518196 3.6633306 2.1564746 0.74987864 1.3119898 6.5165873 0.7669085 1.4948018 1.140548 1.4981875 8.364426
1.1572962 1.8109312 -0.22631711 1.8089979 2.004418 13.582034 3.3322263 2.2634606 0.65132976 1.2979788 6.4443393 0.7084273 1.4740539 1.1188712 1.5082569 8.116646
1.0924363 1.8912652 -0.018981002 1.6597704 2.678821 12.930586 5.108843 2.7182996 1.2565768 1.3564572 7.028582 0.68771863 1.8483754 1.1844385 1.3782458 9.732729
1.1608176 1.0648026 0.24305141 1.4824796 2.9335918 12.791149 5.6226707 3.904373 0.732631 1.39604 8.665911 0.5194713 2.0364518 1.2077392 1.2811434 9.673588
1.7958217 -0.6002412 1.1505289 1.0947759 2.2404985 10.829677 7.4031854 2.1308537 0.32265282 1.3304826 10.635609 0.45041668 2.1624506 1.1981999 1.0411044 10.155188
2.6358085 -0.6065059 1.7662681 1.0743072 1.674469 10.023534 6.7667894 4.522661 2.3640518 1.2781203 14.016365 -0.8201093 1.1836282 1.103097 1.0084532 9.191257
2.205388 2.353446 2.327606 1.4373618 0.41194725 4.8097515 6.9835095 1.6601801 1.634568 1.2276759 15.043081 1.788183 2.0123372 1.0419183 1.2596676 6.20837
1.6375685 1.0994744 2.8886251 0.91154516 0.46223354 2.806557 5.3550878 0.4285109 0.6956394 1.0680943 15.052124 1.3160101 1.8604542 1.0025414 0.8437356 7.019844
1.1847506 0.6838727 1.147028 0.61527896 1.3118048 2.730322 4.2292004 0.78208447 -0.05924288 1.086827 14.560371 0.8685626 1.3254957 1.0626792 0.6580368 5.3705153
1.1353292 0.56621695 1.2244761 0.5513058 1.1491127 2.8034766 3.8592591 0.7721846 -0.1345796 1.0395594 14.549644 0.87427616 1.1344838 1.0362549 0.60816205 5.5720663
1.9284968 1.3101115 2.6549313 0.97394454 2.2144754 2.68479 4.042457 1.7020514 0.7475139 1.169599 15.580784 1.5794078 2.3535676 1.0557225 0.8056228 6.118809
5
5
5
5
5
5
5
5
5
5
5
5
5
5
5
5
10
10
10
10
8
8
