15
1.776502461959241 1.6939622889821169 1.674873129523547 -1 -3.19 -0.48 0.0 0.0 -3.58 -1.4 0.0 0.0 0.4900000000000002 -2.06 0.0 0.0 0.08999999999999986 -2.98 0.0 0.0 3.24 -3.24 0.0 0.0 2.8499999999999996 -4.16 0.0 0.0
1.7552165284788355 1.5691915355037562 1.624274702634421 -1 -3.11893110241964 -0.5058954180340784 0.03436613729874455 -0.01715587563800424 -3.613199406203143 -1.4071365320978972 -0.00945425166880901 -0.010085874412812485 0.4905124436090187 -2.056927815239754 -0.0022197552616368137 -0.004066958900987511 0.09209995346061461 -2.9787561415031183 0.0027071721908177135 0.005351510922257522 3.198416114207225 -3.209211683269758 -0.02515874819892041 0.008745548604956223 2.818883762508116 -4.166708544281384 -0.011968948084900989 0.0036300443004208694
1.444366806784015 1.2907863895638423 1.6660936348549575 -1 -3.0360135002744486 -0.6246363705470045 -0.0020056607140377693 -0.028785646773768242 -3.681171645983891 -1.454726294828781 -0.00788928118146261 -0.008097817286059416 0.4782207052442482 -2.035702688419093 -0.007050266986839604 0.0032154259334359683 0.07443074345789391 -2.984703198693678 -0.006300350327027248 0.0014118867663608717 3.0304764353334974 -3.1392190037191856 -0.04031064795095549 0.004233488830088901 2.704103428483382 -4.1808733432902265 -0.02929680812805238 0.0013379936642912479
1.080578934673211 1.0252757850932614 1.5127974945722025 -1 -3.104475971912086 -0.6959384289126493 -0.018055100364218476 -0.006391000041256102 -3.7068668880118363 -1.5003522289903 0.003258972474824968 -0.0054860223157649785 0.42635342864034165 -1.9952976839156398 -0.016550888999977552 0.006031582262565975 0.005221890232356863 -2.9940028762279605 -0.01861814054621316 0.0016654186619356522 2.84798064143997 -3.133700812800101 -0.03559107942901641 -0.005173287068668051 2.514365501764251 -4.195755045567881 -0.039494452759093704 0.0010720021729311979
0.8938821828694167 0.9022732146779248 1.365900233288619 -1 -3.1857714663490926 -0.6690579162617534 -0.010269527077323237 0.006312502183645055 -3.704556707473167 -1.533878056353994 0.0004136164339139216 -0.005940488079780532 0.3157159552493356 -1.9577263522672004 -0.02888678336582434 0.0067968879450416644 -0.11701099062972986 -2.981199216735834 -0.02832559768459726 0.006173646171677847 2.666700466216385 -3.124882910244972 -0.039658906692217166 0.004213729212378385 2.3189958854516464 -4.197847970477847 -0.031598324566489054 0.006301434682488999
0.7466316978764567 0.8198696257233898 1.2957298064921938 -1 -3.2234169155234653 -0.6415704555903088 0.0019066690803810852 -0.0030046073742132176 -3.754161194702625 -1.560148926948758 -0.013432047883595286 -0.007823639390439927 0.14907462413846506 -1.9132228937533977 -0.05742117745812799 0.018377616487218904 -0.278309529937796 -2.9494071726857904 -0.05813578197288459 0.014972882775726464 2.462349658583064 -3.0649704393601187 -0.013218946190634854 0.012370557855691416 2.1896532475831663 -4.16005628059672 0.000895983292228883 0.003381685778459884
0.5820699247376226 0.7074731491168649 1.2507586214788093 -1 -3.231715482886445 -0.6589130053743812 -0.005408412041698344 -0.001249198942285026 -3.8773414153445342 -1.5946602548246667 -0.03335832464790583 -0.008883323034974015 -0.02675196079074116 -1.8881842217488103 -0.03801099609366643 -0.010798789299395262 -0.46251907796349645 -2.92885716575036 -0.03391398660571969 0.011078474811064599 2.2712015465631117 -2.9895064278301025 -0.056797805387616224 0.009091322904483603 2.0857694135729608 -4.088931610590482 -0.03901839496182322 0.026517767055134013
0.45312238056994303 0.6141693532572636 1.2360469162638197 -1 -3.2664666575060055 -0.6936915692336989 -0.004009832503686891 -0.023650746804594173 -4.005471666700835 -1.645784748614621 -0.005309816075380723 -0.009670851791457033 -0.17379264439558284 -1.9214818304145145 -0.012450860270816811 -0.02109981579426645 -0.6464824261103943 -2.956308240994367 -0.016349413633657058 -0.01694312525265356 2.1347742059459787 -2.938460734202441 -0.04652950340123294 0.01296536829721735 1.9746601755007918 -4.026460717181347 -0.04253142012709275 0.01054783345417353
0.3545578448385314 0.5383312244034554 1.2368371311554036 -1 -3.32168192999862 -0.7344779900733818 -0.002764381251529814 -0.01645390306103093 -4.080133083470976 -1.7065839540479915 -0.0046694912000429575 -0.014090157152568783 -0.3018002422330026 -1.9928494721839 -0.034403519738658815 -0.009523081526370422 -0.7811798305759474 -3.0375452818156043 -0.029797845606196964 -0.015193241504521816 2.025982369401576 -2.898335806611716 -0.04116700522240885 0.013224015399951649 1.8784778034101643 -3.994126877875682 -0.03297021933478444 0.0023497406804947572
0.25723518951786956 0.463933004161632 1.248836626349956 -1 -3.3585270471522364 -0.7931747872469337 0.005682862629789627 -0.024163336848065244 -4.130844668195174 -1.7418149481999143 -0.002291243381348257 -0.0083796465282041 -0.4081488387590966 -2.0601123469895914 -0.030364457678442838 -0.007936050945319916 -0.8425036455256896 -3.139426053696797 -0.019730011157213012 -0.01515825264645813 1.925553813117605 -2.8584650820731925 -0.011145248837049919 0.018033028667812 1.836625772788648 -3.9712184290672874 0.0015992464178968928 -0.009349220998552898
0.16328476513990853 0.3850337057595734 1.274526856850968 -1 -3.3625938025821442 -0.8703174254755768 -0.017803725175173615 -0.0012853749251325614 -4.200072821721972 -1.7328603061968146 -0.023034529938069894 0.015905617644572823 -0.46974753728146457 -2.1328341301173666 -0.02237477422581447 -0.012658671542855809 -0.870363692444025 -3.233091176578312 -0.0188767184981846 -0.012015291649284072 1.8528574248033385 -2.8318905101140546 -0.039189397896163256 -0.001909159803333619 1.8432872572633654 -3.954238892048326 -0.02142572061478453 0.00565640948758038
0.071261514123409 0.31478555488740134 1.2742275500197002 -1 -3.3650878901734336 -0.9455125678963704 -0.0065022540684897875 -0.00990118079523577 -4.269100935631783 -1.7132642397999158 -0.013762186968231534 0.007091439457081143 -0.4986570023732444 -2.238276155356784 0.007465458087009345 -0.027308973184452967 -0.8906359187480359 -3.326933787058285 0.008974845655559258 -0.027291844400647348 1.8290250221055437 -2.840543250992342 -0.004979646702558474 -0.007213238295467154 1.8749470587124568 -3.957875393931141 0.005314564584634876 0.0004925829514102417
0.028984178392747074 0.24511412547003908 1.255337123150203 1 -3.386153901499782 -1.007562475103471 -0.0023087257822880535 -0.01682792963129611 -4.31370581582458 -1.712760947009878 -0.002875285448697899 -0.00552541138643073 -0.5447141222670249 -2.3697966266882107 -0.03421628766394907 -0.021829365563387642 -0.9044482906382458 -3.446592367905261 -0.02255435383436073 -0.0179805476616497 1.8389915195614845 -2.8682769468638885 0.028016441260498147 -0.001508267848680505 1.9401228718147046 -3.9697674892723347 0.03710018817643185 -0.0010191818297783633
0.12293281424725708 0.17209089332043023 0.7142980433164285 -1 -3.552797524090273 -1.1352138606186415 -0.05056597933375268 -0.050964759580653766 -4.423891826611848 -1.8188987719215657 -0.018991663005670907 -0.020374065407391874 -0.6126603203615009 -2.555827670208054 -0.014414357757992659 -0.061040307280209025 -0.8874646278173519 -3.602396586531162 0.010204218403585982 -0.014872587030155156 2.0000248023569123 -3.065197379915953 0.04551644692784557 -0.0561131296039985 2.114801188696144 -4.04818334399768 0.05505134572119963 -0.023788736626786287
0.09870505889566053 0.3428606457979733 0.22003601565280223 -1 -3.796397379623581 -1.3891890571525778 -0.06361254922867314 -0.03632427756473999 -4.6596381652179195 -1.8036177137435732 -0.05927724838718004 0.033546641460275584 -0.571864161831479 -2.8103151596064215 0.008528897207722572 -0.05230995821794274 -0.8111667036518964 -3.756177554492326 0.012098780678730308 -0.025819244281359413 2.3917349919731796 -3.279233532230517 0.07841331995554444 -0.0021208523964993745 2.6114932228471517 -4.115013689345778 0.13083465274547698 -0.03243698226043973
4.3670626 0.0 0.27378964 0.0 0.0 12.542133 0.0 0.0 0.0 0.0 6.549259 0.0 0.0 0.0 0.0 0.0
4.1907897 0.0 0.11921644 0.0 0.0 12.565351 0.0 0.0 0.0 0.0 7.4117017 0.0 0.0 0.0 0.0 0.0
4.158293 0.0 0.061229706 0.0 0.0 12.568865 0.0 0.0 0.0 0.0 7.5504646 0.0 0.0 0.0 0.0 0.0
4.3622975 0.0 0.006791115 0.0 0.0 12.425891 0.0 0.0 0.0 0.0 7.3266764 0.0 0.0 0.0 0.0 0.0
4.6391363 0.0 -0.12184477 0.0 0.0 12.417008 0.0 0.0 0.0 0.0 6.591456 0.0 0.0 0.0 0.0 0.0
4.6561236 0.0 -0.15148282 0.0 0.0 12.566451 0.0 0.0 0.0 0.0 6.2823157 0.0 0.0 0.0 0.0 0.0
4.314001 0.0 -0.1671133 0.0 0.0 12.967517 0.0 0.0 0.0 0.0 6.4719734 0.0 0.0 0.0 0.0 0.0
4.0108657 0.0 -0.21831751 0.0 0.0 13.272088 0.0 0.0 0.0 0.0 6.8168736 0.0 0.0 0.0 0.0 0.0
3.6892326 0.0 -0.24991703 0.0 0.0 13.365212 0.0 0.0 0.0 0.0 7.499366 0.0 0.0 0.0 0.0 0.0
2.7311792 0.0 -0.2548778 0.0 0.0 13.463632 0.0 0.0 0.0 0.0 9.661039 0.0 0.0 0.0 0.0 0.0
2.9815717 0.0 -0.6715834 0.0 0.0 12.552371 0.0 0.0 0.0 0.0 12.334381 0.0 0.0 0.0 0.0 0.0
2.9946702 0.0 -0.81635356 0.0 0.0 12.253872 0.0 0.0 0.0 0.0 13.45771 0.0 0.0 0.0 0.0 0.0
3.1895945 0.0 -0.84324384 0.0 0.0 12.452494 0.0 0.0 0.0 0.0 12.693283 0.0 0.0 0.0 0.0 0.0
2.5225163 0.0 -0.4525199 0.0 0.0 11.567214 0.0 0.0 0.0 0.0 13.729544 0.0 0.0 0.0 0.0 0.0
1.9777746 0.0 0.0473547 0.0 0.0 11.463927 0.0 0.0 0.0 0.0 13.384808 0.0 0.0 0.0 0.0 0.0
5
5
5
5
5
5
5
5
5
5
5
5
10
10
10
