10
1.7247232815332683 1.6330726714287098 0.5755866572463264 -1 -3.26 -0.31999999999999995 0.0 0.0 -3.54 -1.28 0.0 0.0 0.5800000000000001 -1.45 0.0 0.0 0.2999999999999998 -2.41 0.0 0.0 3.46 -2.29 0.0 0.0 3.1799999999999997 -3.25 0.0 0.0
1.5385219983578116 1.4874799703815562 0.5457230544312152 -1 -3.1892661306154295 -0.3392335301962611 0.034926499809422716 -0.013578418264029467 -3.5722741187718596 -1.2941379050178508 -0.008215399730262795 -0.011864527474805443 0.5806881880145669 -1.4500004791994698 -0.0013390645637637428 -0.00506682788062808 0.3002996713243036 -2.41019797085558 0.0015369506615622208 0.005084379223671234 3.417208596868279 -2.2626265999563784 -0.025730641259857048 0.006209039142029584 3.150510431651556 -3.257580648689073 -0.0123799733203371 0.0029808413269058268
1.0011302623049498 1.186257666522535 0.6727356408957996 -1 -3.0962060891589758 -0.4492956940434297 0.0015477185114907465 -0.02895213334930599 -3.6350239038661987 -1.3520490635206523 -0.007137932780945931 -0.009117762020866556 0.5677903499475025 -1.432016491491145 -0.0070995166606252985 0.0025012746378206396 0.28203722148628163 -2.419536632139465 -0.006277724022290063 0.0007785658933285883 3.2429883602760228 -2.212460524540943 -0.04093907299024146 -0.0009793732087672886 3.0384029241029324 -3.2838963964547165 -0.029594524661918625 -0.0024337423766465326
0.5407393312543226 0.8931309099061363 0.4309407802803477 -1 -3.152981414636253 -0.5286511207449931 -0.0165531168518302 -0.008647426301438811 -3.655830854238795 -1.400426734250781 0.003832737067894542 -0.00491961669240764 0.5111977819050004 -1.3955787408501061 -0.017292265152813922 0.004585739743567184 0.21656019406144544 -2.4351683299953217 -0.017995260449865155 -0.00011991383418148531 3.059821449426143 -2.2319539231247125 -0.03532893707293361 -0.009953047348607857 2.8518360746641997 -3.3247816708368085 -0.03944835117330638 -0.004348012570196555
0.26737498359882017 0.7291934721957999 0.28209675530675266 -1 -3.2352643742099363 -0.5127110101568437 -0.010990827013764134 0.0047845600436631375 -3.6493838411404607 -1.433118248381826 0.0012399388745409712 -0.005826655570261003 0.3960867300815387 -1.3694723382891176 -0.02936049758482461 0.0034302543677779147 0.09569405461358205 -2.435352694662341 -0.028646746233839414 0.0028833135923845895 2.87762677233205 -2.2459197087875022 -0.04002194847649717 -0.000371094565571585 2.6587316787367614 -3.3518670916727697 -0.03217305566658009 0.002606639953697764
0.10218069710463316 0.6062642845998366 0.3369037761782498 -1 -3.276935616747056 -0.4904106778280759 0.001952951100940604 6.224633801225204e-05 -3.694579171518359 -1.465938352444664 -0.014309281734123715 -0.012112924450221291 0.22490219937804135 -1.3456247622441346 -0.056234853233375605 0.012217680109542725 -0.06992996340343272 -2.4214944982821685 -0.05788162750281685 0.0058119614989519605 2.6671921998803256 -2.2085665666215064 -0.013461407425749607 0.009467336923304068 2.5237558455991023 -3.328650404463748 0.0015230082672836615 0.005720815454298261
0.04879723968752677 0.46671447530127047 0.4784796315550862 -1 -3.285722459290618 -0.5069050119720745 -0.006462928508351133 -0.004020095591071868 -3.8133635152779455 -1.5151680926295983 -0.03059328305070172 -0.00987805917858893 0.04959259483720757 -1.341754501541327 -0.01892895765486666 -0.006179568034589664 -0.25581532954310227 -2.422770819046128 -0.02478288800466355 -0.009545747928624063 2.4749082079940896 -2.1578980036746045 -0.04097147386680473 0.003807063153165066 2.4172211509761024 -3.2676267765747404 -0.028113689337578376 0.017631904597383993
0.153410075802143 0.3517881606142716 0.6290401154844981 -1 -3.3131308415267213 -0.5466536229817289 -0.0025306860275984234 -0.015886491072537454 -3.9322032662716886 -1.581734704033909 -0.011219550999776857 -0.014956509180006518 -0.09119526353439067 -1.3940121242762002 -0.04668604140525185 -0.010749212569463366 -0.43365938719624886 -2.472469311152612 -0.05319754821748021 -0.007060191018834149 2.3407323415456824 -2.1288222578268323 -0.005009047205513727 0.003442301885429373 2.306017247618807 -3.225209291113461 -0.005967184716178062 0.0068715627816283795
0.23362680577604175 0.2516294812808679 0.631441827612645 1 -3.3640914428814073 -0.5914727826980859 -0.013584749223997784 -0.00677881166790917 -4.001252108990509 -1.6473223955528828 -0.013778443080689543 -0.009096917423026938 -0.21042801296202196 -1.4824969920926254 -0.020137861086750104 -0.033513945732305025 -0.5550348173344708 -2.569952561390818 -0.005996946958299507 -0.010353169406523161 2.2237857237270697 -2.1036816404589556 -0.03757690933115643 0.006174677934543064 2.207720138342779 -3.2049745392865634 -0.02792396402221085 0.0023790484499202277
0.33154212299075 0.15927138147901496 0.35190318335727816 1 -3.37117735681164 -0.5606865148815865 0.016151562565976715 0.022668743026273384 -3.9646069858260917 -1.6974528104760345 0.036784185712331774 -0.010889064126982548 -0.38263229712447533 -1.4542944075819786 -0.021439673936085327 -0.006649920049586392 -0.8707690835258108 -2.6795194604138803 -0.04954880174293204 -0.01251101285232741 2.2275217808490995 -2.260817976290548 0.0404710631841163 -0.05334337013133082 2.2068041740841755 -3.2339367992180823 0.03638263781821429 -0.002267617281538314
3.3556483 2.4884539 1.744452 1.3505183 3.3092096 13.846649 6.8600206 8.741787 0.48902065 1.0196352 4.2303214 1.0400865 2.24796 1.1626558 1.6137639 6.080367
3.2343118 2.4257202 1.3980262 1.3870237 3.3088584 13.915773 6.4780817 7.4012156 0.91882235 1.020504 4.3972845 1.1055431 2.3889656 1.1653003 1.5561895 6.2890587
2.7367487 2.5489006 0.34188962 1.5094926 3.5910892 13.822601 5.8712034 3.5658298 1.9345357 1.0107069 6.0783496 1.4776621 2.644195 1.1435298 1.4227786 6.956047
3.1260524 3.1290078 0.6445621 1.3975211 3.1829824 13.491543 4.854173 2.9527273 1.7129961 0.9992105 4.7218943 1.1032903 2.687654 1.0823598 1.3167237 6.883668
1.8426816 2.5412343 -0.1534059 1.4746505 3.621191 14.10049 6.795291 2.1453242 3.0214705 0.94375384 9.1348095 1.8893543 2.2985642 1.2335505 1.1884363 9.326504
1.4573884 1.6148705 -0.2209475 1.5682559 3.248207 13.269099 6.8503056 2.1481452 4.7943916 0.9117116 10.896754 1.8814521 1.9754977 1.2829864 1.3758385 9.156112
1.0271049 0.4640994 -0.7343297 1.6233532 3.6196694 14.8539 8.959505 1.0006521 5.614311 1.0281473 9.994198 1.9755672 2.039211 1.3745655 1.6870493 9.289094
1.3561256 -0.22274923 -1.3250763 1.5635444 4.05463 15.746985 8.79987 0.36841702 5.781491 1.013077 9.920191 2.1075895 2.1020906 1.4184655 1.6779871 9.341035
1.9925199 -1.7235603 -1.3449149 1.197688 3.0342765 14.645328 8.1968355 -1.4794104 5.312044 0.9101155 12.442256 2.984354 1.6210539 1.5037744 1.4937184 10.540117
2.4002113 -1.0895224 -0.6235831 1.076292 2.6230822 12.550149 7.227383 -1.0511723 3.871183 0.8684039 13.184996 3.1282613 1.7137829 1.4425708 1.2209713 10.6512785
5
5
5
5
5
5
5
5
8
8
