16
1.5714939362064264 1.5907936607680473 1.15 1 -3.52 0.020000000000000018 0.0 0.0 -3.5 -0.98 0.0 0.0 0.4800000000000004 0.08000000000000007 0.0 0.0 0.5 -0.92 0.0 0.0 3.4800000000000004 0.1299999999999999 0.0 0.0 3.5 -0.87 0.0 0.0
1.4479576712141566 1.527632669088073 1.1269886831960598 1 -3.5465092002108847 0.03762348807968685 -0.012117987517932638 0.002984627551358002 -3.4278799837667693 -0.9823617200402691 0.029104703419711685 0.008486591246777371 0.4816488088835218 0.08266185700518491 0.0006005518669830794 -0.004454605178433898 0.4987448065529021 -0.916963482127251 -0.000616257478526601 0.00608167381346751 3.4554761829350937 0.14806026560092467 -0.01195534294326118 0.0011997559813599831 3.4481384875864416 -0.8821926527422593 -0.02738305979076877 0.0015457620132248561
1.165897550122086 1.168930575569792 1.1833775920919487 1 -3.587869232241094 0.10732263197600567 -0.0005287456406514145 0.01797288473856943 -3.309670329699471 -0.9048666120562853 0.012703048814770183 0.024539003921262237 0.4686364213471972 0.09976582880038887 -0.006012133893167422 0.0011837421927498662 0.4781413880625536 -0.9286207148519948 -0.007993337950048864 -0.0005241601291675405 3.3567758107669228 0.20492572069003256 -0.027848455434607455 0.009840091793898198 3.2643438045915145 -0.8832753948619978 -0.03902938094615153 0.011507872939818425
0.8887179954802756 0.7807757572913733 0.9584630960106413 1 -3.5941232748320955 0.1626884419844492 0.007387742918949139 0.011626316062575786 -3.3438780166213116 -0.8083821060598447 -0.009155397652466 0.010658043132958766 0.4090734468273256 0.13156726914718697 -0.017614564802622634 0.00454118255592603 0.4140922866228314 -0.9498506877014569 -0.017235606675073928 -0.00014764105323993894 3.1855714886801394 0.29048198450313567 -0.03753679915038748 0.01386773359832506 3.0958608429544077 -0.8189160030385738 -0.030646658403937772 0.01836884859850223
0.7514633849991943 0.5708239913652544 0.8633248527974295 1 -3.582807462813353 0.19568679278429602 0.002508976493498908 0.006648920485061183 -3.4239062331462105 -0.7984424982219872 -0.010155904893564712 -0.0022398846077583048 0.2911532756088322 0.1624287237460622 -0.028446756820269262 0.00481736506289699 0.29996176325173174 -0.945238387968362 -0.028570537107180362 0.00445772655070596 3.0038589874515296 0.3661296255048423 -0.03185038891461541 0.006107973609519117 2.925886546045551 -0.7590198607890754 -0.03845169881909889 0.010899134006336575
0.6573850417252562 0.42500730073379644 0.8671660762522275 1 -3.6208309844772155 0.2382882241247377 -0.009716467379422663 0.014534821930219669 -3.468951022765719 -0.8108118032785823 0.00269366204229082 -0.00015873865955846108 0.13145650057126979 0.19482651878766077 -0.03639666828446218 0.011197780874408534 0.1316931078113539 -0.9228645052419431 -0.03844026834290937 0.0019269256347873602 2.8672099020142365 0.38021723847497135 -0.050583203783679996 0.002970879737451516 2.710237486703117 -0.7365264899272483 -0.07696160840901847 0.006145887190041553
0.5435269176990244 0.27101368677914056 0.9000732177597001 1 -3.720277676317631 0.3169750571778618 -0.010216098946726149 0.016394582545709482 -3.4742030972050664 -0.7933022417354263 0.0122820013056341 0.014185879802277873 -0.04702104750514202 0.24674963888818224 -0.019573390171302905 0.019401745897441307 -0.04329702095813204 -0.8789162206992326 -0.015933042236346992 0.007533523673403352 2.75282102220961 0.3534687782811998 -0.04765050294977008 -0.008023650443724762 2.514346252665228 -0.7329216417059489 -0.059509754225572906 0.01256408498389347
0.43846632075046066 0.14749634896126446 0.9669471968606357 1 -3.8184534966364474 0.4120638845860798 -0.019849437901880335 0.02258398841412751 -3.4930153274701867 -0.74754358069685 -0.010817837664967273 0.00516190719186101 -0.20159454434378699 0.34202918456540776 -0.006353976980119684 0.02530933723331684 -0.16554591137644614 -0.786982338839183 -0.001779285889736859 0.021488905414826717 2.631549063895976 0.33485648342201 -0.022316762202389182 -0.021154671230756313 2.3687252130069414 -0.7306379510028468 -0.017369455278612958 0.01326421753320612
0.3523577024012177 0.05228308565495112 1.0460814879195963 1 -3.8679895473348735 0.49346882805893055 -0.02888244683064583 0.014977085641137311 -3.526999619202348 -0.6882247493091742 -0.03079456120044804 -0.0012682863744552207 -0.2953392048259387 0.47139551080939945 -0.040635449675106336 0.027820895728804158 -0.2578235058312899 -0.6738814720514923 -0.04667418898134261 0.0192871542079206 2.530090719271932 0.33529463161820905 -0.008723344254180272 -0.008119748234855253 2.2540127334569986 -0.7316521434633743 -0.011102149322009168 0.00098151719332127
0.2723458443671899 0.03376255969101155 1.1262452960236051 1 -3.9011813835558082 0.5448895399345033 0.0035983741753251343 0.0052657739769117985 -3.5367312032521796 -0.6203271021091354 0.012418595567758362 0.02259709965832482 -0.31493459690194303 0.5920174225331538 -0.010482296374442625 0.029741158295604454 -0.33024366019459706 -0.5708315071213048 -0.022842352251863395 0.01156633777285554 2.473944178721407 0.3291277923411904 -0.007461135593758 -0.019247001211395443 2.144699618785528 -0.7308558790130874 -0.01372102898005383 0.01105895079528263
0.18927963476087625 0.11523143131565786 1.0879742130512655 -1 -3.965609521277442 0.5660595898843901 -0.02401066504992205 0.004629051355514235 -3.5154108587485 -0.5497133095874948 -0.00024050359322253835 0.0065813003841705365 -0.30325569090640325 0.6873225627699375 0.0012493986591096476 0.0017228078866739806 -0.36245144609332414 -0.475981440033185 -0.0025773186895388725 0.03444056030888709 2.465823019873997 0.3142160604720159 -0.013873707244044159 0.0032166631215282196 2.0599691044694923 -0.7306974865711855 -0.03159162012487693 0.007907755992708917
0.09963533117536882 0.2170886695306429 1.0029024707851442 -1 -4.032230960427574 0.5707732740342883 -0.021698672276811375 -0.006002013900488181 -3.484955324111923 -0.47745099568300353 -0.011361841019600435 0.006653282949421149 -0.2836464753730823 0.7807484563920264 -0.0008614149512495232 0.00522515641630068 -0.35360405408884876 -0.37149042651772823 -0.0011379742387969422 0.03828804475013013 2.4969911215311216 0.29774768908340676 0.019034177999123797 -0.01641499374279123 2.0314697232406225 -0.725839856290362 0.0181573777427316 0.0007139773796150505
0.023362895325411647 0.3036492078556372 0.8889289639205992 -1 -4.074742000117 0.5854321981196404 -0.011393146121076616 0.0039028289022636333 -3.481186884632967 -0.41480088288827044 -0.006600724708780964 0.006628665237627587 -0.25178977102143385 0.8915367700226604 0.004552746434916228 0.011517856296128219 -0.3480480345136163 -0.2370853821868405 -0.0019686449939796476 0.04044307998088587 2.5411482247615558 0.29373924796061224 0.00921993990358197 -0.02192183360010286 2.034733837194457 -0.7012023007115423 0.014565059412852856 0.015361435755915085
0.07996404489306096 0.4528425764565186 0.5005686946087238 -1 -4.144025091760103 0.6997163928521575 -0.02824572146997762 0.035030365728832155 -3.5781873810567886 -0.25008703788469533 -0.02012145787267281 0.04636606745275591 -0.19328229592529578 1.0336013200942378 0.002477564051236173 0.02942617480366074 -0.349349991091052 -0.04657410316860078 -0.00521324428011196 0.04863896173644505 2.7082658893408054 0.28287428328785147 0.04825482678968023 -0.040044819332671955 2.2225708031063665 -0.6045458213197217 0.08193453525129504 0.035900856433575476
0.07664774773726424 0.5634091301633075 0.1107862166775791 -1 -4.363996514189187 0.7716721177039743 -0.060295300816505186 0.004527345943220926 -3.6794788773799216 0.04204729837441068 -0.018893890207600753 0.056187486540704074 -0.07652685286060645 1.1627118096596498 0.03356547479829556 0.03411802042462946 -0.23070564821589823 0.18171545828268032 0.0333683524904515 0.03266897265507353 3.115815211947554 0.14493292160538407 0.06771005239833724 -0.05884662282063431 2.5683224982305806 -0.5834247131564889 0.07111122666200904 0.014444295382159295
0.008087185259407022 0.7535873690190501 0.366309058658619 -1 -4.59250840991109 0.8229353914568236 -0.013294529172634038 0.013989954874699277 -3.8805464729522603 0.3041262150097779 -0.05489038663533515 0.04557012106472699 0.1414201688662029 1.2592014378277732 0.06241389824714385 0.014909239827543101 -0.03385383943488396 0.38807613358803006 0.05191323460250494 0.0367361078004233 3.5365438934622073 -0.02081082047629601 0.05163264877992616 -0.056169499992459584 2.936535267139077 -0.6359255107288289 0.09879520328281427 -0.001320953263857283
0.95722437 0.86894274 0.36192787 1.017727 0.7922926 13.324711 0.4556288 -0.15230083 -0.06880229 0.61628056 2.605747 -0.090764225 2.1625144 0.3605802 1.1906477 2.521823
0.8634448 0.73632336 0.33095902 0.9941131 0.81767225 13.445863 0.44430417 -0.21853828 -0.021788172 0.61205876 2.870273 -0.03915441 2.0773473 0.3485483 1.1728687 2.6572113
0.84971094 0.72273064 0.31979644 0.9892702 0.81560564 13.460779 0.43778497 -0.18214178 0.0047591887 0.61368084 2.9793894 -0.025037155 2.0579565 0.34632933 1.1721087 2.6739655
0.877275 0.75613546 0.3688289 0.9170582 0.61716175 13.477306 -0.11313948 0.17182565 -0.17024127 0.5593815 3.072652 -0.09191844 1.8894931 0.30274713 1.1227562 2.5679588
0.81027985 0.58643913 0.38792855 0.85732913 0.3963828 13.529287 -0.5126171 0.5613322 -0.342452 0.5179304 3.141573 -0.08126344 1.6416852 0.26840222 1.079193 2.6747904
0.68183136 0.6629205 0.36875272 0.9155202 0.66610813 13.537369 -0.06738502 -0.3924532 -0.19822982 0.54745865 3.22459 0.0899681 1.63364 0.3019513 1.094173 3.1236238
0.21121073 0.2139144 0.33127448 0.9165311 0.76054955 13.850162 0.5296226 -1.1299615 -0.13867162 0.5458522 3.678522 0.6560821 1.0463569 0.30953753 1.0490007 4.360016
-0.30995607 -0.23485851 0.2740214 0.7718694 0.55558443 13.699972 -0.85864806 -1.6346154 -0.57645714 0.44442654 4.200386 0.5306185 0.35102397 0.2348274 0.89526814 5.594406
-1.2736979 -1.3658228 -0.06440927 0.5589626 0.545959 12.87171 -2.9687161 -2.5487914 -0.9862509 0.38340056 5.2500114 -0.17369512 -0.24605188 0.20809102 0.68677604 8.066854
-1.3900914 -1.6760697 0.24044389 0.15197325 0.8846512 12.545881 -0.8473042 -2.9834843 -0.31178063 0.28664398 6.4793844 0.59714055 -0.78144693 0.40723658 0.34778702 11.213692
-1.4057002 0.5609212 0.48066527 0.088389635 2.6157613 13.584816 4.133441 0.27021384 0.73860055 0.34986877 6.965899 2.11449 -0.5461879 0.6395644 0.26092684 12.275376
-2.3155217 1.8641734 0.4452849 0.07864094 3.1316838 14.226614 2.5454767 2.460405 -0.27693766 0.2514571 7.374936 2.0175242 -1.4410934 0.45142722 0.1575265 12.784847
-1.5232797 1.7185462 1.397985 0.31526685 2.60882 13.501382 4.3581862 1.9326158 -0.87688375 0.5218271 7.6257286 1.2161963 -1.8579311 0.6148019 0.37011135 13.699931
-0.4994254 1.1223192 0.9756861 0.6127913 1.917582 12.083786 7.9571686 0.14015365 -0.5325622 0.911114 7.937873 -0.5960139 -2.9086602 0.9264779 0.7253592 14.54903
-0.55349493 1.9814758 1.584453 0.6285558 1.8207383 11.013911 9.367418 -1.7176204 -1.8511053 0.82452226 8.083437 0.88378453 -2.6059766 0.9001734 0.7209635 14.060185
0.18817377 -0.80635786 4.4649487 0.4559319 0.7852135 9.537952 11.102952 -8.327326 -1.7462399 0.73217106 6.517629 3.9708252 -0.7742502 0.95808125 0.7082156 13.196239
5
5
5
5
5
5
5
5
5
5
5
5
15
15
10
10
