53
1.7460078027210753 1.8025792749463139 4.129891039724898 1 -3.92 0.29000000000000004 0.0 0.0 -3.56 -0.65 0.0 0.0 -0.17999999999999972 1.71 0.0 0.0 0.17999999999999972 0.77 0.0 0.0 2.63 2.77 0.0 0.0 2.9800000000000004 1.8399999999999999 0.0 0.0
1.6662359902873918 1.8986957224671792 4.114376935195063 1 -3.850298025221967 0.31642426033179083 0.03652969815978317 0.010288642208843742 -3.5750596845702454 -0.6779943710652715 0.0008550655006330432 -0.014017665222918198 -0.18019948295692156 1.7063890940443605 0.0018874466281845604 -0.005431600587634628 0.1818665685078953 0.7714068700484575 -0.0014298992213128774 0.005144014321287468 2.5787191744880333 2.7697052457019513 -0.02497901388906586 -0.010251217480441013 2.9602798783816233 1.81541079203126 -0.011767846973540745 -0.0050313809678300195
1.7761429201182624 2.1287202500578206 4.060427742178701 1 -3.710844440693718 0.28474964260841595 0.0182888964041081 -0.022155776367493014 -3.5906163892359753 -0.7608467586794644 2.7818041450790483e-05 -0.01157441445914533 -0.2027070636974404 1.7124881403928263 -0.007238296144338634 -0.001973667093869461 0.17337914232588147 0.7537169944221291 -0.0053892450952203585 -0.0028617131645112467 2.4076465339301745 2.704149969425422 -0.03221071976632404 -0.026033841748289075 2.888052372476295 1.7268212261520337 -0.022229573217626634 -0.02008924578745528
1.9680721180767324 2.301486026533357 3.9789428485482436 1 -3.7107855284007307 0.1866490704846384 -0.007941754404117221 -0.016834141443364332 -3.5777690276617085 -0.8121739205489225 0.006298089776539739 -0.0018237052444052687 -0.2699099489885466 1.7080212541496 -0.01604438571763709 -0.006789580756706423 0.12962184768759055 0.7025798572611917 -0.014180434377129214 -0.010865381309068936 2.275180658328239 2.577244169914748 -0.02197471492828213 -0.029259239779394913 2.76399360155152 1.5802608810754486 -0.029204887018637098 -0.027512741096268466
1.9681282083637415 2.3116443440480428 3.920059390650834 1 -3.784987946742218 0.15097691593203488 -0.010777762214008512 -0.001848938524892537 -3.5530983552340336 -0.83469351786487 0.004887666567261213 -0.0041645539084836595 -0.3763690800141859 1.6576301969234235 -0.02512610188909513 -0.015219809371154566 0.03284986756428321 0.628002902599982 -0.024234394306154823 -0.015436640222271548 2.13804424029182 2.4578490299326727 -0.032241184780093336 -0.02401191204200067 2.624923032874044 1.4425211682113899 -0.027538105063470132 -0.017079308065589386
1.9397487446392772 2.299605989719224 3.9283368316492675 1 -3.829636805124586 0.146503107060159 0.0031601500427954287 0.0012992795013322816 -3.570593355015372 -0.8867049397573425 -0.003526730350314122 -0.016840253957140033 -0.5260700014756732 1.573061379803641 -0.048868111874542014 -0.021846590706498997 -0.10516773373264332 0.5377394004354428 -0.04506559308198167 -0.029421440220391337 1.9441308130728885 2.361150588484777 -0.013822769912257976 -0.0011395385468342852 2.5016061547034747 1.3820485363124484 -0.001637761827739951 0.009658728486770882
1.9842216802280488 2.3305505261830084 3.9788816910885236 1 -3.823286298219918 0.12836495093346478 0.023084992501561992 -0.010242670401149491 -3.6343315409329637 -0.9952570878561723 -5.235544389705499e-05 -0.01566854725768717 -0.6728742885271162 1.471858615782009 -0.03040155395106393 -0.014340332192101752 -0.2546396765148451 0.4233043437020265 -0.02874988627501473 -0.036239058031908265 1.7649417442765136 2.286223268373321 -0.00922274978744686 -0.0009602539524139544 2.381016055340914 1.3677004845972407 -0.009064768374587029 0.011614209829639281
2.0002707645676203 2.3486984822114083 4.018104431738711 1 -3.8239183673417934 0.07726823836183505 -0.02593615657904095 -0.012436081770992563 -3.6910095665372373 -1.1226418267905545 -0.023693951085094436 -0.02827848413111724 -0.7545227255615261 1.3479357538692591 0.002196035520056922 -0.019311678069640712 -0.3667513441821022 0.279700830645377 0.00019215472779068182 -0.028374320647558505 1.6242765072190455 2.2253486235231943 -0.03773914620694636 -0.025983613743739642 2.2533316948174873 1.3313127668903437 -0.04012007313380654 -0.013633383787869621
2.003259990712159 2.346792124061472 4.039779177547234 1 -3.8364348967536355 0.008535168244131697 -0.0040805271992938735 -0.01221546708497025 -3.7057759303776785 -1.2189647559634444 -0.0033565625470303485 -0.01722806354534026 -0.7976936107326833 1.2073311578816273 0.007522637215143437 -0.024506130695331797 -0.4064703223634236 0.130003437879898 0.013383395474345361 -0.0204033792028536 1.515444605550475 2.1819966768392893 -0.04266895768464622 -0.026315843583991434 2.159176636294676 1.2924704680946646 -0.03429667750542344 -0.019325447338394523
2.019359580223277 2.3683719612944802 4.055526207940646 1 -3.8230653051496164 -0.05492096062320906 0.0010044507528441937 -0.01463844359053774 -3.7218178295978444 -1.279064629066654 -0.009280904856151823 -0.007629081432014765 -0.8288604979600502 1.0832888148069926 -0.0029266418297160153 -0.029442875852676045 -0.3815560224442178 0.013482787142550912 0.0035917187689587828 -0.012388835928750544 1.4142290451984616 2.144007485443289 -0.03156507702840828 -0.019854853793692662 2.110979270255707 1.2771745110911445 -0.01779810296694799 -0.008574408140492661
2.047706852741751 2.41695614430595 4.071885014810581 1 -3.771980148458314 -0.11412472632073045 0.010067818623219794 -0.009721030704491576 -3.7712531737889146 -1.3198222972332403 -0.013628567975224114 -0.009280160294676341 -0.8246860568817396 0.9914644085094109 0.023943260326472676 -0.011971169897941333 -0.3367700852113664 -0.06988058841714695 0.02424028111952251 -0.004893204892426406 1.3411692030868823 2.1118197117674846 -0.01224511657164743 -0.011001720719526408 2.1017123460602765 1.2906631402802784 -0.004567218107728539 0.003867218054864452
2.1089427830022434 2.488860922554024 4.076414418042185 1 -3.717044981669601 -0.16865008587132546 0.023315636808477022 -0.019280555952060928 -3.832438393979838 -1.35178119461147 0.002169593321658464 0.0018251660270077004 -0.776481164592457 0.8987108252199782 0.03496529164408486 -0.012180923995982782 -0.2888115225052923 -0.15079632431125145 0.03346734254885882 -0.005175231244842239 1.321020964198797 2.0953581227724274 -0.010485098607783763 -0.016766229327732977 2.1242043821750585 1.3125141041127666 -0.004746299846691417 -0.005941979890758384
2.189775909791137 2.563639429953717 4.077344764142221 1 -3.693705955248574 -0.22697860179142382 -0.008599581952011449 -0.008133656203822705 -3.865858037550552 -1.3839593113313693 -0.012371435326592356 -0.007669282663485234 -0.717277581563081 0.7758980874270665 0.022649170882001992 -0.02317531221812805 -0.2137900730525617 -0.2440138037962437 0.02860147742062167 -0.013269058638964536 1.343388322593781 2.0833648304311936 0.0161366474179469 0.01362650436063216 2.172156629357974 1.3475193154686878 0.024363637924801368 0.019352487768228253
2.26107752391475 2.641852013645404 4.032328558530439 1 -3.6807285592326284 -0.28339401873617487 0.014284851322129144 -0.01489399677752164 -3.880148388017222 -1.4116825997059312 0.0057669562360513245 -0.002997692266820725 -0.6664690912438171 0.6310566975975767 0.020872320591608835 -0.0417270220254438 -0.12071041210657363 -0.3409333795069702 0.012124761764269541 -0.0014303341604667216 1.3603264010661578 2.0694344809741274 0.009569280727787025 0.004626678970303735 2.230781525012432 1.4041274839368274 0.013242237272672585 0.022438798803485177
2.325649643623444 2.7231409492101486 3.9901714070876086 1 -3.6582244395332246 -0.33017836908813103 -0.0005809605330651391 -0.004028230740231613 -3.9029722303271135 -1.425206747344132 -0.011393105146154573 -0.0033947502665715237 -0.6023600183419138 0.5027068184574608 0.030030951361215266 -0.013769562945470389 -0.028252566084931985 -0.431773232308158 0.03094954038261037 -0.009287935473077585 1.3531141210266506 2.057849591490211 0.016937063917070255 0.02535028129696686 2.2675825846226454 1.4655528968434424 0.015393412023340545 0.03597186016340495
2.383618362854973 2.7848174091028772 3.957560938014666 1 -3.626178859233886 -0.36327877296278954 0.006148233960781175 -0.002394108815902291 -3.9252369735844166 -1.427075681616004 -0.004008512717299255 -0.0035043366064621325 -0.5308758124039725 0.3957119690502007 0.027044833060858784 -0.028522080871958858 0.037251317283105934 -0.5273487539938344 0.006807470924505125 -0.0017295300231596946 1.338195352194199 2.0528135410079837 -0.010878691622985093 -0.012875080693483091 2.272640602739238 1.5054741849672637 -0.0055773163674377926 -0.006007392704386664
2.4098512911130525 2.8071510362461205 3.921780632993961 1 -3.608876145449062 -0.3782319931830579 -0.0024649109523533774 0.006743065565761739 -3.9296155651685685 -1.4212234172865803 -0.0046984485340514645 -0.00506680655538436 -0.4664277958521028 0.30758781116834366 0.028390714992336773 -0.009161112958958731 0.08841489921905676 -0.6166778884325286 0.021902664472786375 -0.004455134511212829 1.3157875283762976 2.038467776707862 -0.023103008297170817 -0.019503912701271137 2.262186929058812 1.5225089710427744 -0.0013040729443989235 -0.0189594507908995
2.418711260178709 2.8193683203035014 3.88307196181173 1 -3.6075043504865114 -0.37307577589446206 0.010142509909660216 -0.0029250430494019534 -3.913700894954056 -1.4094959946587258 0.013362880112601394 0.0024230866274181605 -0.43923177294593607 0.2292643921824007 0.0013021330441096608 -0.004314115935856238 0.12363911956433604 -0.6894268044725933 0.014174939785507414 -0.01914433487870884 1.2701312054374831 1.9972042197152793 -0.0032246546157449433 0.0074905884507925555 2.2427664161586893 1.5274894044441276 0.002281835842884378 0.015227305196181599
2.4390643580499747 2.844996769151314 3.85465235060098 1 -3.612991106768707 -0.35662644514932906 0.008512589281812663 0.001107867215654098 -3.8988024371534875 -1.3986516034254106 0.008715586028608247 -0.001539214706525716 -0.4400558737952771 0.17261395571882931 0.005172311300471008 -0.021045025271994006 0.13800767824885085 -0.7436908557844486 -0.00927771250582414 0.0039244440517416344 1.2153585622912226 1.9395020304632142 -0.004685698538017394 0.007100180765641067 2.212220422341387 1.5181867396607283 0.0014464979808566586 0.009415712299914974
2.4667366688829815 2.87250905367344 3.8342408151524117 1 -3.61826539797528 -0.3431428205431106 -0.015431771959886702 0.007941836681614228 -3.9027287726429125 -1.3955719724458462 -0.015432654625038842 0.0006886107640511835 -0.44730329050072726 0.1366953576130463 -0.016522924543505166 -0.012097204338577734 0.1213145116879959 -0.7943596858987272 -0.016562700474187408 -0.018990743472687158 1.1662388126385377 1.8831846320893484 -0.017327069025844407 -0.007897637447138284 2.1760676775722327 1.479176407397706 0.0036469141304415614 -0.015339113840405098
2.4927081156905326 2.8947745141943986 3.815112800238715 1 -3.6201024859096433 -0.33966301643003827 0.001643496483397875 0.00405237343057469 -3.920231796598862 -1.4061806011127005 -0.004570619359231843 -0.01005408321381988 -0.4588342702002457 0.11615405424597958 0.017862369526593227 0.004378623381446042 0.08292171636194556 -0.8406061564925857 0.005411257338890715 0.0048948814050933116 1.1284682410546027 1.8306268647878667 0.006024012775561048 -0.019721452936119637 2.1426507777699086 1.4319012260932404 -0.02613126021820672 -0.0034503805171388208
2.6655952175798823 2.9942885376354105 3.6962920521878693 1 -3.6985461963808235 -0.4483275993608288 -0.014810564670056448 -0.020258881071065486 -3.919631501565683 -1.5345075291937231 -0.010298644518137955 -0.05164992371508323 -0.40119537859629606 -0.019866183452948438 0.04546147447153892 -0.039077842003349905 0.0874367404747236 -0.9626900166321417 0.025204857491796497 -0.023370430401182005 1.3195898442846108 1.8002759222354348 0.07041742636876928 0.019725245908739517 2.234013089917486 1.4320437224408313 0.043102867446242095 0.032547120244942204
2.741214214106275 3.0109440247896404 3.534294760768672 1 -3.6924202751530797 -0.6915860141213543 -0.0079541628843155 -0.05231954086496868 -4.060408119461312 -1.6326503885257762 -0.0612703474534225 -0.007415737757126188 -0.19124184186247728 -0.26278686561928166 0.043135593318000785 -0.05517742853433444 0.2382997569178471 -1.1240355979387318 0.03716085197179915 -0.028202597568618575 1.6345033436948766 1.9117014257609966 0.04688429736403264 0.03678588428809363 2.4685915427172382 1.7261240132601565 0.05398734251234602 0.08196359782742042
2.78218637177989 3.081259179086256 3.326785611732213 1 -3.7163059124753914 -0.9842303509894066 -0.017586572257077653 -0.04287896357171647 -4.262425060288887 -1.7058294343854814 -0.025522503029003614 -0.031928812554426034 0.12878215592398945 -0.4445860832444176 0.06328452203357393 -0.018984860936474397 0.5677989483799921 -1.1970720037683087 0.08101905446496285 -0.012234881761900029 1.8186240786905898 2.0936650186175294 0.015144987486487016 0.0391493718187042 2.650492105666789 2.0869450425666884 0.03938936200919901 0.05112495786308571
2.8799279454134457 3.0944941511775044 3.1200307869898953 1 -3.8215294970002995 -1.1515686623520018 -0.01565948291106503 -0.016947501585905248 -4.261128233487552 -1.836468974182016 0.011645014867281044 -0.02120014209816836 0.4392494077643807 -0.5180614975348565 0.0485562081563409 0.0029708032382392627 0.9208401623481288 -1.1692387193104776 0.06618815836371478 0.002504804293345722 1.8990973807489357 2.2725141448610118 0.0007209993915867699 0.024654370498068758 2.751176455497224 2.265127393573076 0.02585533899843854 0.026504047530442144
2.9196175520291985 3.053780732423724 3.0219260777528043 1 -3.803723014323964 -1.2043734899728995 0.019386188531583384 0.006499583665803853 -4.164679764610073 -1.8493812665171068 0.016316507391208688 0.009457547714158805 0.6408997922450546 -0.5030715603723409 0.02240876633173912 0.013977702869041354 1.149697145232472 -1.1154955975470584 0.03773360939484458 0.0002528859072802453 1.9462467953018052 2.3342355401317736 5.1183753979326674e-05 0.002890577278067191 2.803468862642416 2.3936305435311525 0.021245651629378942 0.021839110074072767
2.9915811215144137 2.9872625476555874 2.9810488411204266 1 -3.6937562288362678 -1.1050940879824722 0.026565377307784854 0.040796409759530465 -4.054441813356468 -1.724242049526544 0.019140184855720267 0.024734070533207274 0.7313476135180288 -0.47153508197072336 0.004707208505508719 0.011296778649969398 1.2546892487441221 -1.090908843453072 0.020317803153406096 -0.007201049062245883 1.9953333077993092 2.3644158840194147 -0.0010728891555034994 0.006259659308965763 2.849060210374984 2.438302125775375 0.02188433631370184 -0.003710436364662966
3.0442695888568103 2.9381652727611254 2.963979301340071 1 -3.5777988532803553 -0.9351910516823805 0.021342422867705695 0.0390952233722857 -3.9215928238595374 -1.5669085225548502 0.020995812062081263 0.022894830367578625 0.7551086109787262 -0.4720853618450974 -0.00669889952774004 0.003133628400934188 1.2941408835763895 -1.0951906094574888 0.010476118113258086 -0.012053768724372495 2.0318441643515435 2.3671244787546586 -0.003932055598759143 -0.011728090443290238 2.8878589304970683 2.3976099261434594 0.018817622796524193 -0.007589034296228488
3.057039859710987 2.9191453237895177 2.9578585612415114 -1 -3.5169847907838276 -0.7804050997792342 0.00946258915187329 0.03506377406060071 -3.8227088988613707 -1.443036796052188 0.008057335999821141 0.012860617925561375 0.7363466446694824 -0.5020611174459852 -0.011067937808998094 -0.00013027119915877405 1.2877184330599238 -1.131068698625363 0.0018368192233251673 -0.019976277107845643 2.0580509976502093 2.2842520244808178 -0.005422704788005439 -0.01894702270961577 2.9127841590846213 2.353250594719335 0.017734936787732046 -0.013804213679890506
3.09229796128405 2.8842600639595593 2.961188470880459 -1 -3.5134239011172546 -0.612644190512816 0.008200808714943941 0.04894647739140823 -3.6796918544757045 -1.4334274998598628 0.035298316927723256 -0.009952261865905497 0.7284955518640013 -0.5106488504533395 -0.01675890132411148 -0.003991014753153166 1.0274774317473359 -1.3387478474626435 -0.05468128425016009 -0.05303756646571395 2.0763725701454288 2.201147055765757 -0.005826272125914113 -0.02031965658502138 2.9340476577347516 2.2313791321633625 0.014490961563723648 -0.03389175922917423
3.090191953326081 2.893693857530077 2.9513410754719507 -1 -3.5016046300282984 -0.43052750980265564 -0.015185916027830383 0.016736401571321436 -3.620299071886143 -1.288967516997245 -0.0211068659000297 0.06565725571951646 0.5922801390710983 -0.626161099483489 -0.04212724251590386 -0.01467480046292069 0.7980870122588755 -1.4824453871483352 -0.02529815490074521 -0.029569899275109602 2.0840370970460977 2.0404262969898728 -0.009908695719609187 -0.045501575967973044 2.928429346276763 2.0334368204997855 0.006755892778206103 -0.04382317279127398
3.044535443623777 2.9434750172400954 2.9336852820472217 -1 -3.5274302118627627 -0.1914655237783811 -0.012917641398990553 0.05949422802968563 -3.7580173095007723 -1.1041976916401488 -0.02031386838488819 0.018566310305833948 0.44831100933276424 -0.6766159185032501 -0.019362768417652786 0.006631001587522438 0.624777890713827 -1.552716206713658 -0.04200091187450862 -0.016510571103230974 2.0528651414525774 1.7940280913958295 -0.018474037986050695 -0.04663391297630888 2.891655969747621 1.7827432950563367 0.001872018841644632 -0.05871116479774082
2.934058965444742 3.0499904122135875 2.9491072093243593 1 -3.643007042266715 0.013659984033208783 -0.02650312075295281 0.042139196359862956 -3.7037554983363563 -1.0020961977910139 0.024379121159562183 0.013037690658705308 0.3833837567978913 -0.6617686909637108 0.0054098699001908735 -0.006077239076387901 0.3733714605384453 -1.570652157972427 -0.03634875831518657 0.012646881214851486 2.0013170513437206 1.588322720970086 0.018513643722492226 -0.05453283117329594 2.843144290703254 1.4850640027997786 -0.046644528041691516 -0.0595800449296121
2.6479204460669865 3.0553582172483114 2.888029916479144 -1 -3.7624435394419766 0.11638644731184233 -0.02653655608516118 0.007258429455343556 -3.575412005223539 -0.9451636206704374 0.004811755065912594 0.006582001602348349 0.3961119303683791 -0.5378894674821871 -0.009010046382048284 0.030344121078425698 0.09141952054248392 -1.5026078363188553 -0.054313469868097465 0.036407304447010166 1.8066026470031007 1.3784611723224023 -0.05880305953216812 -0.06022231083115302 2.7210026099568996 1.221570484212203 -0.026006028465709246 -0.05935390118128499
2.565622505637396 3.0605247018147983 2.8901662389988387 -1 -3.7871613547991925 0.14910891209966515 0.012742050933761328 0.006608479198976854 -3.5570643394718653 -0.8898654422632933 0.0005222501254645573 0.015600807693967612 0.22180507435434738 -0.34484253874940873 -0.06636153220962962 0.05164773007752576 -0.054242139452424176 -1.381499999851774 -0.01836678890165055 -0.0037844929425271713 1.5829894933714046 1.1013434004057587 -0.025854438494983062 -0.05103641301907279 2.6385006748675996 0.8931767651306912 -0.005634915625229164 -0.0865265474849383
2.6781898485470115 3.03952387316897 2.9123664106525204 1 -3.780897868855647 0.20863181582459078 0.00119560526286204 0.021245123295867346 -3.652209684993762 -0.8570024407387344 -0.011733381012488383 0.0029456152614221703 -0.061764965453243725 -0.20223338032874716 -0.022864279177513144 0.025826377161705216 -0.1682579687324406 -1.2805608725671802 -0.01975232092483215 0.029005023378896717 1.5984390403298043 0.8993207552197111 0.0176163810516453 -0.05612045996175325 2.6196282357946403 0.46796379144657174 -0.01451750388192684 -0.08475157536632158
2.4367863133874823 2.8518877510710507 2.823448847593196 1 -3.854169502031703 0.30788539632102085 -0.018294341473218935 0.01127241984085247 -3.6919779847460057 -0.8273481927037951 0.0078071098313873275 0.018058937977552505 -0.18371562975494182 -0.05881603650703382 -0.013884574658806773 0.01162970981227884 -0.44593368456437066 -1.1199831116747156 -0.06606059461610714 0.05325492875049184 1.6541908724792425 0.669027164877557 -0.015218461095089637 -0.08350275209560434 2.5834916902509724 0.07336906836150892 -0.0239018789262345 -0.0862478473164244
2.2838987444953758 2.7166345237487666 2.713695892750855 1 -4.012314319579631 0.41544589039655055 -0.04742432571841251 0.014952157884372876 -3.664317039483778 -0.7598070164882446 -0.016671630566807066 0.015351334595485093 -0.21693171859130178 0.026968580913256934 -0.020629801257456296 0.010968186310952062 -0.7270754709579914 -0.97217532630434 -0.05217690372565911 0.02501107152036023 1.648346256199889 0.469714951699306 -0.025294754540108308 -0.04934363422832597 2.4913221735243463 -0.17534694044103183 -0.02373891240849597 -0.049532882370412895
2.324504042323772 2.685264566365353 2.6852708659585733 1 -4.127261583291301 0.5308925364018098 0.0032739169315087885 0.024659523845234687 -3.6849527945433853 -0.6270448515443277 0.02117120774453742 0.044326052497873886 -0.27417538986699164 0.038690434712201904 0.001262940542468713 -0.009097976760910335 -0.8675188707046866 -0.9195051992226866 -0.0007451785046475208 -0.0016005641109856136 1.5815193445849633 0.3333323408058906 -0.027764364557419055 -0.03767147853317597 2.3867709712571017 -0.34321314115416324 -0.020913432152883535 -0.04818125577356385
2.2244154565347825 2.582692966032097 2.6246394486137152 1 -4.206942036917298 0.605419135176831 -0.005219791524926992 0.01182371257691531 -3.7056764204308164 -0.48139107691184246 0.009894798799314389 0.033507412132541756 -0.34055238378797004 0.03968334100295934 -0.001185044471960342 -0.006042562913036887 -0.9439927273657873 -0.8983002971954903 -0.0005792871774989161 0.006407562921888009 1.5585066722508643 0.20075653831048346 -0.01504291979755938 -0.04266563014932357 2.3268540090001393 -0.5282090036215945 -0.013703110621622244 -0.054104446165403414
2.072614194822587 2.423904474167354 2.5487075333513514 1 -4.281778534365872 0.6259193606232276 -0.004001579695738028 6.736113050315878e-05 -3.697038228745866 -0.3611474720235217 0.005819941262685383 0.02849175959205004 -0.361489499557341 0.04432807430109076 -0.010130349477712032 -0.004808035935965144 -1.025730421125873 -0.8296769223419842 -0.019504332561250597 0.030324774135827917 1.5729541572622034 0.06869921724400818 0.02389496504838706 -0.01373951930868467 2.295216985792047 -0.7213906183583572 -0.0072260668577345324 -0.023958992489594943
1.8977061472749006 2.155087690328288 2.576385062697052 1 -4.347588458237418 0.6363705449470134 -0.019415488013616523 -0.004687316311061001 -3.6991992471212356 -0.27160896119036093 -0.011772189394687774 0.0094680559650675 -0.4591966927112461 0.14506398228392925 -0.005927643350933874 0.022078646076195307 -0.9558834307196942 -0.8677669994886963 0.035798260167830505 -0.02317077986793473 1.5547805280498057 0.009592878092343105 0.010442473668240082 0.013068118063038345 2.1817092173635313 -0.8760392184638812 -0.027081091854479628 -0.0180618380346418
1.4695238842969887 1.6910108987527848 2.5717928061061137 1 -4.3995556246496825 0.6452741286927368 -0.011992535289742354 -0.0010608758843296058 -3.7073820834915723 -0.20878786926984383 -0.00878719287661904 0.0039009204862210795 -0.5599348683402043 0.24723208839158084 -0.03245905937702272 0.024461148881649946 -0.9081383976993305 -0.8601676257204222 -0.0266244328289489 0.016493587231765 1.4804029176103652 0.07402000355263061 0.01687611060845386 0.03784920045793262 1.9867704374105948 -0.9652640283210083 -0.012352692843239716 0.01206782060522072
1.1157835721281306 1.2466307102589207 2.452795974264176 1 -4.441653151739351 0.6901590708513667 -0.016043411261870956 0.014041839247663617 -3.7545254221483955 -0.20933625136750522 -0.01823756357166577 -0.011670820398473721 -0.6025642043677957 0.3296351744252155 -0.02331945858806397 0.02139112182979606 -1.0154978566183814 -0.7687667599969903 -0.0440915312721068 0.02336085002553745 1.4213533692118672 0.2217273557346744 0.023644578949331828 0.0439294520005621 1.8591430862547638 -0.8600712130149236 0.004618149951357779 0.03755202490150195
0.9249735106065623 0.9729556106132436 2.172481325562561 1 -4.471633686836674 0.775675076806317 -0.0002494299270352591 0.01822873565513866 -3.8290359138651846 -0.2317375029316997 -0.002566003596002489 0.00457315273504092 -0.6622520396121492 0.40374371921121055 -0.0109548548401069 0.01304466016218707 -1.1212912921510036 -0.6982473751188334 -0.004505430242957097 0.005460797402891741 1.47425713781427 0.38695217360685397 0.05403671776144357 0.031117123248240036 1.7755725699118896 -0.7153185445371328 0.013702825837528663 0.03484697604461666
0.7896942046949221 0.7710443059728862 1.974940802523379 1 -4.50893382756209 0.7970400209867752 -0.02022423575814925 -0.012232593813516678 -3.8506045307688495 -0.2107560322713269 -0.012794164248636516 -8.685330617237697e-05 -0.757735628268021 0.474484781953433 -0.031948449302288476 0.020785298089522404 -1.0981631801879144 -0.6583896359385746 0.0020378447954977168 0.01231765754728801 1.6040986727068756 0.49468352801414794 0.05848975418292775 0.01352610228375854 1.7269165447350794 -0.611604800648102 0.02549358363781627 0.024343318750163503
0.6167438798564042 0.5373402782265034 1.8068633926193518 1 -4.562609028359151 0.7455784797315124 -0.016429905444386737 -0.004532773747395514 -3.81754027294061 -0.16392478146264955 0.014316063189630449 0.005158984031970569 -0.7897324814292257 0.5674796598664222 -0.024716721260928134 0.027345433923072947 -0.991080863108861 -0.5712171336657539 -0.0013964864475044005 0.02987963706245602 1.7480233788763346 0.5761909486011574 0.0038731799500704243 0.012889270010623483 1.7391983986656792 -0.5312112185314817 -0.02059152452658014 0.02140278890493688
0.44997235590845797 0.3139118540638707 1.674709722333895 1 -4.591476784769802 0.7154490571994643 0.0076484402959522725 0.0006323336972892434 -3.7957785519503497 -0.13211533841752354 0.004088460591952489 0.012842990159679284 -0.729888885919542 0.7123227879798635 0.02716025220129872 0.028591768642937762 -0.8980749487625812 -0.4069425307175778 0.02519406560427545 0.042012660711778615 1.914770424854173 0.6538563988911053 0.05653238466149174 0.0011275000603011426 1.789361283025321 -0.44223192599523364 0.03414739284682886 0.022712898788594563
0.3323275657244624 0.1616230105814313 1.6085791148089812 1 -4.576963526616293 0.7205841152779862 0.016157424864707948 -0.0028125633006162998 -3.804912483162118 -0.13004460017675967 -0.004504954309156194 0.00319338446615756 -0.6392211998671735 0.9016563374873563 -0.005954742823385541 0.041766060012016534 -0.8214132250212671 -0.20143083847938126 -0.003972426503349492 0.047894229048827494 2.0963651015776845 0.7047569439538992 0.010925580384206443 0.00716308766454552 1.8310563738768764 -0.36554709378133654 -0.020872340281593394 0.023518358193406516
0.21127829818896196 0.0026433432943451956 1.210096634003278 1 -4.622403299100905 0.7820694181805554 -0.02902755763101593 0.004767743607333445 -3.8976336179224864 -0.0011067974195588803 -0.039181705188248914 0.035214308432729165 -0.5640840936408025 1.0771518363964336 0.024649131216913568 0.006347315974370684 -0.7296689278055779 0.006464028017902912 0.03576680569657785 0.060815974278960766 2.305541923221642 0.7339510909004026 0.04593314646353359 0.002896366943783481 2.037313362346069 -0.23743140690892695 0.050841616582212014 0.03747343514924005
0.22081602042809254 0.06806399548542864 0.8356825739123515 -1 -4.802120757409202 0.782021574670402 -0.03173134426160507 -0.006683427202198174 -4.027196282793549 0.22622656072635094 -0.015675111584565714 0.055241676666761524 -0.44760182287133077 1.1878635523516423 0.04522327948077055 0.013134149712876006 -0.6090960579712945 0.21834727225907113 0.04173861445077973 0.045738871424957056 2.7647565580305518 0.6861429810220576 0.11218433604557702 -0.00017957922827997047 2.4083168978526013 -0.1574236355877221 0.0559460356549347 -0.008972856913256312
0.2366448385921352 0.1425412235402562 0.590385103042977 -1 -4.949725998007063 0.7484054665534812 -0.025350242013288286 0.0038794803298268093 -4.128490257179576 0.3505038412650763 -0.01122989872214951 0.0013789744727200036 -0.25986743572968773 1.3045981797022206 0.0236528200359773 0.020542406257652465 -0.4397478892861315 0.43612334446385814 0.028461635052098103 0.055961018198939755 3.216471234697469 0.555858490408877 0.07472707639910767 0.0014742541015086222 2.7204101536420424 -0.1886695063270558 0.043768199698781235 -0.030810252018160473
0.2608673570644112 0.20052377724079753 0.4315104232076128 1 -4.929795989723466 0.7661344378473569 0.009512573579881833 0.009833057433340958 -4.138638723141737 0.35581054197235695 0.021072031514574277 -0.004319261839141471 -0.0765501493621299 1.4520240950166108 0.02616404352041629 -0.006979146243398984 -0.24197162547535367 0.634361786734424 0.044509909571881584 0.06822772899554613 3.4448749095910864 0.4470990276518467 0.008315135910774343 -0.058264929460919865 2.954507641231313 -0.2817697572768788 0.047196303085996774 0.013546818825215495
9.204075 1.1929522 2.1770396 3.1454172 1.8255625 5.312451 3.609991 0.7579293 1.9340987 3.0887876 6.7278295 1.8817282 2.657332 1.5790136 1.9043133 5.4860353
9.273085 1.0342374 2.222062 3.1151564 1.7011757 5.3315897 3.4223046 0.76053286 1.9862552 3.0940537 6.4775786 1.7229313 2.745543 1.5800049 1.8880618 5.4151106
9.28301 0.8902385 2.2355413 3.0933826 1.6330862 5.385851 3.3773546 0.7636304 2.0785308 3.0976176 6.4108872 1.6419598 2.8017502 1.5844079 1.8754815 5.406108
9.428753 1.5386491 2.4928348 3.0828965 1.730938 5.3309937 3.2245355 0.97227454 1.7610579 3.0622404 6.138691 1.5658834 2.7225318 1.5244794 1.8969692 4.844478
9.408466 1.4265707 2.4888124 3.0752258 1.7099509 5.4106946 3.3669915 0.9848993 1.8898237 3.0673726 6.116203 1.5859979 2.7414486 1.5368667 1.8919202 4.8968143
9.285027 0.78520775 2.3385513 3.0605888 1.5979266 5.625973 3.7722058 0.89335346 2.378314 3.0993452 6.222757 1.6653985 2.8371286 1.599445 1.866594 5.3263187
9.230991 0.42002964 2.2875094 3.0389209 1.5095367 5.7585073 3.9284022 0.85968375 2.656872 3.114475 6.2483196 1.6490235 2.9140248 1.6285317 1.8473678 5.4948845
9.167651 -0.107682705 2.1989415 3.0020778 1.3495498 5.865007 3.8531592 0.76889515 2.94027 3.1337228 6.318158 1.5140799 3.052199 1.6575564 1.8140457 5.7002497
9.108522 -0.54371977 2.1378126 2.9660122 1.2149205 5.9746404 3.785275 0.7137766 3.1903653 3.1482563 6.3794374 1.3821412 3.1729212 1.6795278 1.7844723 5.8430824
9.082234 -0.64938927 2.125927 2.955985 1.1837859 6.0085845 3.7775571 0.7055242 3.2582004 3.151186 6.40208 1.3498416 3.20208 1.6844509 1.7770202 5.8729334
9.033608 -0.9616389 2.0929544 2.9255884 1.0847087 6.1016665 3.7249742 0.67964864 3.4495091 3.1603777 6.450453 1.2403386 3.2939267 1.6984913 1.7542728 5.952362
9.000399 -1.0499811 2.083256 2.9154897 1.0616813 6.1349554 3.7116914 0.677099 3.5100524 3.1618602 6.4990726 1.206931 3.3194225 1.7013481 1.7472123 5.9709225
8.94949 -1.341649 2.0425978 2.8871052 0.9653921 6.1988583 3.590785 0.6391282 3.657829 3.1698833 6.5675607 1.0824075 3.4094036 1.7115787 1.7249347 6.0456676
8.932956 -1.3914552 2.0403357 2.8821964 0.9466963 6.213691 3.5862494 0.63553643 3.6884456 3.1715446 6.556466 1.065722 3.4244964 1.7140564 1.7215745 6.0565953
8.889378 -1.2646723 2.0304942 2.8938408 1.0094061 6.1760707 3.5613592 0.6389401 3.6023462 3.164455 6.6957507 1.0975208 3.3819757 1.703656 1.7291288 6.0340853
8.867037 -1.2899299 2.0351498 2.8884292 1.002192 6.1914043 3.5690064 0.6492946 3.6295722 3.1640992 6.7169604 1.0864191 3.391842 1.704026 1.7263776 6.0291367
8.716883 -0.43622208 2.0582955 2.9508567 1.4035788 6.0241547 3.626761 0.7725239 3.1756675 3.1167917 7.480018 1.3280587 3.1226609 1.6414478 1.7751796 5.789054
8.588354 -0.01497221 2.066688 2.974866 1.6304207 5.981468 3.65158 0.8523886 2.980028 3.08823 8.019787 1.4298869 2.98601 1.6053329 1.7964475 5.645987
8.642263 -0.3216567 2.0551467 2.9576063 1.469017 6.01159 3.6192677 0.7911322 3.117948 3.1083531 7.656495 1.3518761 3.084104 1.6304088 1.7808496 5.752626
8.301501 1.0934057 2.170831 3.0076983 2.213821 5.868201 3.5715566 1.1174663 2.4325075 3.001719 9.359512 1.5879995 2.6620414 1.4971 1.8450844 5.0999823
8.140412 1.9265368 2.256215 3.0156121 2.541088 5.708717 3.0075731 1.2705542 1.8908341 2.937513 10.28209 1.4624478 2.4920197 1.3934789 1.8676257 4.5770674
8.1798525 4.3413897 3.3027968 2.8237078 3.0171533 5.769064 1.1903719 2.310478 0.8006202 2.729464 11.400651 0.35057306 2.361597 1.0440308 1.8686991 1.8075075
0.44133902 4.9528675 6.0280786 3.0089831 1.4106045 5.2026978 2.3624744 3.2667475 0.93056774 2.7093577 11.396967 0.57064915 2.308718 1.1132443 1.9808332 2.151383
0.2708373 5.644305 5.6688375 2.946845 1.041306 5.0508633 3.116292 3.5407739 1.1812572 2.7031264 11.662358 0.71510255 2.5117052 1.087717 1.9199558 1.94666
-0.44417286 9.109043 5.8662868 2.7218673 1.3867097 4.016855 3.7047734 3.614986 0.6460922 2.5551329 10.702623 1.292091 2.8480213 0.95439017 1.7999226 1.7618384
-0.40932417 6.7955556 4.8156404 3.002358 1.211235 3.8147361 5.1399155 1.4369208 1.430646 2.7121801 11.3753395 2.6321006 2.6190999 1.2300427 1.8657998 4.11917
4.0205317 3.8689632 3.2339637 3.2693503 1.5827694 4.054105 4.159534 1.0732614 1.0516975 2.936545 9.583572 2.560837 2.3634322 1.4313073 1.9645846 5.395972
3.6490839 3.617616 3.0497956 3.2906892 1.8758199 4.6092596 4.172147 1.2342318 1.3051565 2.9238698 10.925405 2.4405193 2.199061 1.4124256 1.9736147 5.393509
3.2638333 4.4529147 3.0016816 3.223266 2.5075119 5.083333 3.4903893 2.468889 0.9915967 2.8255424 12.850804 1.9127252 2.040224 1.2677009 1.9527404 4.7720757
-0.997911 6.276668 4.4041557 3.1803734 1.6351066 4.9827127 3.5324733 3.880921 0.7182236 2.7456396 12.18104 1.4435439 2.159143 1.1717529 1.9370402 4.256069
-1.3124337 10.85487 5.9304466 2.6588235 1.9856927 4.610888 2.640973 5.0874763 -0.12731129 2.456465 10.146317 0.6121367 2.6535785 0.8019388 1.779647 1.3847938
-0.46100378 10.240269 6.4021654 2.9018378 1.4526114 4.1997337 3.4118338 8.164776 -0.7225899 2.5864697 8.153274 0.7298214 2.50589 0.9160938 1.9184642 1.4157133
-0.41126966 11.7065525 6.1869917 2.5630488 1.3571754 3.793603 2.5086584 4.524075 -0.60421026 2.4586825 6.2911425 0.8805852 2.9849305 0.8179202 1.7368666 1.2946229
0.65644693 10.611743 6.701417 2.8603 0.77582407 3.4990053 3.486393 7.005741 -0.9710224 2.652378 3.6223016 1.0889693 2.8674674 0.99939424 1.9058316 1.4745288
0.35188007 10.369133 6.780614 2.9939334 1.1577973 4.1415677 3.6050148 8.363519 -0.8992699 2.6424327 4.6596136 1.122831 2.5625758 0.99219924 1.9807403 1.5611329
0.43040752 11.216778 6.4414654 2.7039604 0.9297128 3.501452 2.916377 5.3123274 -0.82226 2.575017 3.7468834 1.1753857 3.0524135 0.93103063 1.8165799 1.4209366
-0.44929314 11.899211 5.8393345 2.692655 1.8123262 4.84362 2.5330396 4.709796 -0.3946052 2.448274 4.1843643 1.2904754 2.789421 0.8440199 1.8136643 1.5546913
-1.1275597 12.354363 4.8316865 2.8196638 2.465587 7.358649 2.2603617 4.976902 -0.033563673 2.257782 2.018384 1.4427195 2.2109265 0.7661731 1.882679 2.0938559
-3.108533 13.263496 2.2882168 2.377565 1.0296345 12.9493685 1.7731395 4.914847 0.123233795 1.1079016 1.6859088 0.66141915 1.288477 0.13283753 1.6616088 1.9613595
-2.2396708 11.65877 2.7100685 2.7051826 0.8225508 12.788539 3.0832586 8.492279 -0.35065177 1.2854317 0.70607233 0.81867516 0.8337667 0.34319496 1.85386 2.4883914
-1.3767905 11.259872 2.7134743 2.5810368 1.1723661 12.171548 4.403949 8.132616 0.32264513 1.3396537 1.9019647 1.0518044 1.0593166 0.4823469 1.7529058 3.3523808
0.082965374 1.4054351 2.747079 1.71084 1.1770234 12.675711 5.7865887 6.823886 2.106622 1.4435179 -0.30527925 -0.47616303 2.0960345 1.1246004 1.4887683 5.1289587
1.3480325 0.24322748 2.6516643 1.5801115 0.85998154 12.406898 4.929267 6.307249 2.4500613 1.3306963 1.5379949 0.26102185 2.4356866 1.1018553 1.3730631 4.511774
1.3115067 0.025251865 2.579486 1.5815768 0.7518511 12.598987 4.1850786 6.3110476 2.3139343 1.274534 1.8985844 0.5227852 2.3412964 1.0492222 1.3571014 4.2928295
-3.5019622 2.6643648 0.5096638 1.4260137 1.9943864 12.730977 5.306337 -0.39573526 2.8095846 1.1267655 4.232851 1.0232604 1.2958547 0.99144065 1.1942711 9.077382
-2.1488924 2.5550077 0.842253 1.5615908 3.9792228 11.973219 4.005878 0.13890219 2.8947968 1.4522718 4.695141 2.0135849 1.119886 1.2438437 1.1632237 10.234835
-0.70044565 1.4484205 1.1703057 1.5979228 4.89545 12.031301 5.109459 2.426235 2.4318564 1.5420283 6.1430383 2.6032393 0.6704467 1.4079173 1.169916 10.767223
0.02029562 1.9779668 0.5489855 1.4497144 4.4980497 12.821089 6.090825 2.8742414 0.9944621 1.4362245 8.853961 1.642387 -0.22208786 1.4811046 1.140529 12.954147
-0.9376359 -0.15229273 1.7999663 1.3246019 4.1155643 12.64037 9.071006 2.685047 0.5768579 1.3190892 8.634699 2.186978 -1.1212149 1.4303753 1.2127575 12.681868
-1.7748146 -0.47250652 1.6376023 1.2065939 1.6006174 10.429913 4.4599648 1.5426495 0.6967553 0.7465122 9.425616 -0.636727 -3.2540748 1.1000011 1.2676604 12.011185
1.1669006 4.230114 8.532735 1.7757738 1.6671047 11.088721 9.972123 0.4515307 -1.62796 1.0064042 14.594612 2.7008455 -3.6472719 0.83459735 1.4337182 12.944657
1.1495781 2.5343814 8.653004 1.6923705 0.47313976 7.3870707 5.601169 -0.041666746 -1.3287635 0.8878542 15.575123 1.684794 -3.7348828 0.73439574 1.3536592 11.741697
1.9796362 4.1317015 6.271887 1.3541787 -1.2707105 1.875584 5.1603003 1.8098266 -0.47269344 0.7305151 14.535781 3.9928513 -0.3417619 0.8816953 1.2128105 9.705794
0
0
0
0
0
0
0
0
0
0
0
0
0
0
0
0
0
0
0
0
10
10
10
10
10
10
10
10
11
11
11
11
1
1
1
1
1
1
1
1
5
5
5
5
5
5
5
5
15
15
15
15
10
