51
1.723380916653019 1.7609535835794907 3.6749149650025923 1 -3.85 0.25 0.0 0.0 -3.55 -0.7 0.0 0.0 -0.03000000000000025 1.46 0.0 0.0 0.2699999999999996 0.51 0.0 0.0 2.83 2.36 0.0 0.0 3.13 1.4100000000000001 0.0 0.0
1.638954149311862 1.8589304297385782 3.663749443521673 1 -3.780103924692169 0.2751070563811131 0.03625249989386646 0.009055231821258425 -3.5696051619428877 -0.7275725352148286 -0.000423357177180588 -0.014282160686091033 -0.02963840416083041 1.4600233838501344 0.0012107447256527355 -0.0052647944975811704 0.2705348487595858 0.5104508349528085 -0.0016005893941168983 0.005282148345826897 2.7807841057643445 2.360932038439142 -0.024773441972097743 -0.00855369640256842 3.1082010368820185 1.3890936297436633 -0.01246078106979821 -0.003899689557662017
1.7462987497471458 2.0870830423063005 3.5619185833905473 1 -3.642786212904046 0.23915320579391186 0.01760238939519795 -0.021973913703356003 -3.588014756651347 -0.8088405759007844 0.0013852316330912901 -0.013250862099487054 -0.05296038031943251 1.4671598455324206 -0.007814623855453773 -0.0020660558755092144 0.26111215014221756 0.4933456293828997 -0.005818819850569592 -0.0027388332905598552 2.607562391017927 2.3083566731712915 -0.03390154901017026 -0.02340007161490497 3.0280601637921594 1.3077189830646025 -0.023626511656204552 -0.018119972886928924
1.9306665590654783 2.2531386511407003 3.5193315382865995 1 -3.647455483180462 0.13792138388597164 -0.011622680398986403 -0.021373954731049263 -3.57803470905899 -0.8600644618954082 0.0008903537713410604 0.003449051032214238 -0.12063221979895644 1.4659334030589624 -0.017017689374063078 -0.0060282063023453045 0.21493387146800202 0.4434240955485189 -0.015306478689358537 -0.010442080501252846 2.4647103377454886 2.190602039821326 -0.024311899850106254 -0.028045066080320247 2.895141736451123 1.1709212564803018 -0.030617062281933113 -0.025694015206954926
1.9230415073438774 2.25676843979277 3.508878977495118 1 -3.7209350764053464 0.10437200257752766 -0.018331383069834867 -0.01033616982496722 -3.555665295995788 -0.8859143054127614 -0.005824524310546687 0.003985452513349573 -0.229990724006659 1.4224614008207848 -0.026488859639407523 -0.014043144161392546 0.11500144302876247 0.37408993619959663 -0.025453078633995724 -0.013973288679336537 2.319535811440372 2.07790444106099 -0.03346374327060201 -0.02247048154279256 2.748556076185217 1.0405058560113747 -0.028689825073155737 -0.01590526114886627
1.894602520718001 2.243377510659493 3.525173904836049 1 -3.765920810485755 0.10067110439364146 0.0017780716104150085 0.000979356194042335 -3.5772323590374784 -0.9400866806685473 -0.005224346004307752 -0.017860314403303337 -0.385090064302239 1.3459255692507055 -0.04846483981566836 -0.020137051083014813 -0.02748141857504738 0.29166815217001707 -0.04586286971455775 -0.025488245761500043 2.124619414569483 1.994253685506667 -0.05451735170284565 -0.01107789433857332 2.6229570654256884 0.983883523380511 -0.0273460500791447 -0.019491856670193722
1.9390923817345822 2.276609452712148 3.5875858886469194 1 -3.7654486584232223 0.08026627828634791 0.012779867467563042 -0.01697191000338495 -3.647941387574357 -1.047529223342443 -0.009758313989753895 -0.010555928939318832 -0.5335566272167052 1.2505621969950038 -0.005839276716412567 -0.015567681538254836 -0.179183446828457 0.18646591909477683 -0.008461893753186487 -0.01741686231402098 1.9364498448564689 1.9271164402347751 -0.027299122936332056 -0.02515377269486975 2.498216091715843 0.977185532168446 -0.03447237775091187 0.014661375018032132
1.9476380203630261 2.2850298568462875 3.6346334628682104 1 -3.76741212920619 0.030328759376807124 0.010503607227978225 -0.01665694645676906 -3.710122286990684 -1.1710867014157325 0.001060543912766877 -0.016446308354048342 -0.6222050674185682 1.1286073648691564 0.010859063164157459 -0.021424192574447425 -0.2961314514448885 0.047939233397001235 0.007085992532490299 -0.021061527209481137 1.7950193818977382 1.8800926733119678 -0.04817240741480914 -0.027104937936870546 2.375834713793549 0.949318946176698 -0.04590987999785959 -0.019597348347414473
1.9492359415213456 2.2785477885739076 3.6653633202431157 1 -3.783862513444548 -0.03677216322647758 -0.0073607690955162005 -0.014039934828283312 -3.7337777580736766 -1.266432532341573 -0.007006705129463562 -0.014992549008815166 -0.6730309779588097 0.9923384663042232 0.004267176217889187 -0.02163270366655527 -0.3412192664996203 -0.10181361534708244 0.012443412365167125 -0.0244151534639964 1.6856749485639115 1.8421805112852314 -0.01784802869887462 -0.005728713149904568 2.280884020845776 0.9172611368278338 -0.013654061264846598 -0.0015617595605347187
1.9707829183309233 2.300158617515158 3.691599543581856 1 -3.767135401783932 -0.1049205133595349 0.021138602686437635 -0.01925944313012205 -3.7526861733006855 -1.3247916961652513 0.0053948907939674745 -0.0015802993527723836 -0.7126559457220796 0.867499837133979 -0.017159518808929335 -0.030960594109452573 -0.32525171407494025 -0.22214930884759954 -0.007525133342564924 -0.020795882404813736 1.5827171119173524 1.810394544455348 -0.033137889322118655 -0.015603376759989806 2.22774598355075 0.9094275854373866 -0.016993011946477336 -0.00818633683818791
1.9991237882641124 2.3480418715005076 3.7111008666753267 1 -3.7208298583363 -0.1688290906165404 0.020736299558730076 -0.01769541477083268 -3.8079360091035044 -1.3636384146143914 -0.00457639036132672 -0.0009755845234522538 -0.7135143416215954 0.7707266803710342 0.0184165271027815 -0.013675830541092176 -0.2853803284544245 -0.3113354257868316 0.020497838227417915 -0.010285867368626255 1.5090669457778585 1.786180602061222 0.0037224960552933242 0.004714294099339603 2.220516492204693 0.9285191787535831 0.011004343578404355 0.015923452034344844
2.061362234805042 2.442638786837926 3.6821428760620307 1 -3.7109445911577805 -0.39954366403263797 0.01527389527857096 -0.06950899067407257 -3.858306320761006 -1.5249624196274363 0.0011098341888349864 -0.043669224654553494 -0.3842147757296228 0.6894940936329985 0.09680527453770146 -0.0031792914617951324 -0.1303484137327997 -0.268146324590641 0.07416681799399397 0.021098646670975475 1.521448227906368 1.8105878624077962 0.0054868941737733455 0.006287855932873405 2.2974482202153483 0.9507527543157235 0.025673609772139415 -0.008412978224262707
2.2701039859293486 2.603005105379194 3.5597082393515627 1 -3.702053381591426 -0.7822458072199184 0.0013008931678522265 -0.06707418808036147 -3.9746070836097407 -1.6781747821858426 -0.03793056551684142 -0.032938612962357255 -0.10491861285078308 0.6504114167513602 0.04293486255535915 -0.022537586309255057 0.19692656119016316 -0.23557964017286503 0.05160917689072385 0.0070026231076755555 1.7496459178804855 1.8833974944827263 0.05636764423148145 0.008418917705770744 2.5696756791500404 1.0509489276433435 0.06048113198421039 0.03669636486290726
2.3874785253006645 2.809013716822958 3.3495012460112163 1 -3.745080107672961 -1.054668626955682 -0.013894668783688658 -0.05000789716119328 -4.096117331523821 -1.7730512262143665 0.0039574267850831565 0.006984152845508865 0.2034797461389095 0.5979747441181436 0.054902357780440454 -0.018782062975245525 0.46125210573033826 -0.23296281391069806 0.026226668307506442 -0.0077456129861120104 1.9996567515717967 1.9424549519344843 0.06564586312673934 0.03067692846764672 2.944543518903841 1.2915500915818803 0.0862775992266681 0.07930068111969896
2.5929784519663954 3.05100260324826 3.2260016223882673 -1 -3.776231216811726 -1.1128748196425908 0.0019026281628609473 -2.140491044928458e-05 -4.087466250628327 -1.827950456664568 0.011735305920109938 0.0032323694902763444 0.493297030018776 0.5398656199409879 0.053642303899628624 -0.025213771145754516 0.6711174654952794 -0.2537406920846905 0.04279559608484539 0.013177344358722896 2.254545940269411 1.9976614718420653 0.05556609213338668 0.02861905641722085 3.2730103171727443 1.5696204139391972 0.06415125157915356 0.05265862425767405
2.8772329409172537 2.9963628008024186 3.1694226271671835 -1 -3.7260793004748445 -1.0521689497388738 0.015523187985341864 0.01621285725576272 -4.034849455873233 -1.7688704328221183 0.014338703996199579 0.02626876033577424 0.6797205913055242 0.48760470602998685 0.03690488836917534 -0.016206515038597588 0.8973072773756474 -0.25634196061490555 0.03738472615038068 0.00924848568474785 2.511898138849249 2.102615945618858 0.04654744003457052 0.04091523598628967 3.5120088872740958 1.7585344951342021 0.050331907007887255 0.04017634147544985
3.139935989151149 2.816633788278241 3.1432668264214914 1 -3.636891000913026 -0.9260187151478955 0.01714104327085438 0.02516708120257337 -3.9547264423080257 -1.6369034297391731 0.02510027781186201 0.03242075003130379 0.6082188226534111 0.3855845111240839 -0.008529579048638465 -0.041163302030362336 1.001397669253472 -0.38276765569225046 -0.0014601415033731425 -0.01708070666446214 2.8948219413481224 2.1996231125017105 0.09552066371203562 -0.004797015834134142 3.753240623657808 1.845265442022701 0.023080332274324347 0.024173598279570337
3.097483291830077 2.84167605447721 3.0861893006151164 -1 -3.5732408890369567 -0.7655393681083092 0.00665575181025712 0.029311684020709244 -3.828015228154238 -1.50651612523772 0.026194278507274224 0.028231673059153542 0.6360632236717763 0.24592449643796432 0.029013921883799147 -0.03589326510134279 0.9910048500678768 -0.5156852505188417 -0.0005198715991807917 -0.0042665295037618445 3.1855749175872186 2.267558530193171 0.055433017747454946 -0.013176105389338263 3.9592292160417912 2.04726846676948 -0.017075996433295527 0.053844142234050055
3.1000345525300763 2.8282133319660225 3.071225229521158 -1 -3.5423957159252573 -0.6168260127241882 0.007148451731042415 0.023190807783124545 -3.7524443313625078 -1.392950476094296 0.006600746679645223 0.023370141943286505 0.7400485456551111 0.15059549670458883 0.033547694442290985 -0.03972363052854447 1.0870343831804998 -0.5712953977624089 0.01894744521659679 0.023920437970292436 3.2445649490579056 2.3487644788930133 0.02427162120236776 0.01667251741643926 4.020417384895799 2.22051761846443 -0.03506998030583538 0.021865514033074136
3.1061854241673124 2.813925590787707 2.9926882099516696 -1 -3.502469568037901 -0.5172310416131947 0.004674301060818816 -0.00027615681378737045 -3.740004300881445 -1.2921496269216761 0.011556048671785057 0.03332802590637956 0.858295319858505 0.11205689186030265 0.011144372116455914 0.021093504898027964 1.263858268762939 -0.5749500810377536 0.04388201135004276 -0.028773703318937943 3.196931897480736 2.4184937722533992 -0.043089039538779295 0.007232427318099354 4.006254663827885 2.2066485721204923 0.03364240685203701 -0.018034530093710664
3.0812546991078817 2.8838211588646283 2.9254555305718792 -1 -3.4868002719236744 -0.4593741951027086 0.000920637225021346 0.025616495807908056 -3.68271113495791 -1.2248029279396593 0.009160051726327244 -0.007562710310269899 0.9728084676891466 0.11108699464312966 0.001793967231902921 0.022631636449264282 1.3774304937270747 -0.5992661883623583 0.030980230071528482 -0.03534914507893314 3.1412330445905576 2.3677188344373294 -0.032313297553419176 -0.009126291157915222 3.9870794558257856 2.1705730349004573 0.031763927855015285 -0.01745577663874117
3.0378871439383386 2.918785890063054 2.860057173690697 -1 -3.488881831929941 -0.43686113287505146 0.0025792141677969333 0.023337799046075386 -3.6076999077535206 -1.1803692899963971 0.0026730647291014625 -0.013182058372468254 1.014840682160095 0.08224501862831435 -0.008397493626806078 0.01105730990348666 1.4351623935763307 -0.6546732370904257 0.02010927920779053 -0.03788466731471296 3.1310376649308616 2.3099181848789185 -0.024170585741192734 -0.00249982463831833 3.9733063826319484 2.084974549853456 0.028681070627771293 -0.032456304028753234
2.983305117399855 2.9748437764867175 2.7989328554062283 1 -3.476676092800793 -0.417623784343647 0.003154271490333834 0.026246204392681535 -3.593645033333665 -1.1493485024247423 -0.009816851366621662 -0.01540742081236831 1.031334741104784 0.022170403236461578 -0.008728380715300004 0.0067961515323170015 1.4404342995986212 -0.7341072788567804 0.0075285240153193005 -0.041536471121852894 3.126228091530372 2.242195535356318 -0.027622091056476804 -0.013341824395581623 3.9591435589418413 1.9779067802924688 0.03043192496235505 -0.0254519019007078
2.9132165946911504 3.0405319090936826 2.7411606291947814 1 -3.4776290289514513 -0.3781221396390938 -0.0032424863751405984 0.02869104564427671 -3.6165001926905482 -1.131030951435325 -0.009872705941925162 -0.01678829733279386 1.024648193273304 -0.05484420505437515 -0.01600504308191503 0.0033017177233450688 1.3983619015813016 -0.8259239914151345 0.00015968827217808634 -0.04284508534245263 3.116511448558569 2.138841536163055 -0.02565812335467335 -0.01140949887054302 3.95462646227155 1.903757500828923 0.030617030904861984 -0.02736296992470786
2.8731572224082926 3.080307344306195 2.691221682988144 1 -3.506474579391592 -0.33218373709457427 -0.0062749550957941335 0.025270241996690347 -3.6259736154179456 -1.1269382381263913 -0.006048993690297929 -0.017506659119592982 0.9837591976657274 -0.1411483220437182 -0.019652774609023326 0.005632922284906472 1.3297552731799769 -0.9144347733877699 -0.005378208856376468 -0.04309297793271644 3.115752737664165 2.0572872161644327 -0.02720058580736381 -0.00988186934293268 3.9383962290199133 1.7847255505125896 0.027106612625717626 -0.03732935045862441
2.8015061122967353 3.1301956049368003 2.6615126010058314 1 -3.525059768954973 -0.30447130224142005 -0.0006748503002639237 0.019087744349389587 -3.6357785276232804 -1.128267670741468 -0.008943639744926273 -0.015517308271747285 0.9307845579066258 -0.20977493530322233 -0.02059063689105171 0.009645166564095947 1.2426544118098164 -0.9976772153800125 -0.007963955511037221 -0.0420810331876576 3.097381917159071 1.943250080033272 -0.032102457729750816 -0.018624632682668875 3.9107551953767405 1.6542329085779426 0.026352412463767082 -0.03632234693476933
2.5779711870108786 2.9442292216408164 2.7482989669233633 1 -3.553061320869356 -0.25489266695359725 -0.005484556818496433 0.02578642153473184 -3.531174825596204 -1.160124606429879 0.04552564689324145 -0.012026048412379522 0.8181028843637215 -0.18011182002274462 -0.025611843279008728 -0.003359182966522248 1.1351727206404858 -0.994288899269229 -0.03705659782584008 0.040287525760395765 2.932874251636761 1.8439702314137532 -0.06883552942590271 -0.03215748455115269 3.77351357389467 1.472934378378174 -0.04099176338887116 -0.07300441662885078
2.132358052908843 2.5296373501061717 2.8164320867275574 1 -3.5690965916890596 -0.13812499722452698 -0.004359683331454499 -0.0034761547686624865 -3.3468068427395314 -1.0981203127350605 0.019052618860869563 0.04927953342662836 0.6054204820623541 -0.03649676444219074 -0.04919147333111534 0.02958866262479052 0.9712014346324551 -0.9165795418416534 -0.04290432194837406 0.019150444765671154 2.611540229947561 1.7219705056722234 -0.08062575817537249 -0.03625939335743704 3.4579521083045197 1.1015216878263967 -0.0831286697851197 -0.08854673994471894
1.7662996233018282 2.1082000285504976 2.934067567432234 1 -3.597335668854943 -0.052046390122703845 -0.005378375142897628 0.007651564759266262 -3.3771147989894583 -0.9663994839136354 -0.018885301046557335 0.023206522884106157 0.32556829849675406 0.13019583219757047 -0.04010326395056752 0.032405472942433074 0.7092562114626375 -0.8782099437905211 -0.05097582175584261 0.013677166568915409 2.299469562403127 1.6083031773290233 -0.08450224322923246 -0.04565490895837206 3.0530601480297195 0.7885482808464765 -0.10567473030640664 -0.07237095245942689
1.5164047056410506 1.7840873137842175 3.14602729663022 1 -3.643138027355314 0.02502453486376144 -0.011373863573684391 0.017711343220801277 -3.5245357893773197 -0.9277254725034837 -0.03265484805888065 0.0032632791818258417 0.02889343338225192 0.2422838673634753 -0.04912625838546954 0.019879865737200086 0.34368062674631084 -0.8618564845023184 -0.06856750093322217 0.005918792868146509 2.071999286461244 1.5193093705703888 -0.023463471582329205 -0.008478724067076303 2.715103836833559 0.5906820410571747 -0.04657725579848811 -0.02502377287011095
1.3130715355130327 1.5140554093945884 3.1344435539180178 1 -3.7390112736988503 0.17646487437861258 -0.03631062199809426 0.04171891730954269 -3.676429551985037 -0.9247784767839244 -0.03238327886725755 -0.00039999099109441945 -0.270067362626901 0.2944548260708584 -0.0601219413811505 -0.005866423738996323 -0.039844857655381816 -0.824035689093918 -0.07815207281015812 0.02540151490849878 1.929279880990694 1.436992775123349 -0.036095338730636264 -0.026580904552223266 2.4345877718188342 0.4405106193791679 -0.07091892982658923 -0.03110185559054448
1.1372341995172075 1.2724723118898371 2.9208550787325103 1 -3.902661906345706 0.3741609367653662 -0.05389974307029586 0.03255786997824735 -3.7133379759478276 -0.8743077242044616 -0.014516127741413441 0.014403680587934842 -0.552507466093612 0.350962121500771 -0.06888898890758471 0.01053044449830592 -0.33684558230969674 -0.7673202695569222 -0.06235257736335043 0.012790328453091108 1.8385790730397629 1.3658035335094105 0.007622029562280808 -0.0028068824246963373 2.19579278098876 0.32932393647878233 -0.016092121077310166 -0.012015063055283558
0.9869633541995056 1.0766095150931503 2.719419403722779 1 -4.083036501149006 0.5224356501637646 -0.042685440511919 0.016287762959367735 -3.6962510266255766 -0.7500436189725128 -0.018810601300351105 0.030797150724625855 -0.7455053045348063 0.4569076973920909 -0.044921245100040606 0.019617382915380656 -0.49909422788523106 -0.680988346505238 -0.03890255059507465 0.018755652692967275 1.7460636346117449 1.3172289533830677 -0.00033174933779607507 -0.005434951343291911 2.0032317467065903 0.24583519559851474 -0.014016445069532972 -0.0075394398061001035
0.8400753415516595 0.8925895075374913 2.5515891461437463 1 -4.173316995672196 0.6156765057466445 -0.013704929450437487 0.021870469354081913 -3.7173296121701007 -0.6020297210883834 -0.012107612924966843 0.018556119407246437 -0.8061905671364498 0.5976563180598691 0.006733124665355731 0.01832688375093465 -0.5652920910714339 -0.5788431644517311 -0.005446956241936416 0.033826161312053835 1.679983550970964 1.2995051381197165 -0.02656110600716418 0.00137024474972584 1.8812095809038807 0.197268760347713 -0.0376508110687711 -0.012863847914095752
0.7181320044662415 0.7350678759641117 2.4112401613336907 1 -4.191724711195835 0.6633184126703184 0.0019721205197482817 0.0013580285704409547 -3.7339840053178417 -0.4870712611232081 0.0033082201231716124 0.020120704939029902 -0.7690067798533593 0.7274374591283896 0.00017285974984532215 0.02133435623719112 -0.5876751249953673 -0.4766956782813949 -0.01323660300370219 0.01873770585798358 1.7041529504194726 1.3213713980393496 -0.009231722379653641 0.007306573796660583 1.8296399614132604 0.18514855034277988 -0.03220208305264572 -0.0034649384109908324
0.6275148544357149 0.6137362503522111 2.2938883975979762 1 -4.231443213535672 0.6566961105803555 -0.002266674797729803 -0.008368492834549962 -3.717093511502842 -0.4224408084707345 0.01959148596816883 0.01846017951758438 -0.7052614617348638 0.8326526076459746 -0.015141320266276681 0.01468774176493377 -0.586739899925901 -0.36617457343264825 -0.02164129939581502 0.025841079921045614 1.8298147812770962 1.3514106349109865 0.05003736325227552 0.00683549820247812 1.8360554884372613 0.2042918833866787 0.029102152925415445 0.0032916398997704073
0.5420812324026468 0.4884400515454514 2.159727170008574 1 -4.296068222189402 0.6252149213112019 0.0025362887170852326 -0.004890543610555584 -3.6731276486297464 -0.37480100585253484 0.02498635371555651 0.02762561838148178 -0.6480023027555677 0.9453683664779629 0.029426546013474206 0.023655282883573818 -0.5560274747230931 -0.22371111004714306 0.023145770520161292 0.037528918721125765 2.0057273335548373 1.3575624857063584 0.04591199347989114 0.0008133016317583633 1.9050912112410154 0.2339151640835504 0.030384168175706845 0.001600969270824273
0.4685188094227223 0.37329705733253277 2.013139907485287 1 -4.355465942754137 0.611448231432536 -0.016375525194761424 0.002317696600671373 -3.651653061577913 -0.3161033830612038 -0.003047106251756809 0.004383616538671366 -0.5909793518664892 1.093567480597092 0.005836319662162491 0.04232494656078244 -0.5203276094152534 -0.03870201938461815 0.0009602620996848332 0.030893031240939 2.1892005177736005 1.3395709060735665 0.060847019207289396 -0.013855176093331804 2.013705493536312 0.251165867717162 0.052747764911403164 -0.001322284333722893
0.4185979924505208 0.2998172400324126 1.884308093691877 1 -4.380303682880265 0.619995583677865 0.00745642829676643 0.004479713425039909 -3.6599764802687433 -0.2643419618692805 0.005488617052881999 0.01721789120310563 -0.5181171682018606 1.272432700903575 0.02682665848629847 0.03342292692471126 -0.4869456537320298 0.1744663239668669 0.017375347393123124 0.047899083998103456 2.3611439883699434 1.3008490881963573 0.011349219633526739 -0.0021592482271453996 2.1019114658898452 0.24647879155726304 -0.012995723290035784 0.0026723589046619874
0.39149052050067107 0.25429776646206526 1.7773806986060618 1 -4.3722478722044755 0.6193894553783978 -0.003950763882297141 -0.0044377175854643566 -3.661026338497786 -0.2422417622384957 -0.0033323110089670278 -0.007656468497597213 -0.4437537080626699 1.4585039846635852 0.021382242316947988 0.03641095275103283 -0.4501476404237881 0.3826369788246291 0.016165290102790896 0.03836791729523201 2.503499151735519 1.2483710465318136 0.02159764636037364 0.0012757349472855006 2.150169740208229 0.22421917135666214 -0.002069481423726708 -0.011323797043991769
0.35307996502366834 0.19387567981956497 1.695388212672036 1 -4.3356410334241 0.5911460398710315 0.002836650415076445 -0.010942269788139678 -3.627111070846187 -0.24002582792143723 0.003138649181566892 -0.007984287701911646 -0.38559735869653444 1.6216926225893533 0.009321990098340543 0.021161095578529254 -0.4013623214498203 0.5548259497435215 0.01094879788957509 0.035360467757041145 2.590998624380955 1.1827421731475538 -0.004713007203471523 -0.0034989044305525838 2.160761082328505 0.19788455487702628 -0.020034411208012 0.002742831325737296
0.30441920588090776 0.11917861028045806 1.6494369250432084 1 -4.284924590943349 0.5523384302598866 0.01715140657384955 -0.004118880072063265 -3.5785513476379247 -0.24803998268002692 0.014067521527155753 0.0050478910919877495 -0.34836609172716315 1.744698530266235 0.009614529834110798 0.007375264006841597 -0.34848609262595254 0.6763165512284819 0.013665774746308684 0.03160131833323127 2.625879571061839 1.1383742635654222 0.01561945584795368 -0.013644010146203131 2.1511724969475017 0.18158669943266204 0.011478238977864347 -0.006572281330672856
0.2492835161013675 0.053430349298137544 1.656792199913621 1 -4.238051787893854 0.524458330505233 0.018204460694304744 -0.011604074468862533 -3.550694663582222 -0.2658106686780338 0.0005374512786297425 0.006256345288257489 -0.33088600899902243 1.8300735416191949 0.006630493330378854 -0.0016526527602244434 -0.32340805150911933 0.7640553658250464 0.0066838860516581795 0.02726814885199191 2.635224951429845 1.1293885792533942 0.008868030067702391 -0.003179821260524388 2.114975298070706 0.19410214036979245 -0.001838813362390817 -0.0010776543144983934
0.16656981594260376 0.038660039949914154 1.5987226954388678 -1 -4.20729296899663 0.5151458340520032 0.01198885299584309 -0.009427207034384438 -3.5477895285355694 -0.2892556563225035 -0.004864787129015762 0.004532775534513502 -0.330820311615982 1.8866517524135467 -0.014487998928115019 0.013029846177183835 -0.33204925813218633 0.8133203609603072 -0.017904006578322106 0.001949913946550294 2.6314276296388215 1.1315196451569611 0.01301292572698309 -0.01603751057470172 2.053964208793867 0.222151913636498 0.011157528424847142 -0.004868874926195466
0.06861829300421572 0.13750641369996092 1.5632314339823217 -1 -4.204952247465018 0.5182602548729891 0.00659041173107852 -0.006514246363908088 -3.5584903157564676 -0.3069164238381691 -0.004883011173086742 0.007858411138951176 -0.36302204777620517 1.907054961657606 -0.02276410100746975 0.003927571577214005 -0.359185735512523 0.8324228834648835 -0.020513174365301774 -0.0015398340914885137 2.606221961636459 1.1445103279847997 0.00731865436814208 -0.0010097012450017411 1.987509201631518 0.2499509579965078 0.0006549107460964137 -0.0076408456877366665
0.02297756794192383 0.2249791048544512 1.5626772864763268 -1 -4.2337922191570465 0.5312684091229278 -0.003579454467371768 0.005472271988075424 -3.5722156079781895 -0.31198079208847207 0.0009310717699462694 0.004878239752706238 -0.42977161386100526 1.9018389981836372 -0.013453577132378318 0.0002087903540213161 -0.39038928832351516 0.8199315683670236 -0.0036190669954248335 -0.0074846739238797364 2.5608570327831632 1.1640908883390955 -0.020197852283822357 -0.012084973420911974 1.9264786982703708 0.28081914526416263 -0.005017586767048818 0.016958060318084594
0.12708189747946305 0.3405809917703734 1.3115011238171197 -1 -4.287617964346725 0.6555436759609421 -0.02118377504257102 0.0418448083597635 -3.6963409890104373 -0.2692914318581545 -0.02067030725898297 0.009377183171838867 -0.5262528157289337 1.9656949464197977 -0.030408538090500873 0.023999353371821845 -0.40591852802715067 0.9188402347877334 -0.016583543530949707 0.03938019466292762 2.6050585974855736 1.232603684218625 0.024567666904197247 -0.017241461028627683 2.0754880178784045 0.41450675231945633 0.07418496520452583 0.04581062503180455
0.06733830754192989 0.3491555228945964 0.8352289797890169 -1 -4.442442167521334 0.6963658990567687 -0.05133863757033566 -0.008054678377056115 -3.7593196933124715 -0.08857521938989621 -0.008524244834399862 0.04720382748216004 -0.5016545376751922 2.1355171900496392 0.027692927353539707 0.054308435013234645 -0.35430982219710927 1.1760190697607054 0.02494367997257622 0.04547657280374697 2.961279099980631 1.1342853547131289 0.11095655521477749 -0.01888043879188236 2.392220410760669 0.5069856536879451 0.03950042976346256 -0.014628227620206406
0.012880027093786552 0.34508267086522654 0.5024029992979012 -1 -4.649138915545328 0.7056255165231986 -0.01706441170753848 0.02192578759994279 -3.87344515681349 0.16007103815550638 -0.031621577205711994 0.0554732237738457 -0.2557414620958376 2.342384471547557 0.056920308151439905 0.029804027834708847 -0.1688226371472794 1.4656923971931421 0.03777062851559179 0.06437343928492201 3.3369855112338103 0.893036835170111 0.06596903188945634 -0.03642099148641949 2.6630405387614164 0.4353404291047751 0.04249862996076723 -0.03523070984427621
0.0004412154321255196 0.3976219209517141 0.3443592967546453 -1 -4.703887341323347 0.838621855366841 0.019879539525233934 0.011534979392014439 -4.048905986664529 0.30796360334748507 -0.03452963149425135 0.03502366083053879 0.09750069663807626 2.5166049116668754 0.07102265882734955 0.004969138848013716 0.12004939065715892 1.7043639275421834 0.05489194254049363 0.055171235272403585 3.5556196891906815 0.7099592234741516 0.020193589492109396 -0.04441439406777161 2.874415256126028 0.25283399650121074 0.04557160668869918 -0.027673030086596606
0.06270985181238638 0.40092706944455736 0.1493028031226293 -1 -4.648818530069134 0.8720994245940386 0.040531771090051405 -0.02036989217793409 -4.077898821699771 0.40012032288716637 -0.00030275951874064386 0.023012220983822152 0.4257823019442011 2.60850712961493 0.0563134265750126 -0.01987021468423221 0.3737307367612779 1.832243430440474 0.0434384970756107 0.04054952468567273 3.71851953869953 0.5124723791463401 0.0006742912012332875 -0.05807102535779962 2.9978393294018773 0.12467528417947626 0.047241602808267905 -0.008838003766478218
9.068514 1.4405389 0.50052464 1.4252753 2.0528674 5.4784384 2.646659 0.12264657 -0.13404489 1.1420782 6.020725 0.7009455 2.7505078 0.6231928 1.0651777 0.29679632
9.153683 1.5041676 0.58584285 1.424473 1.9848926 5.3810673 2.6623607 0.14107966 -0.12106818 1.1551079 5.503445 0.7094189 2.7560353 0.63960004 1.0630269 0.24324763
9.190382 1.4841274 0.5581837 1.4266617 1.9755083 5.3647633 2.6655636 0.17013705 -0.12225562 1.1563114 5.5107083 0.7078234 2.7657285 0.63869685 1.0659125 0.20029819
9.177397 1.4399436 0.4945345 1.4255022 2.0238738 5.4335837 2.6547303 0.15656698 -0.1337927 1.1462859 5.8204527 0.69871736 2.7607675 0.62549794 1.0669175 0.24502718
9.135883 1.4058228 0.46595383 1.4274669 2.0536757 5.471448 2.647682 0.1737988 -0.14051163 1.1415572 6.0631905 0.6966994 2.7587461 0.61716676 1.0691533 0.24895549
9.114205 1.4355785 0.477288 1.4313419 2.0045357 5.3882146 2.6630416 0.2545672 -0.13094676 1.1531582 5.8434563 0.70469356 2.7796593 0.6268956 1.0706222 0.14609861
8.980936 1.3151753 0.41752744 1.4411626 2.1044157 5.518155 2.637826 0.30112827 -0.14979303 1.1384403 6.662846 0.70180136 2.7665567 0.60380995 1.0807277 0.16239846
8.767757 1.2754188 0.39940095 1.4679971 2.0584035 5.3921847 2.6598787 0.6132027 -0.13575006 1.1607481 6.900777 0.727234 2.8186998 0.6142525 1.0993803 -0.15558696
8.380961 1.112911 0.323645 1.5078149 2.2435327 5.547882 2.633997 1.0276036 -0.16008526 1.1528666 8.478528 0.7421833 2.8229356 0.58108795 1.1334304 -0.3445785
8.308965 1.1804671 0.34005868 1.5163221 2.2057652 5.4414096 2.6550076 1.2107456 -0.148875 1.1688068 8.277701 0.7542186 2.849465 0.5922331 1.1380298 -0.4919387
8.145204 0.96154654 0.24881208 1.5204268 2.50679 5.890097 2.577428 1.1186582 -0.2058323 1.1164234 10.014597 0.7282258 2.7676103 0.52876717 1.1493609 -0.18283498
7.7157288 0.79941726 0.19963884 1.5588675 2.3802435 5.746665 2.6042614 1.3982557 -0.1806143 1.1441147 10.560273 0.7709559 2.8531973 0.5442285 1.1744349 -0.647889
7.9036937 0.7786675 0.25627184 1.5310698 2.5055003 5.9848733 2.5556993 1.0682883 -0.2113818 1.1087387 10.718715 0.73898363 2.7683165 0.51644874 1.1567385 -0.22992408
6.3888283 0.9932953 0.5153419 1.5386894 2.2645555 5.747711 2.5945215 1.4973464 -0.14474565 1.168089 10.787645 0.8422103 2.8441062 0.54877216 1.1227008 -0.57393074
8.131549 0.8060532 0.37634063 1.5018752 2.594139 6.1293254 2.524129 0.74889624 -0.23390776 1.0810447 10.583838 0.70794535 2.7029452 0.49846464 1.137347 0.13078737
8.524798 1.0221967 0.532922 1.4589916 2.4400835 5.972432 2.5486348 0.36489445 -0.21417111 1.0869797 8.962513 0.6899296 2.6882677 0.5280564 1.1010847 0.35746002
7.6447887 0.79799515 0.7112547 1.5133919 2.4265926 5.891199 2.5373735 0.85514146 -0.19838488 1.1143385 10.480824 0.76551425 2.731338 0.5246539 1.1298094 -0.11864436
8.0793705 0.9128262 0.5725662 1.4893508 2.70712 6.353918 2.5069416 0.6461737 -0.25282753 1.0601838 10.692218 0.6888415 2.6643312 0.4782691 1.1302025 0.35862017
8.267421 1.0183239 0.6759437 1.4695045 2.7446108 6.410886 2.5031626 0.5317517 -0.25961584 1.051713 10.228425 0.6704306 2.6297026 0.47630012 1.1163421 0.5666256
8.155498 1.3227482 0.7719937 1.4698081 3.107492 7.1750765 2.4847827 0.7215792 -0.3018732 1.018698 10.352811 0.6304351 2.546988 0.43380922 1.1298246 0.96052545
7.874193 1.833884 0.91261226 1.4960136 3.5963545 8.2466755 2.4997919 1.4107411 -0.3422485 1.0016491 10.19813 0.59207404 2.4794607 0.3929329 1.1696575 1.2367496
7.6610413 2.1043818 1.0021617 1.520217 3.8964324 8.889485 2.5087383 1.8997265 -0.36683625 0.9935683 10.287414 0.5736383 2.4468162 0.36710268 1.2007816 1.3347359
6.4909325 1.3350997 1.0314991 1.5132664 2.9650865 7.6611967 2.504259 1.0318305 -0.25154585 1.0567123 10.993737 0.71863115 2.6238575 0.4461283 1.141204 0.58105075
2.8577015 2.3594143 1.1633852 1.5259358 3.1685138 9.567654 2.5587184 1.8847015 -0.1980424 1.0850651 11.198587 0.7986439 2.6750956 0.41486627 1.109744 0.81776595
0.7534776 3.392439 1.2178326 1.5547926 3.2025971 11.018194 2.5715427 2.5629575 -0.17555958 1.0865943 11.114734 0.8367187 2.683539 0.38120073 1.122119 0.96291894
0.3017869 4.1134276 1.2334063 1.585618 3.389741 11.694088 2.551568 3.0452027 -0.18621242 1.079101 10.921056 0.8310641 2.6452699 0.34999448 1.1571839 1.0967046
0.16818142 6.772149 1.0938826 1.7313994 4.227417 11.357525 2.458356 3.6528788 -0.17424685 1.1154149 10.028679 0.8858364 2.5775661 0.31189 1.2952001 0.85289013
0.49906635 7.5178876 0.9803861 1.7591376 4.2735925 10.9266615 2.3877425 3.5133407 -0.16499358 1.1127255 9.660191 0.89614505 2.5453577 0.29916912 1.3260045 0.8680753
0.81428194 8.182971 0.8914073 1.8088063 4.4629636 10.86423 2.3188643 3.6300364 -0.14898121 1.1193663 9.046699 0.89836895 2.5141077 0.28653288 1.3841531 0.8780055
1.101439 8.924404 0.88580656 1.8770401 4.6871204 10.83198 2.2404475 3.7496657 -0.1243819 1.1326766 8.315445 0.9162948 2.4683478 0.27565765 1.4610245 0.81551135
1.6398318 9.978442 0.71126175 1.9575417 4.6551366 10.701735 2.089988 3.382547 -0.0841195 1.1245801 7.2078624 0.93221146 2.4114733 0.25816512 1.5605333 0.7814846
0.7613907 10.467051 0.3186581 1.9906836 4.413321 11.117134 1.9025648 1.9095638 -0.053602457 1.0633844 6.304721 0.90809035 2.420487 0.2681501 1.598077 0.7664739
-0.22629976 9.129828 0.3815726 1.9119923 6.178916 10.155056 1.570516 2.3112724 -0.032329798 0.9123221 4.0841303 0.73764074 2.2141488 0.25124133 1.5545943 1.7005773
-1.5345702 7.9458246 0.4125203 1.8934041 8.345691 10.118826 1.2779055 3.0067248 -0.075641334 0.8351145 3.1207135 0.5627121 1.9952034 0.23170435 1.5539355 2.2462246
-1.8021235 7.706627 0.37339342 1.8324907 7.4807224 10.264089 1.1765054 2.0549388 -0.07449818 0.72033 3.030357 0.5296606 1.9177455 0.212793 1.5245413 2.501926
-1.6306858 6.216835 0.59418917 1.6156313 4.0843477 11.8726425 1.0678256 2.6127448 -0.09703213 0.4682144 3.6902528 0.40936923 1.6748126 0.1259718 1.4255719 3.4303393
-0.9679508 5.3502965 0.8150786 1.5278704 4.3608494 12.348242 1.13876 2.7031007 -0.16555023 0.3808775 4.5151362 0.31020445 1.5238485 0.07384145 1.3941667 4.207054
-0.6702957 4.756161 0.9952631 1.4348116 3.6219404 12.950562 1.2339886 2.816061 -0.19386643 0.2975911 5.023772 0.2547456 1.4584478 0.03747046 1.3517685 4.8098683
-0.59612465 4.738693 0.9239917 1.4292186 3.8124027 12.099638 1.20607 2.726892 -0.17253709 0.30907023 5.0295277 0.25746757 1.4656134 0.07644105 1.3363943 4.7112184
-0.47944784 5.170184 0.8695797 1.4894798 4.9712925 11.706998 1.164705 1.7922692 -0.177221 0.3742484 4.965792 0.29834974 1.5071958 0.08578479 1.3603262 4.602867
-0.30420542 4.876395 0.76921046 1.5251997 5.2383437 11.334902 1.1482519 0.729231 -0.14515615 0.41876137 4.780966 0.33918595 1.5975965 0.121548176 1.3762913 4.2510643
-0.4783349 4.465996 0.9300239 1.4828603 4.117016 11.54596 1.1505123 0.292202 -0.10604578 0.42775422 4.732433 0.38958985 1.7390156 0.13616657 1.3433957 4.192427
-0.35875177 5.2785406 0.9586241 1.5494863 6.237312 9.95755 1.1486326 -0.81861067 -0.1733461 0.6099175 6.551671 0.5345175 1.8304063 0.16632855 1.2846718 3.4323416
1.2634056 3.715324 2.2642603 1.0004783 -1.0761209 11.590359 2.9916432 2.8815298 -0.101904035 0.3274778 8.080874 0.53352714 2.2466807 0.16961634 0.94711405 5.6984587
0.6023226 3.1504772 2.8361592 0.8366911 -1.0271964 11.123219 3.529318 4.291954 -0.18402874 0.36489886 10.895556 0.6023115 2.3213797 0.1982857 0.7472371 5.530832
-0.21700859 4.1616797 2.7298255 0.8932158 0.299128 10.963662 3.3406162 5.0976353 -0.26452065 0.37377077 11.427123 0.5677254 2.192041 0.16117573 0.76159424 5.406952
1.0441775 4.795348 2.752623 0.94029266 2.6429129 8.318285 3.6171908 0.6722077 -0.26759654 0.77838004 14.605381 0.865476 2.182944 0.34779614 0.66452056 4.629175
1.7063582 1.3292437 4.2106586 0.70534164 -0.59719485 5.345895 2.2656226 -1.3554189 0.077513665 0.8375722 14.325226 1.1394606 1.4252596 0.65521526 0.43198523 10.97444
0.43575382 1.6123484 2.9811373 0.08378297 0.49342772 2.3719854 1.9820948 1.1841418 -0.18681532 0.58583814 14.340961 1.0719942 0.35359627 0.7019437 -0.04809171 6.1100807
0.30720043 1.8362507 2.8248985 0.06211549 0.44741455 2.2925289 2.0475235 1.1344789 -0.20023215 0.56848323 14.456576 1.0600634 0.4043141 0.69611746 -0.07201743 6.137688
-1.8067532 6.6319537 2.623918 0.05243838 0.7415622 0.68918514 2.0191483 -0.5400659 -0.19122714 0.5823631 12.946404 1.1821877 -0.045485377 0.73017704 -0.20685923 7.1532927
0
0
0
0
0
0
0
0
0
0
2
2
2
2
2
10
10
10
10
10
10
10
10
10
10
5
5
5
5
5
5
5
5
5
5
5
5
5
5
5
5
5
5
5
5
10
10
10
10
10
10
