14
1.5936093181636761 1.603256358605883 1.3300375934536588 1 -3.54 0.040000000000000036 0.0 0.0 -3.5 -0.96 0.0 0.0 0.45999999999999996 0.17999999999999994 0.0 0.0 0.5 -0.8200000000000001 0.0 0.0 3.46 0.29000000000000004 0.0 0.0 3.49 -0.7 0.0 0.0
1.4599160710534815 1.553722487153849 1.306882670660797 1 -3.5668984504708727 0.05709778600611104 -0.012186448932714554 0.002734784473575006 -3.427789565599849 -0.960916370024186 0.028945159426724792 0.009078924492049823 0.4613878568486207 0.18271678021273208 0.0006101712197747057 -0.004466173188609918 0.4985395939630486 -0.8170524601348241 -0.0007258898216492116 0.006085067123333917 3.432489072564662 0.3049488076583422 -0.012933264877866342 0.00020274556780881803 3.4439421809751662 -0.7177858098951334 -0.026101785037009658 -0.00011751741065856719
1.1764206795725667 1.2161365158188453 1.3549717912584074 1 -3.6096749753413007 0.12599913206729596 -0.0008781769667453474 0.017969458955094365 -3.311134643748865 -0.8810537720019075 0.012214601494978754 0.024797372300599224 0.4474436463147802 0.19944973151746304 -0.006127180874041888 0.0010356457931865615 0.479084927187607 -0.8288602328709905 -0.007658064361720086 -0.0005612463479313171 3.330040712171484 0.3576773231208532 -0.028081245308235917 0.009592410773130711 3.2632639002042554 -0.7247782781153895 -0.03958103099215806 0.010744618560615026
0.9105604621589618 0.8465950788062128 1.1397250408413777 1 -3.6170161862088386 0.18122008187464345 0.007178704182828231 0.011761425806873518 -3.347243963682468 -0.7852483407029587 -0.009320889517171197 0.010484723900504289 0.3872614992084884 0.23041206202396358 -0.017582521538043162 0.0043461459892336594 0.4162452444362028 -0.8510010927502716 -0.01737992785460573 -0.0004490470623176399 3.1593215290170518 0.4422517796115075 -0.03720381901245851 0.013769719209653522 3.0895738645255584 -0.6621923646199349 -0.03195502015417527 0.01791603350612677
0.7804091780330049 0.6490036053324293 1.0418854725279307 1 -3.6063043311811445 0.21398892245140755 0.0010224550836720444 0.003773880462291058 -3.4275444014551804 -0.776688661619166 -0.012381528312998956 -0.0010819469133411114 0.26958748833147883 0.2597663154615699 -0.028374555897228055 0.004387052622325511 0.3002250069326573 -0.8484384493575934 -0.029041852044822465 0.003938747078866831 2.9782512019873426 0.5148687665172997 -0.03195644824156902 0.005371736810410237 2.916060910549512 -0.605193093267062 -0.0386282143185619 0.009956263967273952
0.6879560083344498 0.5017059577870491 1.027349914788916 1 -3.644787442996082 0.2558843515021272 -0.010999602176120126 0.014910856704059249 -3.4722953420435276 -0.7904210476392277 0.001585155809970755 -0.0011495893295282228 0.10809371637877874 0.28919112454170226 -0.018098492077398713 0.011266782249323197 0.12968581092393716 -0.8294340572481935 -0.020811495110650863 0.0008506051318168378 2.8425303454126363 0.5260551182915718 -0.025983524891711407 0.0033817879197350284 2.7055186839564556 -0.589364950104203 -0.04655766277706335 -0.003974440749588502
0.5764427197668303 0.3465759182635549 1.0416068562342622 1 -3.7453551971732977 0.33186117491489653 -0.015931799547651178 0.011933850545456311 -3.4782220412726814 -0.7736621735637861 0.004341091139763685 0.014205838386369744 -0.07392950314152547 0.3363271950270992 -0.05180567244948921 0.015502944979583525 -0.04587001407669078 -0.7880760374524002 -0.044838788447558606 0.009489180708397613 2.725043837659161 0.4942520125289771 -0.04963138788078329 -0.0035499794917318887 2.508484493433663 -0.5879166426288643 -0.06307186059706367 0.00877239383815941
0.4784365079312225 0.22706370105251017 1.0912053448485346 1 -3.8450740430614956 0.42604956588482046 -0.006611190291834379 0.017108250326093585 -3.4978377638843616 -0.7290436116833795 0.002352539449345858 0.017115915728017933 -0.22898961460068978 0.42673989742280627 -0.0070131846247463705 0.022167519156646772 -0.16781601769095555 -0.7005774851985336 -0.0030335962440939173 0.02400584909431279 2.6056787695063104 0.4759506090355963 -0.0008046349631256264 -0.010215073131650829 2.3627945194687188 -0.5899490243501826 0.0015982646689453942 -0.00535138614824165
0.3920188687967444 0.13020291478257087 1.153755435506171 1 -3.895456276600677 0.5080077252835329 0.002931028229419031 0.012523713902614853 -3.531499123492093 -0.6676102645295741 0.006259219831000352 0.019755056392155003 -0.3167203324928485 0.5542687257427918 -0.01822170364645852 0.03293506642957704 -0.25810802033182956 -0.5886980863780308 -0.02451735699923939 0.014568927523276173 2.5038804446582956 0.4744442607568884 -0.004932365802417328 -0.0008281967030075322 2.2433576748275685 -0.5954956909629714 -0.010090496309657998 -0.006480508046845843
0.3121049777265764 0.04012213678876299 1.216184504981796 1 -3.9340688734601317 0.5557008586461161 0.0019656133627145144 0.00617239679099011 -3.5420969347495403 -0.5999875703901498 0.012182426865265536 0.02160846407874606 -0.33971780828604725 0.6742338389287381 0.02004578267100206 0.020426548545183873 -0.33364302892674047 -0.4864036867531456 0.0093297991521833 0.01983275420404986 2.446738669926826 0.46760726195378766 0.010616890886265301 0.0016883707085229866 2.1340404197163476 -0.5970050552927583 -0.004758164128267461 -0.011805463395451325
0.23595925680564725 0.03807576386386985 1.2535535160808147 -1 -3.993875994800834 0.574100988328234 -0.005675955716514261 0.002356826751348618 -3.5192811250554317 -0.5259468461679213 0.015863773898797513 0.02070389137816725 -0.33675605620771965 0.7733578986399858 -0.012853747309617837 0.018625792542358133 -0.36952409719600077 -0.3979312777135121 -0.016622578803698038 0.019082730849339802 2.440727927263839 0.45216885523903194 -0.0010424861237016032 0.010103400700014538 2.053746092483009 -0.5946873908585766 -0.022907719846901205 -0.004411906808638216
0.1332966608279421 0.1695603505117198 0.8720010774829146 -1 -4.112177800994621 0.6855430663140105 -0.041323719646332274 0.02501807011689928 -3.5802376231088706 -0.33210341995783765 -0.04361380930963077 0.04890755405860642 -0.3146370077552527 0.8686457117212876 -0.005427500061587362 0.01067945881188018 -0.33278617614368766 -0.25513527505306977 -0.0038886931020905707 0.04552248381257342 2.567463706282661 0.46597518124631154 0.07004921904947134 0.014252195546420527 2.2087928148535694 -0.5035076974979493 0.0662075615294632 0.011004031605656887
0.17321563423913092 0.23503191437856066 0.4243546863361214 -1 -4.344157455579297 0.8038574623061645 -0.060872072045008704 0.003509199385553564 -3.7039140358459277 -0.007062770325242718 -0.040890352572300497 0.05990128436281591 -0.1738305683770438 0.956259270922158 0.0560087298871319 0.011175336564454949 -0.22604414729762912 -0.05872884952156465 0.04426282318449802 0.043686306305047884 3.0286782750914725 0.39500140685992435 0.11886884002410927 -0.005090762993486507 2.578272068519113 -0.41398245131615574 0.06003603663924583 -0.005437466040268374
0.2271513681273116 0.34045419075589783 0.3105284549640151 -1 -4.583977619505154 0.8234413421751758 -0.024583881174341397 -0.006663346372481014 -3.849590398929714 0.2592674853508685 -0.03482117066839365 0.030139814948890672 0.06280649631714486 1.0462382235081549 0.04844453215769253 0.0021225830215682376 -0.028510938271861797 0.14270639958548847 0.04693969478648958 0.058136178889436535 3.5116229792014604 0.2509805339213693 0.07626066395302458 -0.04238656237278569 2.945358342251807 -0.44102409001389153 0.09045326297204268 -0.01943633278718372
0.5125456 3.3058777 -0.023085892 1.4300536 1.1389635 13.84455 0.12581171 -0.09966844 -1.4205985 0.59696794 2.82823 0.5965214 1.1715522 0.41149116 1.2816309 1.4316316
0.9043522 1.279221 0.19325215 1.055315 0.21737456 13.624613 0.30001223 0.19305265 0.13972855 0.58500886 2.7248044 0.6458408 1.7362523 0.47990322 1.118291 1.4987588
0.87666416 0.81966686 0.27712658 1.0214117 0.07157755 13.669727 0.325885 0.6517327 0.43719363 0.5947714 2.6991076 0.66063696 1.8364563 0.48520064 1.131281 0.98013735
0.5238409 0.5580077 0.37718374 1.0013499 0.30542088 13.857261 0.59819764 1.8533981 0.5075803 0.6245532 2.8325367 0.65762573 1.7696267 0.4843123 1.1576581 0.8568258
0.620841 0.8380661 0.26112065 1.0213609 0.35535574 13.784657 0.37378764 0.5523642 0.41102266 0.57142687 2.977872 0.6390776 1.7645743 0.47318912 1.1111462 1.2522588
0.26587105 0.48673296 0.11237839 1.1949987 0.78933096 13.9839945 0.8726493 0.0019499809 0.31973243 0.6203213 3.6471777 0.61623776 1.5505539 0.52707374 1.1807895 2.5682979
-0.1001482 0.26543665 -0.044205993 1.3815078 1.2294319 14.258364 1.3231523 -0.1984891 0.15393186 0.68547964 4.3777184 0.5989698 1.2657061 0.58984995 1.2581322 3.9821548
0.9015131 1.1431818 -0.2814067 1.6042525 0.65988827 14.254434 1.48498 1.1776662 0.12138128 1.0134581 5.39052 0.7262879 1.0523452 0.8744043 1.3586612 6.0566015
0.39396095 0.5898113 -0.2831659 1.280206 0.8846135 14.378565 1.4383706 0.25482118 0.06800699 0.81867456 5.548539 0.61297774 0.7517154 0.75817823 1.1115057 7.369276
1.0966978 0.40688038 -0.11763066 0.8700795 0.9510796 13.908846 2.2787008 -0.12576202 0.44851065 0.9128938 6.4557853 0.60809815 0.8406935 0.93017864 0.778371 11.401112
-0.8850088 1.9357004 0.14750353 0.40361118 2.0748322 13.237791 7.5645404 1.922461 0.0930326 0.80225587 6.458603 0.51404595 -1.8382139 0.8896198 0.49575424 13.706554
0.7630892 2.9298139 0.4024662 0.54855514 -0.6491239 9.07437 10.633775 0.9048299 -0.4892354 1.0488881 7.9295964 0.6336461 -2.0905204 1.1690143 0.5962931 14.758525
-0.50309944 0.2720785 -5.120613 0.81818056 1.0635023 11.937673 7.1077967 1.6047716 1.6810044 1.3525362 7.3713403 0.83919877 0.3390019 1.3454086 0.8780103 15.124108
1.1040525 4.135977 -0.8435348 1.0303185 -1.1666241 3.2675745 2.4308858 0.077487186 -0.34661794 0.8018782 9.654345 0.62837166 1.1981612 0.9536412 0.78140557 14.864914
5
5
5
5
5
5
5
5
5
5
15
15
15
15
