3
1.5277561021145423 0.6747409422235462 0.07071067811865529 1 -3.4 -0.10999999999999999 0.0 0.0 -3.51 -1.11 0.0 0.0 0.5800000000000001 -0.54 0.0 0.0 0.46999999999999975 -1.53 0.0 0.0 3.5600000000000005 -0.85 0.0 0.0 3.45 -1.85 0.0 0.0
1.3732363979804612 0.12451024816206956 0.1880049840488811 1 -3.4229016293317036 -0.08634484374292395 -0.003046215357914238 0.013922163723327882 -3.4359165464347825 -1.1169663819793554 0.037901736919062304 -0.0005299531126358812 0.5802396979878868 -0.5380260736190522 -0.0004684524302484398 -0.004818792888751283 0.4707453933026269 -1.5301263643602594 0.0007101794286704277 0.0054354426390402135 3.536329719282934 -0.8323761015058271 -0.01227480941344901 0.0019297760397005738 3.3997815723992613 -1.8560810715506983 -0.02575125916732058 0.004253961338563761
1.0583821717476416 0.048879903561083245 0.3581274859670567 1 -3.460073096788487 -0.009556129272930924 -0.002956335479940646 0.011337657224052106 -3.3091992722644332 -1.050436535988849 0.012090116151736038 0.026103698076630814 0.5674833404461284 -0.5207540318122845 -0.006080911598826274 0.0018468497757358204 0.4519814758765861 -1.5409333714235123 -0.0076061287498917236 0.000392940594470351 3.4420889839027637 -0.7667660999275564 -0.026052438007593676 0.012845796119008978 3.219636117463134 -1.8372956900429285 -0.03712412976682477 0.01580746029570184
-1.7954154 1.4029982 1.3585708 0.90347767 -0.8696313 12.873764 1.2410008 -2.1947403 3.0759215 1.0933642 3.4398394 1.0592248 2.092091 0.69707906 1.1450509 4.9490895
-1.9925909 0.5230937 2.5309856 0.7573161 -1.5792928 13.284851 0.83618486 1.8898926 1.6731864 0.7863724 4.5349083 0.28021967 0.9752 0.56597686 1.0908442 4.606902
-0.3055482 -1.3721194 -0.18707263 0.4080609 0.67557096 12.246825 0.16476679 -2.5578928 0.67442405 0.38406324 10.569366 1.6210387 0.6319188 0.63294005 0.3946339 10.044436
5
5
5
