20
1.6365679723785265 1.678640220182247 2.352126697267815 1 -3.66 0.1399999999999999 0.0 0.0 -3.51 -0.85 0.0 0.0 0.29000000000000004 0.74 0.0 0.0 0.4400000000000004 -0.25 0.0 0.0 3.26 1.19 0.0 0.0 3.41 0.19999999999999996 0.0 0.0
1.5202524132361204 1.680116282755245 2.312330483994302 1 -3.6895554064431955 0.15748750449741555 -0.006494506942087476 0.012683864590432595 -3.4361775047471443 -0.839856608624127 0.03676227514563666 0.008708191243009691 0.28962342462530266 0.7388977313312466 0.000735194532762671 -0.005559420817883718 0.4409392925616702 -0.2507437741923215 -0.0005853711252845491 0.0049226185303724145 3.2324478940482697 1.2018264511901982 -0.012260058800569476 -0.001321257133055944 3.362046453519353 0.17796047792316338 -0.02698572572392213 -0.002790818741995299
1.2501394158935513 1.4170230837520867 2.368673277302646 1 -3.743678127432733 0.22242930273378714 -0.005711444222582886 0.009804863028963471 -3.3285098589004285 -0.7448634104287106 0.005394733276583866 0.028132188931957125 0.27225440219424524 0.7490081115720764 -0.0062805277086808555 -3.394178470070286e-05 0.4249851605886743 -0.2682797342440243 -0.00753481458431377 -0.0017796353587793187 3.126085445607255 1.2423761901993084 -0.0290096094253371 0.00594407373063148 3.180683361779441 0.15093692966829697 -0.04030519171908369 0.006414420047602955
0.9955177665863844 1.0896295422739186 2.1687212799438096 1 -3.7574765266202443 0.27235542402565893 0.004464836306277186 0.004312306112291421 -3.3748385292032954 -0.6597377665877802 -0.015410300116073755 0.010766866848313801 0.20942239077104663 0.7731911447802216 -0.01766426498394192 0.002761223553923638 0.3629322134977224 -0.2967468027504574 -0.017720138956043047 -0.0019859329377997347 2.9450207700512827 1.3059692816575237 -0.03898325039145375 0.009156676952775467 3.004234759050779 0.19391820334957188 -0.03305614921488023 0.014462444452719287
0.8871560239320103 0.9464002746768626 2.0513397400701576 1 -3.7471842629846512 0.3044303984255756 0.0018886293454542145 0.00590157781356411 -3.459261005792113 -0.6640762058840359 -0.011587682327438491 -0.0030891505194810733 0.08969735812333379 0.7910382048483311 -0.028620423892462266 0.0014874932750340766 0.2448430452124173 -0.30534412704154723 -0.02952147826584984 0.0008313703621652072 2.755171020945566 1.3577834532953368 -0.032409379900122395 0.0016346920918320663 2.826659805628845 0.2309388944482349 -0.03982421745137945 0.005514597212020335
0.8172938715003191 0.8389902199227957 1.9996060043538755 1 -3.788524736086228 0.3444057242673042 -0.01094770332133279 0.011148350828472377 -3.5036471310682886 -0.6791472222221384 0.0022814538247902154 0.0029609056579136136 -0.07441585509315995 0.802122381776099 -0.058735848007947705 -0.0009750288007876495 0.07265382353278582 -0.30544799913295795 -0.05927078171460981 -0.0012853928570344053 2.6185604488606025 1.3525491205031304 -0.0027054081449394275 -0.001397077615690084 2.610556452668324 0.22092494162274012 -0.01925139435471347 -0.011222609962801184
0.7146279726862068 0.6929074009821246 1.9569877034169967 1 -3.8999828226651934 0.4100365137241939 -0.03581259125768382 0.012372860971931526 -3.508393711184938 -0.6595012540075955 -0.013122666742762423 0.001389066892451892 -0.2605310662183067 0.8282960897715101 -0.05876009688549842 0.005761410788430367 -0.1054889068821101 -0.286053356135309 -0.05136113667139596 0.006397383291216668 2.5036862660147454 1.307619313899424 -0.011888547781629637 0.0031702864152596197 2.4115983855967364 0.19406355125967667 -0.019554663610268242 -0.015593628389686531
0.6339525886802118 0.5837679366475054 1.9282423534156592 1 -3.9901368446529806 0.5073380963358631 -0.016987800789858412 0.022109927734026116 -3.564134240163969 -0.6115614179252024 -0.030123310126339113 0.0015972018956697488 -0.46700563233669445 0.8832706871847229 -0.021038109605350068 0.017883137891115966 -0.1092687579276106 -0.19690424113922045 0.024791835108702556 0.025630676254358692 2.3845294719420203 1.2820401147900737 -0.040097469289295515 0.0035097029866287613 2.275541694122471 0.17897345422367916 -0.04200686412014487 -0.0012859950107519818
0.5704028368225271 0.49966396038135524 1.897728830380194 1 -4.010974903830268 0.560301861908884 -0.0023693126403402584 0.0003084806186032154 -3.5928513152595234 -0.5874007241348602 0.02380686580892137 0.011973703846601506 -0.5237656820193441 0.9910660185727018 0.018030160632378056 0.026052524338042324 -0.22713629161153914 -0.10795018699194758 -0.02615651123993296 0.022379038044937773 2.3137478232549524 1.2890003180754288 0.011848385558971039 0.0018326804759456299 2.199713101901261 0.1790466565561759 0.00639881815918001 -0.001409627936921648
0.5025953278764451 0.41097902710015977 1.8809178892576044 1 -4.090864308876445 0.5487163678785107 -0.005806534463980133 0.009496950989223301 -3.5289659579847608 -0.5224499764524484 0.010954104863778619 0.0220272768851118 -0.49626707592956265 1.120908365563582 -0.00471153385030793 0.022464480248937085 -0.3774101531934084 -0.03232985448657766 -0.025859536275387528 0.014771290823709378 2.312414612605294 1.2905753779199767 -0.009741280831444744 0.0057852719037543195 2.0919724155665023 0.1995367009122484 -0.04341838735749373 0.005154228701135508
0.42203716922487544 0.32293513463092377 1.9007467482634 1 -4.139721887323147 0.5835187444588446 0.009797937066539121 0.003276619541637592 -3.5526856560518154 -0.44549702615504994 0.0004432469754880895 0.02579891550150562 -0.4951345421229041 1.2163201496473808 0.0192527421478561 0.02269476152953512 -0.39001707732888846 0.059365491027281836 0.033109368043511424 0.018879220596995885 2.34538548932173 1.27886022523615 -0.0009868693099839704 -0.01176594116434312 2.0114961460714165 0.2097773765797295 -0.0072651910720955455 0.010482003045160497
0.33257033458360646 0.2041298678859244 1.872512897390799 1 -4.156133209746333 0.613479150389602 0.010398857494662624 -0.004803599172501831 -3.576468228363463 -0.40978060109761116 0.007983296547795518 0.01995669590104685 -0.5261346071120441 1.3095223057072989 0.00989443380051954 0.023654416183855678 -0.35600718867173153 0.1744219478419764 0.015516757080584545 0.026776400358120178 2.363505722803497 1.2816415620559605 0.02634534319851483 -0.00716942648426614 2.032871137753765 0.21259534096371913 0.03822396781649956 -0.0062830656798578645
0.26834947006267224 0.10858308447320429 1.8156084251021392 1 -4.185910669874116 0.5954212890065209 -0.019997687844395366 -0.014104953001183343 -3.544132426615058 -0.37317942273904325 -0.006694289743285226 -0.0017616163712992792 -0.5092119586547366 1.4282937297691292 0.03372366442398417 0.026204135579790698 -0.37909356244112047 0.30906336695298364 0.014330710432946092 0.03161644778312706 2.4013771143559337 1.2810817819856277 -0.0013556948562637866 -0.0030064386673183605 2.0622878581438053 0.23138513713853803 -0.015462578384170304 0.01280085180379777
0.23254120731500902 0.0696286030949249 1.8011488948212602 1 -4.22165684680739 0.5801069102186489 -0.016775444082373643 -0.003334943668141846 -3.51498006219741 -0.31870831014130774 -0.008957201436150704 0.0013957184428930545 -0.45325021612945715 1.5552590330035008 0.023786363262868586 0.025283565420364557 -0.42637690263168615 0.44152594400207 0.007745862089925438 0.025519978057675925 2.4869606225576346 1.2409789726442795 -0.00025323164114542194 0.000918509206016771 2.0387506831986686 0.24285479490573958 -0.03314623276776354 0.008486093457236346
0.18067113548407507 0.007983439247185494 1.699601818351295 -1 -4.249505367519603 0.6029932794802624 -0.007617869344470978 0.01151484180751998 -3.537120641861366 -0.262991755698488 -0.0035151099604896 0.007890304110552592 -0.41942547940535224 1.6703715987882837 0.006767546971582619 0.030621859951329912 -0.4318720870910582 0.5658688761516415 0.00849798738183164 0.016695085398275106 2.546143201857225 1.184634677660207 0.011695581777170855 -0.010510992804954005 2.008591042859111 0.23128051817760054 0.004277407761733489 -0.00929835269954652
0.11420733384755398 0.08417548588417792 1.6182974716952683 -1 -4.295727195941567 0.733251190077306 -0.01826720504840069 0.025911002212170593 -3.664218869758252 -0.13343581864185228 -0.036110801969423144 0.03389647362410421 -0.29162648173250627 1.7331268441701186 0.04641220963227091 0.03515683133853337 -0.15006289769646752 0.7969058700111569 0.06516520492522425 0.031176442485820785 2.5908653416985636 1.1641445858752344 0.04094835412387937 -0.008727288079989312 2.05079252259502 0.18560331104338879 0.04430588055392617 -0.028074480620807443
0.03908452198393942 0.18372465440439772 1.1773373512359453 1 -4.40139544470991 0.7661892764374891 -0.01638941257847264 -0.017142062124672102 -3.75425708721537 0.11705212768422268 -0.018295548955654533 0.060259998449826296 -0.13533467964692303 1.98157207550847 0.0043442571498061525 0.048696946688213075 -0.19716964765785328 0.9532067613098416 -0.04078849509218502 0.049524140161932406 2.887168190972223 1.153626905294384 0.07874859655228619 -0.04916122935171146 2.34845740797413 0.3014394584792581 0.09846574863010701 0.05717995179256999
0.17779928293806882 0.16580444075910833 0.6429511583136132 -1 -4.539852878117695 0.7635387567820071 -0.014817850860661163 0.004681831435212065 -3.8394214429430136 0.2836567825422247 -0.029435716239583465 0.02035962478640273 -0.0951354979116461 2.1775892472746063 0.003952720331411742 0.0484095280310587 -0.12980316984905116 1.2470951266239543 0.042703583288568575 0.04541897908112598 3.376318333371164 0.9467114995830723 0.07779306409396697 -0.06898774158005894 2.770294009046716 0.3740618064462793 0.1030278032357881 -0.011958235713724414
0.2842594463526614 0.16349206532606728 0.5353626465216011 -1 -4.63041212704024 0.8311058113845837 -0.022209835828329715 0.014586504751214533 -3.948236539667929 0.3427557860825632 -0.008294139636335466 0.009709768328704911 0.0815024188387703 2.250772961500888 0.07840794768723984 -0.002703340441403815 0.3322628828264973 1.4973506749257068 0.10271938345354052 0.03369080031055326 3.654237639924993 0.6723707462425326 0.005611631971347664 -0.06675439304233996 2.9946522663779707 0.12867588301200406 0.027402109455887502 -0.03676174681991333
0.143807934307954 0.30578143512737455 0.4546004405442249 -1 -4.65252518942542 0.8251375731285944 0.03485562761260151 -0.019101708606900872 -3.984556306140461 0.41051430884247786 -0.015555478403121084 0.026359909164917296 0.5206711794485042 2.299106190547044 0.07376719289527357 -0.037885960872529136 0.3809798782145908 1.52847726217044 -0.02357789008332935 0.04381155241813693 3.802749871997559 0.6012944594759537 -0.0036867080412036728 -0.034783115219511926 3.113238233573422 0.006663435002454143 0.06648937024962612 0.0189238372429335
1.4572797 1.3562208 0.08520094 1.8687348 0.8459142 13.866715 2.437016 1.5439006 0.37215456 1.3578044 5.871086 0.7864401 1.1402915 1.0827205 1.5632578 6.7246366
1.4574915 1.3563303 0.084754355 1.8688114 0.8458769 13.864421 2.4371061 1.5441705 0.37231562 1.3577999 5.872055 0.7865416 1.1405314 1.0829628 1.5633316 6.7265253
1.4590065 1.3566301 0.077682346 1.8687139 0.8475804 13.867856 2.4347017 1.542577 0.3750421 1.3580399 5.8852186 0.7839509 1.1412904 1.0853853 1.5633193 6.7501554
1.4605664 1.3569994 0.070882775 1.8686945 0.84904695 13.866849 2.432622 1.5414112 0.3775128 1.3582529 5.8979893 0.78174204 1.1421953 1.0877916 1.5633755 6.7732105
1.4617774 1.357234 0.06515749 1.8686095 0.8503699 13.866048 2.4306698 1.5401382 0.37947404 1.3584467 5.9086037 0.7796898 1.1427934 1.0897361 1.5633608 6.7922516
1.4634417 1.3577397 0.05875814 1.8687375 0.8514403 13.857192 2.429153 1.5397283 0.381575 1.3586103 5.920812 0.77813387 1.1439788 1.0921425 1.563545 6.8145356
1.4668307 1.3591583 0.04889208 1.8695178 0.8520774 13.826975 2.4285715 1.5417287 0.38481995 1.3587258 5.9405613 0.7776258 1.1471717 1.0964712 1.5643553 6.8515673
1.4709053 1.3609393 0.03776031 1.8705574 0.8524801 13.786736 2.4284732 1.544781 0.3884436 1.3588331 5.963188 0.77764416 1.1511865 1.1015539 1.5654157 6.894265
1.4717598 1.3610686 0.03386373 1.870448 0.90327096 13.780317 2.4272478 1.5439707 0.38948545 1.3590422 5.9707837 0.7763649 1.1516212 1.1029623 1.5653697 6.907916
1.4713429 1.3605562 0.032975137 1.869898 0.94893825 13.784972 2.4256794 1.5417422 0.38945416 1.3592935 5.972282 0.77467906 1.1506706 1.1029099 1.5648984 6.9098544
1.4730546 1.3606093 0.028306477 1.8694144 0.9898915 13.760511 2.425493 1.5415572 0.39094123 1.3603139 5.986312 0.773971 1.151881 1.1058931 1.5646203 6.9356947
1.4698205 1.3564457 0.037042797 1.8649602 1.027719 13.773763 2.4246733 1.5329131 0.38843143 1.3640535 5.986892 0.77068573 1.1466353 1.1052619 1.5608914 6.933212
1.4664303 1.3489491 0.051121302 1.8561332 1.0631433 13.763708 2.4263375 1.5194436 0.38532877 1.372708 6.005234 0.7665841 1.1393116 1.1082674 1.5537394 6.958647
1.4612201 1.3322563 0.08225512 1.8356726 1.099031 13.717557 2.4334285 1.4917927 0.3788561 1.3927547 6.0630703 0.7596828 1.124635 1.1183627 1.5375309 7.0351367
1.2685384 0.51811445 0.9330938 0.68420017 1.2588216 4.911882 2.2181401 0.41037852 -0.021464132 1.132401 11.5871105 0.45088416 0.3894009 1.2263237 0.9219339 7.270121
1.1914785 0.38488635 1.0658917 0.5705659 1.2824713 3.5792563 2.1263824 0.24344715 -0.0506049 1.1276441 12.426122 0.44000214 0.30504262 1.2297702 0.77237666 5.945647
1.1911619 0.3763395 1.0923724 0.5726975 1.3031782 3.6856828 2.1475358 0.23565346 -0.04981994 1.1484879 12.605978 0.46833122 0.31198293 1.2489078 0.7489964 5.6637363
1.1007081 0.20593256 1.2916086 0.39892304 1.3557135 1.653705 1.9919171 0.04415813 -0.09381376 1.1499552 13.5247755 0.44949466 0.2591341 1.2690903 0.507149 4.214819
1.1031343 0.21031241 1.2859869 0.40377104 1.3628602 1.6990347 2.009259 0.04764715 -0.09190656 1.1505405 13.508493 0.44948697 0.2594539 1.2688829 0.5143281 4.245861
1.1003236 0.20401904 1.2946943 0.39632037 1.3695174 1.6305529 2.0266557 0.042053044 -0.095137544 1.1508592 13.541048 0.44957095 0.2575697 1.2696633 0.5037568 4.2021074
5
5
5
5
5
5
4
5
5
5
5
5
5
5
6
10
10
6
10
10
