59
1.757714577386011 1.791834845424455 4.152168108350143 1 -3.92 0.29000000000000004 0.0 0.0 -3.57 -0.64 0.0 0.0 -0.1900000000000004 1.7200000000000002 0.0 0.0 0.16999999999999993 0.79 0.0 0.0 2.6100000000000003 2.79 0.0 0.0 2.9699999999999998 1.8599999999999999 0.0 0.0
1.6727853872760325 1.8901005594036295 4.138443400302423 1 -3.8504228116731225 0.31829560145409874 0.03562308143962518 0.011109142476764209 -3.58923051061548 -0.6700506451378035 0.00036002219334515303 -0.014795148801105738 -0.18870001050093688 1.7203239427998973 0.001997387732539342 -0.004762363181682022 0.17039217397838868 0.7899297275836128 -0.0018443245457061392 0.0049601564622823256 2.5589135050992873 2.786518639251878 -0.024505794430878927 -0.010353646995798944 2.952206785899027 1.838104993859555 -0.011329981744131726 -0.004513960756152987
1.7854409853410036 2.1242147201550186 4.08654361341662 1 -3.7103265241307137 0.2912311501940339 0.019658727359194498 -0.019871473488986057 -3.602271655197388 -0.7529480325117617 0.003104007116415372 -0.013826926405425292 -0.21170448726674262 1.728104660569898 -0.007700885520552752 -0.0018467755683162414 0.160959797507072 0.7727115189707148 -0.005631218800313233 -0.0027873910015649844 2.387532168599792 2.7222445302344505 -0.03204626728368537 -0.025343400191825616 2.8791766934377447 1.75136915182454 -0.022055636331528187 -0.019481969046139767
1.9782019201361112 2.300285200309447 4.00601662035313 1 -3.7067318724907388 0.19103358832122197 -0.01031994094197611 -0.02202208450333791 -3.589558776964873 -0.8020197167366738 0.000460899804524767 0.003765115599679172 -0.2802634090870608 1.7249732926999433 -0.016401747286259143 -0.006426586415920248 0.11663197887200205 0.7224012414744085 -0.014433665979397938 -0.010917919860226302 2.2535496084649322 2.595988428028653 -0.021748733115853583 -0.029363451595752467 2.7546201610396475 1.605803430623507 -0.028768408296799188 -0.02740791789757663
1.974380878245054 2.3096165859315914 3.9442722223544884 1 -3.779751038730065 0.1517152835246358 -0.01844196066536375 -0.011892648998048056 -3.56530037745722 -0.8262682830266851 -0.005784995676394795 0.0033326134761328717 -0.3864219709751131 1.6755955671715346 -0.02513990276335341 -0.015253303830437017 0.01991762793841101 0.6481678946816225 -0.02422459710851163 -0.01564547552978745 2.1174178925938953 2.473782389104363 -0.031407482096467924 -0.024726795332499985 2.616903826537002 1.46572245939086 -0.027189427147298377 -0.017578920991457622
1.9506465330267215 2.2984855730990956 3.9471072796271685 1 -3.8271987784062524 0.14195099614545703 0.005777968556888938 -0.0009843457542147282 -3.582056513304556 -0.8835576568906011 -0.0014949820376522153 -0.015219499311465075 -0.5363077254653481 1.589969578157708 -0.029884314435271783 -0.011008023453713184 -0.11745446181678965 0.5555337542557699 -0.022615844647075195 -0.02414962913793047 1.9298327493630838 2.3756283920373846 -0.050819519112899586 -0.013250074019284214 2.4962795561995916 1.4006999661807984 -0.02347828567554744 -0.021353924191405606
1.9944089871088295 2.3306852210678817 3.9972864760844353 1 -3.825658945007379 0.12027742500340399 0.01688084640113423 -0.015807422594451045 -3.6470791018825324 -0.9980340507477566 -0.0071481839194764175 -0.010753718402662676 -0.6775622477944561 1.4849519524514996 -0.013500580652880127 -0.019589488753565885 -0.2632832475357967 0.44210252532182137 -0.017385292659486212 -0.021864526348512714 1.75231702494733 2.295185668182493 -0.021921687716056813 -0.02537023610184081 2.375095951114715 1.3857173471686095 -0.032775965525795626 0.01492135540923634
2.0187898752986753 2.3601978909011376 4.037512586169405 1 -3.82186367802038 0.07208681227047098 0.011544706360594292 -0.012327777283829276 -3.702371059232252 -1.1240367984709398 0.0031497319482867263 -0.02078925951392584 -0.7544157785926826 1.3570019130336797 0.005871833184568423 -0.025599554839767356 -0.37033444415951955 0.2970873789736437 0.000398743573216849 -0.022248115469493047 1.6127618627508005 2.243482116322949 -0.045906473105491355 -0.024781791017744487 2.2605049482779815 1.3594895143144812 -0.03996561229520307 -0.021471578683980242
2.0236680749702836 2.360361878907247 4.057195515865639 1 -3.833619011009831 0.004107710566920941 0.012314132828267536 -0.019495211563413696 -3.718133955806913 -1.2179816164200892 0.007023249628684752 -0.004959578297295884 -0.7950900712236146 1.2147472610238834 0.0074200409410428185 -0.021701659467555468 -0.4030310784577704 0.14586208270033474 0.016079712515502716 -0.02291836519452986 1.5032877984403417 2.2004742286607577 -0.008347340499737984 0.0034247709801649945 2.1680233668632756 1.3200482581529682 -0.0025759130997450703 -0.000532893277984111
2.032792639596239 2.365974885173962 4.072357175945193 1 -3.8217455974673267 -0.0639867707699493 -0.011055663577900509 -0.012727693852959599 -3.729274027000419 -1.2773757330746964 -0.016113526925043028 -0.01310217268634336 -0.8225320756428331 1.088701479944532 -0.019808623176884865 -0.029920381831936314 -0.37259955809213885 0.027619710987156543 -0.007781645689408311 -0.026291436867473345 1.405585395823711 2.1593028548394257 -0.0011080020743387126 0.008014277323304264 2.1122916218477563 1.298930382620083 0.00900946995203493 0.01163248098395266
2.063946635729977 2.4142245590532 4.090844396357674 1 -3.7712792882466664 -0.1223618377095228 -0.009356824607972433 -0.011200758428907387 -3.780271848813168 -1.3182179844124153 -0.029563562860299313 -0.005243298715005041 -0.8168766998209427 0.9912894722170125 -0.010502133277705621 -0.028075255407563053 -0.32803198619099927 -0.060673698879997406 -0.00918922489521792 -0.022495772324311027 1.3332105898792426 2.1335483306761414 0.00916265241718709 0.012083367659034568 2.104669276141844 1.3162325911419646 0.015379605144074441 0.02348852645039933
2.121278432086933 2.489070847330685 4.102033452928354 1 -3.71485301067216 -0.17685965228836042 -0.009805200128052567 -0.009583088891502148 -3.8424824052333175 -1.3474188836795737 -0.02401447643006404 -0.0025093793364654752 -0.7722645390154961 0.8953414084761084 0.026246139693632264 -0.014281777097274326 -0.27884698654797724 -0.14469587796368588 0.027247216396583 -0.009972291517138219 1.3041342710939388 2.1097190429806947 -0.01899212515097344 -0.02375569706406709 2.120392929661083 1.3412794914128856 -0.009187494680624804 -0.012241624052917875
2.1923055195281815 2.563066855816592 4.097288724910505 1 -3.6851556315142773 -0.23269483255343681 0.01376969288916847 -0.01486465070348953 -3.873804874668635 -1.3744008882807826 0.0055736659728422445 -0.00485960728564025 -0.7236674312143321 0.7684537235975042 0.0018004325289803606 -0.0316469851484268 -0.2126887176331973 -0.24324555776584988 0.008592023509096783 -0.02471784949947306 1.3190328550749744 2.093431947406417 -0.01276057285668402 -0.019045704914511727 2.16637106179403 1.3760909075790768 0.001101608086183017 -0.009033284047307723
2.2732387645870182 2.6457252110787253 4.0492493872292 1 -3.6799219230087687 -0.28700102371196634 -0.014586484099150395 -0.007616765668584573 -3.888791012548424 -1.4029345800559931 -0.015317669808314565 -0.002624781193083429 -0.6706556112513797 0.6250772800317297 -0.006537040569471634 -0.03531996869862574 -0.12184919658630644 -0.34056090880072565 0.004338546015783483 -0.030493628207577304 1.3312228835659257 2.0813459967707777 -0.009544031115224456 -0.007693424211995734 2.2163310274371577 1.431028770760224 0.008365208000176639 0.0010593090812673596
2.34293344306349 2.724697728908369 4.00865052148571 1 -3.6609975438301934 -0.33684503887160355 0.011861096925013267 -0.020322710819425202 -3.9090541694503074 -1.4213279624883275 0.003956100494113509 0.00996677159478905 -0.6120362491553188 0.4981889418584742 0.016911507359065978 -0.013624401520748718 -0.033541134618076285 -0.434312826326853 0.025043256881840878 -0.019506015637759447 1.3223427278372215 2.068382901642416 -0.013987205097668738 -0.012993866162810903 2.2393303791136976 1.4892057683985152 -0.0007982712908862558 -0.0036560988059275764
2.3905718446106947 2.7777643660383933 3.976299934239331 1 -3.6289032934272365 -0.37302922645010395 0.010307710831912384 -0.013450608127347425 -3.9342074559875577 -1.4256941304902806 0.0024887705747994263 0.008493905353626529 -0.5443625629775335 0.3963549298288127 0.019103097266737593 -0.03197022215942233 0.02867038035316316 -0.5225293473608296 -0.0009352083722056637 -0.004107055278067612 1.302122926288832 2.061415617572985 0.0025122590282829135 0.013433061275755446 2.2422391557875656 1.5292491648014228 0.007046148271827193 0.016583769635095606
2.4150952873631346 2.8024207545638404 3.9435961713631547 1 -3.6096030281741154 -0.3863685022463832 0.008645664575265652 -0.001755924519735685 -3.9445441273390136 -1.4210715453510874 0.0054314984547220325 -0.0015193718888878976 -0.488499202310388 0.308834971487179 -0.009880195563871066 -0.028447359188649223 0.07105332611945414 -0.6093589948401043 -0.009478477614036276 -0.026004900705416306 1.271863013306481 2.0382785774550087 -0.007256599645358845 -0.016605959450158587 2.228823232397673 1.5401014502181805 -0.012001768729902405 -0.0028819286387749173
2.427718112949617 2.8135293484377986 3.904523292363814 1 -3.609549031973545 -0.3812840044911109 0.005420432204618944 0.0009014965958360523 -3.9301963665530986 -1.4113129415955439 0.008864775025294706 -0.0006241723843656878 -0.45967527721145096 0.23388246540780133 0.018530967274512547 -0.0017374126913535168 0.10551490796751128 -0.6798984949800455 0.020373013949154684 -0.004126678455011322 1.22785815152446 1.9999666204641002 0.002448268524997307 0.01079096756237907 2.206716200843733 1.5422633337507508 -0.0006591676344465816 0.019465356743396105
2.446139972450259 2.836924243912261 3.876195859714919 1 -3.618282738727703 -0.36707335932837515 0.011064429658113167 -0.005490822080131697 -3.916346164064761 -1.404000866157359 0.013337034280785053 0.003051607531955423 -0.4644695748043661 0.17390347220180824 -0.01179749757788922 -0.018913255845510804 0.11557964243641816 -0.7382603337560367 -0.011149136928380295 -0.014012891743914044 1.1719963759495347 1.9425734063880977 0.003622144671469871 0.00822021643429434 2.174612694187565 1.5300369441149897 -0.007111362488447929 0.017890082363594816
2.475963987633471 2.8700158599458674 3.8591595818803786 1 -3.6209212441932794 -0.35819835129415567 0.0026910523731473405 0.004261452845386208 -3.920801875310258 -1.4043751450528779 -0.002823222807684025 -0.0066156443849982 -0.47373355938503803 0.13741974908607202 -0.007439153569302779 -0.0007057319989461023 0.10208405556142797 -0.7889397852218158 -0.002974764503208386 -0.01851647318046333 1.1231122167751515 1.8865661831068503 -0.0027791029510072012 0.0028663331675644124 2.1416779775492936 1.4995827253025347 -0.002711255804734601 0.004114493745990459
2.5075844789075425 2.9024091862586645 3.8434430472705547 1 -3.6193763873879288 -0.358187656027776 0.014566153171478517 -0.010603973396026437 -3.937954045576422 -1.4116542906376432 0.010781287002422386 0.0005868417351016886 -0.48690473755754304 0.1123419986871228 -0.02315654185662422 -0.019948413182066783 0.06193470705124593 -0.8385176877772959 -0.02948621187381913 -0.01608449831296073 1.0857032060062215 1.8316883783972355 0.011451933150837089 0.022204321707932004 2.1101182672711714 1.456617345436432 -0.004143032371788532 0.023203960362008582
2.529748329577696 2.9265924953291007 3.824147544859967 1 -3.6291723184602103 -0.36024673747709024 0.0032084025576891435 -0.013949201649617387 -3.955854261052804 -1.427523700019278 0.007737152261658697 0.007739114689868914 -0.5126208281734574 0.0887061404180447 0.002851987631117129 -0.014838858957877323 0.015506465565244376 -0.8765206757393379 -0.013943551976148626 0.010476895849539961 1.0506964631585491 1.7730833773603285 -0.011436321505193655 -0.03740292438810071 2.08065009967983 1.413612637205468 -0.017060106550084293 -0.024983058715723906
2.547863863782882 2.948721101290118 3.8062872959271234 1 -3.6466722445924837 -0.36937652078177996 0.008166053696347514 -0.005986594286426323 -3.9693211144384715 -1.4519199587008573 0.005738926923400788 -0.00873782759110954 -0.5506392320379963 0.06487285042344104 0.004334759919885172 0.004788671931697067 -0.020805954179326847 -0.9034600003436858 0.006398730266183132 -0.0012864630113378064 1.0153508597574499 1.7172247543869394 -0.014472545440169961 -0.04364455895905396 2.056563259865948 1.3810032205424365 -0.0157163615912683 -0.03020781791439328
2.5655914808702884 2.961781251942543 3.796123524703082 1 -3.655848899301319 -0.39125184959974 0.007408727846865023 -0.007881794382753693 -3.988572068717451 -1.478771573291743 0.0006581227357176861 -0.00711423839298455 -0.5873376692521601 0.0408960876288027 -0.011851704382034275 -0.006982439801295219 -0.051904689450445574 -0.9287198615174707 -0.010077011968380371 -0.009020234881692896 0.9872108941612128 1.6701379809030334 0.0031974782253686475 0.005009880275321302 2.0331520102227003 1.3495870351225752 -0.007050857900481225 0.0064294391697343675
2.5800359673533424 2.973012965675325 3.7932078707854786 1 -3.650950409003263 -0.4233640122451905 -0.009111092419085951 -0.0012853417617514245 -4.019579810731607 -1.500588606037291 -0.016292222735387066 -0.0032852278712872857 -0.6075397111010528 0.01579408233127433 -0.022482912732751145 -0.018266548387537686 -0.07945822873616848 -0.9604430812783047 -0.023519044671207287 -0.015597009839736355 0.9621671100593874 1.636351104376362 0.0018548269053941576 0.015311243536279592 2.0076228431987717 1.3189608944727862 -0.0022047309848007256 0.010891802980012098
2.748558614223449 3.068178299640387 3.666072588054552 1 -3.7151829493530393 -0.5903490878958406 -0.034183455224187115 -0.049607211721802894 -4.060887781705348 -1.6422467283736641 -0.0229882987909196 -0.03161440124354292 -0.5247325476852542 -0.12147249665976745 0.03107009493698376 -0.03626622931572667 -0.04526302330512255 -1.0713682521041032 0.02604811364381147 -0.038480109663522555 1.1874914886474297 1.6413014843193752 0.0862997377930244 0.006599910996492042 2.1169104626918926 1.335686171160209 0.0238465526417833 0.03164135214700634
2.8228743121635547 3.0728304207614703 3.4740710379630944 1 -3.7617933613423133 -0.9139660781417351 -0.015533238439858332 -0.08012008357488229 -4.230774847238312 -1.7533838391400953 -0.04231264826222386 0.0032862075414274265 -0.29588869488852154 -0.3537683042071613 0.049575887847184724 -0.05322330658189112 0.1385999821291426 -1.201998990854511 0.04201962238065745 -0.016243762758324648 1.5275812301094556 1.7816802995415513 0.06201987302692141 0.0535590595158808 2.3643183605580838 1.6655974549378283 0.036072112659267755 0.0985041912726779
2.8588623705193417 3.1373147596670923 3.335727349568278 1 -3.8624546125387322 -1.2062004986433708 -0.03452932997854792 -0.056067860461351995 -4.443946072469199 -1.8134218804106488 -0.0070334637083138245 -0.00031953450078567314 0.016939583761349297 -0.5218224001169848 0.06995467049202393 -0.029680307866169094 0.45904148083400287 -1.2451946324512813 0.06411513579364995 0.009923870280200059 1.7108621978447731 1.9927177807769962 0.03224091911841516 0.04356199509245429 2.520838594613072 2.0673862980155278 0.006524033426548198 0.05769307311567746
2.962584938833621 3.0210288754633066 3.1412595504527197 1 -3.9612220971390237 -1.3187652445154507 -0.007591311188421285 -0.013332037203715928 -4.46364535253932 -1.9157979670495384 0.01778765819383063 -0.012166404010475489 0.313503847244224 -0.5843966048496523 0.057248984771877426 -0.014788147714549272 0.7707513035252411 -1.2130808696772175 0.04317128830352292 0.023582954165447582 1.7690042749022332 2.177295266937168 0.017367943436692186 0.025652506919201977 2.6061220331792905 2.2611086713011534 -0.0016664933287412094 0.023622881859993262
3.029836740868596 2.9534927278626633 3.069180022492973 -1 -3.917727505418964 -1.319914060266906 0.018096506322765528 0.003074780970233698 -4.351382379819013 -1.9192673816231336 0.03563723316074296 0.02147032140475175 0.4876150640922292 -0.5770506922525794 0.02971175267724231 -0.008333648450101665 0.9697028324563028 -1.171535904047277 0.016719822789118245 0.01936671954480286 1.8082205421908277 2.234366099774791 0.01857125940142332 0.003331880398583939 2.64739560410922 2.3702764113230312 -0.006070123896956339 0.01362860983039996
3.1224204547053365 2.8720356042559905 3.053647650137681 -1 -3.7786978389663433 -1.217890445405637 0.024250161724351675 0.02354980972466992 -4.192888447670834 -1.7983652895256648 0.04196671463501707 0.038876584840320555 0.5472984538339594 -0.5626801816056316 0.013584479447094509 -0.007605958891194099 1.0598357155345992 -1.1657243331037388 0.0016256013692396917 0.008616036056469238 1.8497059867761525 2.2491046259155305 0.01619186324537004 0.004385408229833744 2.684005958213052 2.3870950210243507 -0.005114465851394648 -0.011743075907456813
3.0978072993047614 2.811012673572146 3.052985136155637 -1 -3.6449410525087167 -1.039181913912648 0.01799787344779891 0.029161540977058892 -4.024914209670151 -1.651976224642398 0.037807839716438724 0.03545781326981256 0.5610486268682662 -0.5661292009075212 0.005822800756306673 -0.009910612827229251 1.0943861495610143 -1.1887228544857376 -0.0023682848934776374 0.00240666536274178 1.8744208865921967 2.230649478196173 0.012880363208188809 -0.013248601544069857 2.716504034262404 2.3145552196984656 -0.007585992254052754 -0.016743917323843182
3.082802374424634 2.7893893834453887 3.044795454507222 -1 -3.5645638137574394 -0.8698636716011627 0.009214325614535907 0.023415042591604394 -3.9028900403313007 -1.523663690831124 0.020816045857371953 0.028941091622335602 0.5517505601184354 -0.5970135321496985 0.002788166845987563 -0.013362717651295907 1.1082921075392411 -1.2275219326247528 -0.004509774880952671 -0.0036766630852095306 1.8909797948454905 2.1329761630965476 0.010952997003956317 -0.019723746804518202 2.7372320662115674 2.242848560694473 -0.007322802330562338 -0.018314334181819786
3.0683550278481464 2.7711936078928945 3.016757661924767 -1 -3.5207379387413607 -0.7420167920230835 0.004491067626400463 0.01719155673065259 -3.8592571438867407 -1.4270827594116215 0.006422274694316778 0.019105319302352562 0.5509887073073534 -0.6482200780294664 0.005416331401876426 -0.016003422704549762 1.098480059637927 -1.296930529785722 -0.009100424735994385 -0.010949662343148099 1.9048683225810397 2.048508297862589 0.010653698162899135 -0.01395588701309038 2.7620114874712636 2.1301134139475026 -0.006398092530048614 -0.027102529830820125
3.1262833492966315 2.8325735598678734 2.9711945383586174 -1 -3.5096876006429025 -0.6501172236115051 -0.0007000090949423349 0.012805271973436828 -3.8489059377417645 -1.3751637091142694 0.003854414265630152 0.006726390825226233 0.5495983253456007 -0.7183154855850915 0.0015748886637121842 -0.0201746332602383 1.0706676343426311 -1.3893261810847686 -0.01026178663657138 -0.012757429471859046 1.9188281120918926 1.9589500816365923 0.009586966169022333 -0.02157496246246207 2.7755263537951453 2.0194957290905795 -0.010558038786024727 -0.0179606541721469
3.0691349764732996 2.9166175052676846 2.915671890497775 -1 -3.522974710142392 -0.5990985995883022 -0.0036721585805804023 0.0014475974801451286 -3.839313824217177 -1.3618422760084512 0.0032826993262205853 0.004136546656455948 0.5340923854337607 -0.8013991584427137 0.0022044094203106848 -0.019587896026476523 1.0409151969687587 -1.4846838253560641 -0.009912764904797675 -0.012913689220845539 1.91994244235197 1.851961919361095 0.006074016193579834 -0.01796343678826496 2.7659526144622246 1.943603496256122 -0.014452974475955525 -0.019002551297289748
3.0082960185944434 2.975955895342074 2.857597055824386 1 -3.5269330403647245 -0.5915050609572245 0.004900700211060774 -0.0020008416292633495 -3.8445955922204313 -1.3646473673748685 0.0003115890854338745 -0.003811068089709298 0.5400032356943214 -0.8703888122065924 0.007247445512185776 -0.015824074153834043 1.0122598874385762 -1.5800090367073967 -0.007696880887424203 -0.011854174501054103 1.9003007122219326 1.7748044025229843 0.004072731381871218 -0.013994892393772208 2.7484170243968107 1.835526374006451 -0.015833953509064632 -0.024386732546660597
2.8638502017380336 3.0465222790912843 2.896750362613637 -1 -3.5482001061541837 -0.55667424782269 -0.006393574721468046 -0.0010082309890636458 -3.74026389933277 -1.4359669078199713 0.057639208909741155 -0.00526670019089376 0.6607167301312025 -0.719269775064171 0.03397382760623201 0.027494576028896676 0.6862396981998105 -1.7068564506583148 -0.08937583328800085 0.015104182228156501 1.7164221646188018 1.6507275154422922 -0.03720956395238924 -0.045599005707235823 2.6293326398537076 1.6836680308795344 -0.05026043620065596 -0.04328864364862856
2.794052490158754 3.0060159884273467 3.045651531597133 -1 -3.5420182483126865 -0.4214376976540397 -0.007346031067026436 0.008414358627865309 -3.5523722224029184 -1.4228901409678032 0.02130961028260316 0.047212227827790255 0.5386497837737627 -0.55186517479851 -0.055271309332859196 0.013999288696538232 0.3700448319310139 -1.6269795458947724 -0.055147338024291365 0.050385280505028954 1.5001382509282104 1.3852191297441685 -0.00872401120339611 -0.05314691412080597 2.5562725603501537 1.3857090707051354 -0.02935105973138582 -0.0739382765242522
2.7965522671064753 3.061633356316293 3.030455308211768 1 -3.584152013005149 -0.2562751629187402 -0.015099854339532245 0.015614254056861464 -3.6130627499817263 -1.2392793475273671 -0.022598161095903187 0.051293805995979276 0.1594304313142052 -0.4628284492912321 -0.09087511004389219 0.019244364999656455 0.20799015831789536 -1.5199374757198123 -0.04493947939867792 0.01131756364622477 1.4647402066678268 1.1530910770401528 0.010434398445426108 -0.05686210731299963 2.5451069890845153 0.9573978193423354 -0.014281305778510077 -0.09300177550279592
2.580265344099918 2.999871565733597 2.946753438064328 1 -3.6532326148300087 -0.04366040278244476 -0.019014149599058006 0.04272718473398708 -3.756770320790433 -1.107925581032827 -0.023422890513660467 0.023710890685912752 -0.10641096313299414 -0.3496761665616118 -0.015507960993592959 0.02010044231111893 -0.055997737578029394 -1.4355831577861082 -0.05755352191905379 0.02913930103976301 1.4820468176679604 0.8854710615202284 -0.011976194845844033 -0.0697661230040406 2.5324440431618758 0.5331166690371836 -0.005116470330252393 -0.09258343089528319
2.4221664703638788 2.854456108273662 2.9669299145047368 1 -3.7620468554088196 0.18498813943647052 -0.020582450324945805 0.03515440491481412 -3.7852666277422196 -1.01557213914594 0.016806266884440566 0.02621134370887485 -0.22424332230007948 -0.2581389281599249 -0.0033666596670204017 0.015223196936004104 -0.46630965682653436 -1.3353119190205511 -0.0734681928444829 0.011051132673111853 1.4867563530605157 0.6773611061994917 -0.017127577159292154 -0.06209902157279909 2.4612088981861895 0.1920630895666675 -0.02710630846073272 -0.07186643181705984
2.450448809988002 2.825193024890667 2.8978842920359873 1 -3.918544310002712 0.37918368741443964 -0.02070082719445211 0.029199610879026398 -3.7478470046364323 -0.8790992467249908 -0.003620488456874322 0.042665469414586266 -0.30199974467890733 -0.2573552560047643 -0.009269815972973307 -0.012865911561251008 -0.7671976727489693 -1.284176750076329 -0.030965544093444583 0.001057629544039147 1.4421431612111721 0.48733960587949143 -0.005483952772431486 -0.04725383386593905 2.3588710369384733 -0.047232698561350484 -0.03461722665659872 -0.04267854233549739
2.35261125503749 2.7463692449707304 2.808789781209388 1 -4.055861347051303 0.521200216894343 -0.01135020115570149 0.022809023867935437 -3.734325073289965 -0.687415498056051 0.02151328535117337 0.04372383728546385 -0.41545769451642656 -0.2910452712447632 -0.03309315034547558 0.0008597967659883664 -0.8847734388831108 -1.3136624184269088 -0.021165539762940465 -0.003970484868250622 1.3946960708754208 0.307373335831723 0.0043939833764050674 -0.03745491281973124 2.2853505886390915 -0.27239239994000275 -0.03058122421496861 -0.0341590504477893
2.2317663249730955 2.6092248859815674 2.7099086762202536 1 -4.1664595360078565 0.5904055951601668 -0.025307203934363642 0.007797308115247167 -3.7242533809654152 -0.5231246374770542 -0.004972088140571283 0.023492353925519315 -0.460194161864238 -0.29870590938908737 0.02427427762217608 -0.010196909871299516 -0.9525178517514501 -1.291537199300771 -0.0031932546454717624 0.015540393444368947 1.3876794729830202 0.13496997732794047 -0.012205001353649592 -0.04399140236810948 2.246448985083573 -0.49497081203620896 -0.018940648777574284 -0.051693565068394225
2.046019235822539 2.348836858710095 2.651724845659752 1 -4.2322593625419955 0.6193581388337859 0.005291811661400712 -0.007896824127849264 -3.7180732497190028 -0.4014684550345027 0.00796757146734137 0.0345104258102896 -0.510248234617086 -0.2115332051120754 0.00011201763706103138 0.016160755957001435 -0.9038713665145464 -1.2849973375830286 0.02585809841698927 -0.002829486372738948 1.391543283922024 0.03900459106809606 -0.011985468271232466 -0.020520190480560543 2.1798482402491146 -0.716044989567739 -0.025796431997175018 -0.05470814827151511
1.6128579672534555 1.9110981814874672 2.683745286257243 1 -4.271332628232357 0.6251467110646145 -0.01725558934744981 0.002106244081276703 -3.7097654787042087 -0.32614556755974455 -0.01067782391991925 2.8059893686446444e-05 -0.5490250599541531 -0.13287747245016113 0.009215655060616794 0.013719328264371458 -0.8963850013417378 -1.2516682732211355 -0.004242703048859656 0.006420309851604099 1.3399888525180552 0.028619963310120955 0.000577350369773709 0.02196521176205741 2.0555103866938484 -0.892318054698772 -0.015068052269348159 -0.007596461670930938
1.288389586300534 1.5095967526823348 2.7711780597233076 1 -4.308438699673632 0.6473344135368049 -0.009827869465913987 0.0060535372501879575 -3.7276563324689467 -0.30028120581453144 -0.016552222537006136 -0.002309499963154797 -0.5805796403864139 -0.06091477843517823 -0.007764945069881932 0.0019281757968940133 -0.9871081312036942 -1.16833661217764 -0.003836232621818661 0.02884248183556204 1.2697403404571928 0.10891261808483033 0.011204570218755509 0.011263424377370549 1.9348205942471335 -0.871006665194225 -0.03488554878423547 0.033178214818976995
1.1378119225508578 1.2817145288618736 2.5327576001425616 1 -4.345686785505248 0.7149710058884353 -0.0001234664604457536 0.016362931820952734 -3.78851546437245 -0.30191013819273604 0.000499304233123804 0.009090932898702102 -0.6586793644053559 0.02479874392742154 -0.033243813166348904 0.01949061485578696 -1.0720273392520618 -1.0974299274736823 -0.0273726947236377 0.017516150289835854 1.3065968934594938 0.21977560929507756 0.04674850242273662 0.0299643157268763 1.8651234807271049 -0.8057519625985242 0.010483926402910692 0.021670548151214046
1.0469026558169827 1.1291528999741025 2.287408058294431 1 -4.392929359527923 0.7716148621967978 -0.0035751982050434825 0.005602760628335415 -3.8343627242587424 -0.28801109078760156 0.007328818366896965 0.016584599748878114 -0.7233725325466196 0.08832671787290303 0.014114757817192358 0.007457026121056476 -1.0848578463936893 -1.0417776364565485 0.026640362393217265 0.005985012148259011 1.4299490011195664 0.29978442469141986 0.03707977732622153 0.0033468583236362127 1.803176485161143 -0.7684729197546528 -0.012545073130091507 0.020869068564037876
0.8974469392201042 0.9117911370977533 2.0452662882299912 1 -4.456932233899091 0.7602013280301181 -0.012493648665178074 -0.009959765276998774 -3.829951655974906 -0.24193839309337895 -0.002831636405526569 0.009038953634822926 -0.7514207778321986 0.17689910746502724 0.017806004334686584 0.012800108079889481 -1.023317017288437 -0.9593755286434889 0.03308481503666866 0.025924070622403584 1.5756231126114484 0.38177910550448235 0.008900237067924564 0.015386092961232773 1.790778923299606 -0.7169969575388146 -0.015997252591864682 0.011122599754200067
0.7298867685113648 0.6737700007178744 1.8206054640330473 1 -4.494348265911139 0.7376970056257945 0.004526147304928869 0.001421264178878501 -3.813951713021834 -0.20569544281438523 0.009659084779883195 0.011879604846342696 -0.7155415292126528 0.31516978749717195 0.025884011188768694 0.032005797127513426 -0.9313478940001407 -0.8179370226476683 0.029763805078183467 0.030202626946839208 1.7329470896239219 0.47897437789241604 0.060761019967493016 0.01683809414670532 1.8341562262428441 -0.6278328989784353 0.03826907412533486 0.02410505092917999
0.6004842591334064 0.4967356134614651 1.6603770340847435 1 -4.486437043423426 0.7333556560457899 0.0017130711149211959 0.004863291923820311 -3.8091883815960244 -0.20279612781270961 0.007106079276795947 -0.003329091463917467 -0.6534122760909624 0.4955785752833095 0.0033337028377434276 0.039181631441309 -0.8360771688637554 -0.6262949034204993 0.010941237940591302 0.0430236703264901 1.9106403308391098 0.5669590248020668 0.04762764318216198 0.017048227827977516 1.8966351017644225 -0.5453691172693139 0.023554414931050215 0.010382479846751112
0.49189018192980216 0.33902976872366414 1.5314007341980347 1 -4.449228275161182 0.7133744170672558 4.470375032019193e-05 -0.017011204699293386 -3.7893839086014136 -0.21804352159491625 -0.010293680330236126 -0.01533862595503631 -0.5695653936759708 0.6861944230845602 0.016999684458641855 0.03019591070105099 -0.7302863593611919 -0.42442738268430924 0.023703003304276285 0.04787601388115939 2.1049504864899555 0.6109340352229011 0.018607253997888068 0.00597753548288181 1.954542781293977 -0.4842778985825582 -0.009479013224550123 0.016511396150140162
0.39056677099280884 0.1805029665979223 1.4182777856216122 1 -4.409122692195641 0.6569266273561567 0.004337170603676652 -0.01439527262527754 -3.73160225336174 -0.2559791141152399 0.011345137687459164 -0.014352497862470056 -0.4899773868656725 0.8764718873852058 0.03315890992082956 0.03455839232888205 -0.6245829611848341 -0.22784028393078892 0.03932719855051773 0.03874070994613056 2.2869112050281375 0.6201268478308659 0.057296321443560866 -0.008432149808503759 2.0192938892190453 -0.4337558273329484 0.0398325795200435 0.00227874904086689
0.2963235958417682 0.048656224687468816 1.3553412502510407 1 -4.347460699092072 0.586542028404397 0.02455561199481593 -0.006506386833158363 -3.656734108984581 -0.3122323128953248 0.023739200688805875 -0.0035302854377756675 -0.4098177701839596 1.0637617303305555 0.011724236017242588 0.0459866116348431 -0.5076416935195263 -0.031862817851562086 0.016311115565152662 0.03080937095986587 2.4372402168925307 0.6202577905219189 0.04333707777358866 -0.001654228174384288 2.067802598467564 -0.39897323308234434 0.023238672413735253 -0.004452932692177946
0.20509096648386788 0.06962438596008254 1.243582680587716 -1 -4.25760356589771 0.531370945812284 0.009934875521641798 -0.01109470214672144 -3.6169717235530703 -0.381874095895395 -0.002026183337738334 -0.022775254167196533 -0.3280272171995735 1.2376256859083683 0.02523211462425342 0.034579965443712835 -0.40099662826751636 0.1529957573316334 0.02837596726920677 0.0315437034976033 2.5586147004611908 0.6116925581978496 0.009011729510596318 6.1776857626962e-05 2.0930803809689973 -0.36693170531678343 -0.009938114580620792 0.01577650250186782
0.10829714917950849 0.19877447606200874 0.8172600809608748 1 -4.180273409810923 0.5973915694877188 -0.005361226765528328 0.023351413081189168 -3.699056929133972 -0.36744013250596796 -0.026695089718100248 0.006347181650709723 -0.24183791920588327 1.434293855811001 0.030554959981210304 0.037375895358616976 -0.3149548175432866 0.3826971873372125 0.03634132499610447 0.05898009602869739 2.7423956405954595 0.6303756522500061 0.07149920053027954 0.010866903951678837 2.3012044635877453 -0.2506465617858783 0.06508034430471744 0.015474816525121206
0.24042197547801547 0.2080777670692177 0.37879341320481086 1 -4.260871679081407 0.6093780234467909 -0.025672314299091583 -0.008090413297577637 -3.7002535961270153 -0.20335304141696942 0.01957837514182146 0.05395268459684556 -0.11245091717223055 1.647198630878146 0.028068988613421293 0.03908679389973038 -0.15364877942637545 0.682262106519995 0.02943605442935876 0.0630752864268257 3.204779379183366 0.5087315414283093 0.12195385774691911 -0.022165332734749986 2.705588602195175 -0.1891971524646091 0.0658150422389435 -0.018124222497519327
11.569669 -0.35650444 1.2154684 2.3175583 0.4811206 4.710059 2.2621214 1.0629413 2.7434895 1.6880584 5.6466904 0.7061964 2.9565213 1.3797488 1.4291161 3.3813138
11.675066 0.29082346 1.2756681 2.342349 0.651104 4.5671844 2.132815 1.2119939 2.3547313 1.6624825 5.4728737 0.7763231 2.8049097 1.3446116 1.4490175 3.0760012
11.690523 0.4436326 1.2840252 2.348339 0.69251776 4.531847 2.098371 1.2410109 2.2679658 1.6573634 5.4379416 0.79309314 2.7714896 1.3381903 1.4536965 3.0106878
11.701684 0.93350244 1.3045634 2.3774226 0.84801483 4.416076 2.0598688 1.2750778 1.9961836 1.6408125 5.4235277 0.8859791 2.6620662 1.3139945 1.4690347 2.8451314
11.68841 1.0545266 1.3004123 2.388935 0.8927431 4.3853903 2.0790024 1.2606561 1.9267442 1.6386509 5.4353456 0.9337109 2.6340663 1.3107551 1.4736924 2.8371148
11.5631895 0.38072777 1.2051561 2.3907871 0.7499747 4.4782467 2.3434598 1.0281014 2.293531 1.6728016 5.6022763 1.0121803 2.744749 1.3595331 1.4623591 3.3025975
11.176638 -1.3286691 0.89941716 2.4511235 0.52501774 4.6404195 3.2855258 0.2933781 3.157553 1.7670306 6.2835627 1.4994214 2.9229746 1.4936998 1.449358 4.740939
10.948776 -2.9885144 0.70180917 2.4350328 0.17618275 4.9225316 3.8311832 -0.11753988 4.0126677 1.8428994 6.693535 1.6157053 3.1854923 1.6041495 1.418298 5.7561326
10.903839 -3.5423808 0.652519 2.4174614 0.06660128 5.0624228 3.9718246 -0.16265988 4.272245 1.8645896 6.83888 1.6234735 3.2678423 1.6381288 1.4061729 6.0344753
10.893526 -3.7274203 0.6444388 2.403897 0.03528118 5.136411 3.9900389 -0.1309619 4.349303 1.8694685 6.903207 1.6027253 3.294889 1.6473058 1.4005871 6.0901103
10.87878 -3.8333373 0.63708144 2.3981636 0.021166325 5.176482 4.0109625 -0.11475253 4.3890705 1.8727995 6.9426994 1.6032107 3.3061185 1.6535189 1.3981445 6.1331134
10.916174 -3.393762 0.6896421 2.3966222 0.23750162 5.2011466 3.8935316 0.119374275 4.093273 1.8439517 7.1466393 1.6170847 3.181081 1.6166282 1.4065036 5.826009
10.944565 -2.9875922 0.73759586 2.3955865 0.43447733 5.217605 3.7838206 0.32304502 3.8225532 1.8174517 7.314641 1.6281065 3.0664988 1.5828285 1.4144428 5.5448914
11.018845 -2.2471728 0.85909194 2.3609753 0.79138947 5.3029633 3.4256265 0.76144576 3.3349504 1.7581943 7.6151595 1.5003165 2.8848386 1.5080961 1.4197814 4.8700366
11.051663 -1.6024361 0.96220976 2.329195 1.1208782 5.363543 3.0935223 1.0981472 2.9040174 1.7043452 7.856195 1.3796549 2.7213569 1.4413204 1.424334 4.27808
10.89945 -2.4186764 0.8090991 2.3807135 0.6900096 5.238373 3.5399747 0.57846856 3.490823 1.7766895 7.5628695 1.5492017 2.9440491 1.5288243 1.4191203 5.086459
11.0101185 -0.28562164 1.2185724 2.192525 2.2205756 5.608111 2.09875 1.740483 1.6577442 1.5397314 8.384614 1.0462269 2.1813924 1.2664478 1.430984 2.774469
10.673919 0.95018816 1.2434639 2.2519188 2.4598768 5.36091 1.8525841 1.7947958 1.4365289 1.493198 9.273064 0.9172258 2.1546998 1.1649253 1.4357179 2.1759548
10.777365 0.31472588 1.2635307 2.173613 2.5766463 5.5714526 1.7777915 1.7734923 1.304274 1.4829569 8.780649 0.9318707 2.0378132 1.1944082 1.4320102 2.2974596
10.489042 1.187238 1.2798796 2.2109325 2.782766 5.397496 1.5934618 1.788502 1.1217954 1.4434216 9.490116 0.8463466 2.0028496 1.1166767 1.4340752 1.8647404
10.545855 0.80006266 1.2786326 2.1792266 2.7590728 5.4801955 1.5979038 1.7389443 1.1388092 1.4501851 9.133574 0.85513985 1.9855716 1.1438069 1.4321527 2.0027428
10.122012 2.2788882 1.2688565 2.3114297 2.8959265 5.0140715 1.5744498 1.7340604 1.0804424 1.4288884 10.375176 0.85600877 2.0561476 1.0464368 1.441833 1.536274
9.947578 2.5978236 1.2517917 2.347652 2.968984 5.0107584 1.6326333 1.7832637 1.1321468 1.4234285 10.97078 0.8627068 2.0730846 1.0196865 1.4431746 1.4465861
9.939217 2.442285 1.2535671 2.3273895 2.9721413 5.093052 1.6115968 1.7659724 1.1355965 1.4202349 10.872625 0.8373972 2.0563293 1.0249009 1.4412473 1.4729514
9.92605 2.4530425 1.2560804 2.3276353 2.9607089 5.038422 1.5938516 1.7440306 1.1192183 1.4217036 10.791186 0.84148157 2.0619605 1.0269653 1.4412779 1.4726787
2.6067886 4.0492167 3.849021 2.6064787 1.7045116 3.9057088 2.0711374 2.781567 0.7452559 1.5353007 11.68309 0.83152676 2.367856 1.090274 1.4627488 2.0616426
1.5685763 3.8573937 3.730191 2.5572827 2.2445748 4.4326806 2.1568508 2.3018303 0.83058804 1.5255901 11.504408 0.65586376 2.1540356 1.1222422 1.4560782 2.0938773
1.4596224 4.894821 3.285747 2.5046089 2.1883564 4.1675963 1.820825 2.799434 0.5467929 1.4988616 11.314961 0.5772527 2.33498 1.0832794 1.3837597 1.8531861
0.037576675 8.9579115 3.5461166 2.390457 1.564064 3.7155263 0.2851779 1.6587367 -0.0582546 1.4488631 10.867434 0.37396616 3.1987214 0.95156515 1.1564301 1.7402081
1.383203 3.9132502 4.2838373 2.594456 2.3864071 4.598074 1.8545732 2.216231 0.70486647 1.5315554 11.336407 0.5951154 2.073575 1.1191167 1.485793 2.2462044
1.0003152 4.6349144 3.5446658 2.5640838 1.853169 4.9196506 2.3323 2.4267242 1.0544307 1.5170125 11.957722 0.6293063 2.3496568 1.0910308 1.4149958 2.2070665
1.6300793 4.76791 2.924832 2.5846207 1.8409505 5.2813373 2.653638 2.5438907 1.2324466 1.5174681 12.306459 0.86532915 2.3893788 1.084779 1.4029306 2.3943892
2.302915 4.6115537 2.504414 2.6286097 2.197948 5.590516 2.8224797 2.4006786 1.254061 1.5262172 12.447427 1.1985877 2.2831244 1.0967448 1.4187403 2.7549376
0.26895905 5.92318 2.671226 2.6781788 2.430299 6.3999248 2.3638234 2.544989 1.1247683 1.5296385 12.083619 1.0146148 2.339262 1.0719146 1.406054 2.8624563
-0.7874689 7.3341084 2.5600436 2.7073886 3.158037 7.5273724 1.3535779 2.5262876 0.928315 1.5112083 11.204272 0.68270004 2.3219428 1.0102804 1.4142265 2.6437063
-1.4735255 8.665445 2.5803187 2.766782 4.3017187 8.808997 -0.00030183792 2.3044386 0.6510807 1.4937711 9.806689 0.33109152 2.1871696 0.94139326 1.4667051 2.3718982
-2.0661721 11.100391 2.3982046 2.7390368 4.6546626 8.02822 -0.8395884 2.4346385 0.09083724 1.4633268 8.926218 0.43517894 2.5540242 0.85861635 1.3875247 1.7025166
-1.004509 12.191994 2.4402897 2.9012597 3.7863426 7.5439835 0.46263695 2.7064185 0.36181092 1.5670846 4.702216 1.2795897 2.6818266 0.9921572 1.4859071 1.992177
-1.0192199 12.321548 2.2593937 2.9797764 3.8617868 8.0046015 0.47989863 2.8193965 0.44294506 1.5988749 3.7520435 1.3678817 2.6297898 1.0166583 1.5348467 2.1692848
-0.20147038 12.372466 2.6954598 2.9121785 3.3094635 6.946978 1.36395 2.6904073 0.52225727 1.5913012 3.3337202 1.6397874 2.7107596 1.0534875 1.507009 2.01619
-0.5087671 12.712929 2.2324204 3.1003077 4.049489 8.43051 1.5249245 3.0910008 0.84519684 1.6424565 2.1584768 1.8077831 2.47234 1.0778918 1.629163 2.2251854
-1.1801324 13.013044 1.9092755 3.2157638 4.5665903 10.013542 1.7142336 3.5845582 1.063385 1.6291455 1.1783881 1.9267118 2.1444848 1.0543936 1.7314639 2.3820982
-2.1428618 12.514881 1.9855225 2.79357 4.6221814 10.832727 1.1956217 2.6137419 0.385037 1.322737 0.9196539 1.4866581 1.6866962 0.8453529 1.6555451 1.7714548
-3.0640244 11.88677 1.5027936 2.1658473 1.9647164 11.521448 0.7349224 1.6706452 -0.6902881 0.9013623 -1.6368108 0.96041614 1.5552173 0.5728936 1.4937592 1.5950108
-3.1698895 9.999176 1.4753532 1.9624304 2.087868 11.783224 0.08770734 1.1356876 -0.16278327 0.9301474 -2.864828 0.36507916 1.6053969 0.67856276 1.4336463 2.0152798
-3.2990375 6.2994156 1.4100496 1.5277075 0.36329985 12.775965 -0.2999115 0.9048567 1.9476128 0.9813311 -3.2798543 -1.0242109 2.5865242 0.81268096 1.2385558 2.9564734
0.97648716 -1.0475602 1.7500707 1.5626595 -0.96908426 11.799372 3.3978713 5.4279537 2.2600374 1.1865163 -2.065116 0.5203062 2.0938466 1.1649421 1.5206826 3.0166812
0.81431437 -1.0693812 1.7438692 1.5641677 -0.8599434 11.863269 3.3239326 5.417899 2.3055294 1.1755285 -1.6269693 0.4755032 2.0665827 1.1464769 1.5162548 2.9517975
-1.8288016 1.8393884 1.5817962 1.6496549 0.40478563 12.178543 1.322576 3.330391 3.0289946 1.1771982 -1.4857864 -0.7634425 2.5343902 1.0384736 1.3891732 2.9630895
-2.8823485 4.779955 1.7723813 1.6541295 2.4253526 12.865316 -0.7293103 1.1392403 2.9104795 1.2018412 -1.3824091 -1.1197538 2.313208 1.0392365 1.2376552 3.772441
-0.73472834 2.1047597 1.7426825 1.2234085 0.5719347 13.132312 1.1397617 1.1611614 2.162063 0.9947121 0.49665403 0.15053308 1.9185269 0.9842699 1.1843401 4.0777774
-2.9238954 3.956884 1.6047733 1.4502268 2.3858552 13.505945 0.16273057 1.1162992 2.5223308 1.0620053 1.1246886 -0.23491275 1.5524511 1.0288953 1.1150522 5.6311154
-2.3386111 3.1826117 1.3474681 1.8445467 4.564675 12.616057 2.0720286 0.46653724 3.725434 1.4042873 3.58959 0.8425328 1.9383981 1.3439293 1.2016437 6.9126244
-0.48995686 1.2456145 0.9874658 1.3429629 3.972983 13.264161 4.9067607 0.8788996 3.5209312 1.2443062 7.882265 2.006235 1.9569542 1.3472738 1.047332 7.8733473
1.5963969 1.3940525 0.5365828 1.2295313 3.8137062 13.430422 6.8689833 2.708725 2.8706918 1.4221206 10.942458 1.3056959 1.9216794 1.5589486 1.0735487 10.494314
0.5231004 1.1673026 0.8409239 0.9750552 4.411474 13.533648 5.931656 1.8588454 3.4759374 1.1484947 10.630336 2.2464342 1.8431344 1.3837152 0.85235775 9.090225
-1.0156593 0.8405943 0.6406648 0.49909902 3.2042117 13.930242 2.4478207 1.6469774 1.3273985 0.8024976 12.586939 1.387518 0.54087985 1.1547451 0.5344471 11.705546
1.8654413 1.4058065 3.5586324 0.9555466 0.28872013 3.0530972 3.4799786 -1.0469165 -2.5052648 1.1214259 16.27221 2.7540143 1.1753547 1.364769 1.0329343 13.720535
2.0374231 1.5385966 4.1075983 1.2005347 0.80697393 2.9037888 2.002172 0.35324216 -0.93162966 1.1055453 15.919844 1.6212118 0.10655421 1.2927731 1.2279463 12.471453
0
0
0
0
0
0
0
0
0
0
0
0
0
0
0
0
0
0
0
0
0
0
0
0
10
10
10
10
10
10
10
10
10
10
10
10
1
1
1
1
1
1
1
1
5
5
5
5
5
5
5
5
5
5
5
5
10
10
10
