10
1.7139327087733633 1.6032189244692425 0.4130375285612677 -1 -3.27 -0.30000000000000004 0.0 0.0 -3.54 -1.26 0.0 0.0 0.5899999999999999 -1.35 0.0 0.0 0.3200000000000003 -2.3200000000000003 0.0 0.0 3.4800000000000004 -2.1399999999999997 0.0 0.0 3.2199999999999998 -3.11 0.0 0.0
1.4314380737925563 1.4667579535848723 0.38518720139569673 -1 -3.19943416596671 -0.31922517375124715 0.03442549265499524 -0.012842956412922572 -3.5728473525085858 -1.2751893339471594 -0.008380722515532568 -0.01259413418472631 0.5873649572930963 -1.3523540773637324 -0.002032202760739663 -0.005566060368702455 0.3216344933015627 -2.320594898893613 0.0019022684797594244 0.004819090706833649 3.4332696797252336 -2.114181738479304 -0.026497222410040377 0.005567728550100815 3.19297198235677 -3.118886768292211 -0.011732397325201852 0.0025167930901187283
0.8219896669006821 1.1665086257887043 0.54473706032901 -1 -3.1065640604010536 -0.42746649297547124 0.003947843435135427 -0.027977437613630207 -3.6335227174132294 -1.3362180899023675 -0.005945047384382328 -0.01361838710632874 0.5704635098499606 -1.3350452394143946 -0.007534862351435237 0.002497515628047174 0.30510521027042525 -2.3312934243677894 -0.006003779038489288 0.0006531617215000292 3.2562198108268916 -2.067244374204459 -0.04060216123429022 -0.0016721168143669397 3.0828762404083436 -3.147130108581604 -0.02933257645294432 -0.00256301857411146
0.3625458055563232 0.8598943551387518 0.2801058461213935 -1 -3.163021108779489 -0.509730484131152 -0.020983393175052528 -0.011160591894510453 -3.6534171552624426 -1.3843618328919736 0.002592328625509008 0.0027304230859951564 0.5129446288566992 -1.2990506750374906 -0.016741528294678763 0.0041371728318771415 0.2398062656824429 -2.3473773286272164 -0.01797543934904603 -0.0002845797966525652 3.076305320938797 -2.0888027343961246 -0.034215084502045245 -0.010378329817915033 2.8958768271500137 -3.188762083644801 -0.03961744041193928 -0.004454528828158392
0.09789713627296223 0.6839029046173147 0.1303323012909221 -1 -3.2431351146266643 -0.49612295442135623 -0.01676450556920457 0.00313818977826796 -3.647778122065875 -1.4161223209322913 -0.00129650659416429 0.0013168967150046732 0.4002326252401849 -1.2760232599156027 -0.028671049292654578 0.0026262382854113017 0.11785867638078251 -2.3495185481928464 -0.028582914097680243 0.0021319778712571465 2.8966153643228587 -2.1048565483950794 -0.03982225234631033 -0.0010228375010751939 2.700998507787072 -3.2177621203623716 -0.03235127132503594 0.00207016707884378
0.043076702969968 0.5528759305191009 0.2870834278625435 -1 -3.2833677684590468 -0.4749348929597339 0.0007703986887521736 -0.001408858682708584 -3.6934241471557403 -1.4506240753621462 -0.013643466599283992 -0.010293827528655911 0.22953236834866164 -1.255820620532361 -0.05478122380632135 0.012887624137684111 -0.0470820134609653 -2.340147301563457 -0.0565589611253692 0.0021134077799332737 2.6841514122049324 -2.0715713377345755 -0.015816285382249516 0.010427340281748784 2.5658439296190805 -3.1973436637868518 -0.00019795966704941326 0.004209294613655523
0.1750293000334622 0.40697780083279117 0.48072462512876635 -1 -3.293425706007818 -0.49234837332435777 -0.012826538571893949 0.0011850686223313944 -3.810198378066323 -1.5028285873871703 -0.036617379842109464 -0.009861450164081333 0.04984974052627944 -1.2533600592272607 -0.0416317824697302 -0.0016669127492697257 -0.23207954799908403 -2.346845372251563 -0.04749414587667705 -0.003091257377166109 2.488332886199407 -2.0244289741702435 -0.05451406777604681 0.013455941101316335 2.458395931750209 -3.1370295127897934 -0.04215373689713849 0.005825730131666599
0.27304587811239267 0.2790377464241913 0.5517391565343676 1 -3.3227076223167957 -0.5317076088128688 -0.025737187708440253 0.0033005199752069933 -3.9276201881110477 -1.5709271368893318 -0.03281919494478715 -0.008098008530246047 -0.09361757558028216 -1.3059138433667945 -0.024668573738864188 -0.00844996220112106 -0.4088980728196123 -2.3987951209596656 -0.03511398548167531 -0.022220843095412522 2.3430430917434855 -1.9898554944152358 -0.034053391950332676 0.0067221438096258836 2.3385728970060375 -3.0930574795952275 -0.031922037535372545 0.0039420991419356535
0.34328239662445137 0.1732610868829236 0.47846072122794925 1 -3.371354019436453 -0.5766410859069405 -0.011121121438195946 -0.01020977402018047 -3.995315246769219 -1.6385497365669712 -0.010266418797569949 -0.008747584275949606 -0.2084349442080855 -1.3944925596678122 -0.00112624763369229 -0.02253177935743088 -0.529088016640348 -2.497226018821851 0.003563680426360672 -0.028590093406751792 2.2231184408027005 -1.9657539544450287 -0.03861305409954533 -0.001404818454972534 2.230069694351876 -3.0734335152812773 -0.030033502961163097 0.009922107386876523
0.4496952900542042 0.07354394078967608 0.19238073029885988 1 -3.4116418302370235 -0.6298492093365952 0.003360817418218763 -0.019020128325148763 -4.044623649331101 -1.6934831229197875 -0.004151325192334728 -0.016475134001473497 -0.5234883740319036 -1.3346101207066154 -0.05343739161143353 0.0008544713213156593 -0.7161624009234706 -2.6564686180874713 -0.023069032007771995 -0.021838991600250893 2.229764119202324 -2.1217979126456643 0.019679749871307266 -0.03337544848851268 2.222778419037269 -3.1052157919580035 0.022907307777516317 -0.024835191132173473
2.8226273 1.9589553 1.9959052 1.2673872 2.2458482 13.355032 5.839331 8.584232 0.43499655 0.9135784 2.2578068 1.0547276 1.259692 1.0028135 1.0605671 5.6618643
2.6867409 2.099872 1.6174095 1.1514913 2.380568 13.587523 5.107085 7.0816574 1.0052147 0.90261054 2.8360224 0.8365884 1.6964874 0.9736972 0.98559034 5.5028887
2.2970781 2.578315 0.8748089 0.9779848 2.885686 13.757984 4.2520137 3.3721476 1.7094135 0.8801875 4.538459 0.8391882 2.182539 0.92626023 0.86502004 5.918989
2.4590616 2.7177649 0.9380783 0.72092986 2.5669572 13.318648 3.9230068 2.6834416 1.6801403 0.75134206 4.572153 0.83648443 1.8777134 0.89919984 0.72860694 6.5510283
0.4721508 1.0054884 0.6368791 0.6467377 2.89368 14.012375 6.25483 1.2023015 2.6310892 0.594203 11.912819 2.209168 0.4944722 1.0089065 0.5942788 11.119435
0.7029791 0.06513119 0.6062808 0.8476124 3.3886914 13.002384 5.5481725 1.0864984 3.5165057 0.70877194 11.008168 1.8305845 0.48788053 1.0163171 0.7559285 9.857363
0.14943075 -0.44862127 0.023183823 1.0961208 4.1102743 15.668002 8.332752 -0.019791365 4.4763694 0.9477519 9.565842 1.8372116 0.9132792 1.1507163 0.99537826 9.901557
0.51992655 -1.550601 -0.1588614 0.7466396 2.8472548 15.012717 7.010586 -1.7514145 4.3393044 0.6728333 12.371925 2.6576114 0.47886497 1.0810552 0.7571777 10.820692
0.4728222 -1.56674 -0.2654934 0.75696945 2.8016548 15.080175 6.617097 -1.84513 4.262407 0.66839683 12.498971 2.566924 0.47796953 1.0511041 0.7331655 10.71916
1.2748094 -0.74333334 -0.23564768 0.4498633 2.0437322 12.406542 4.201552 -1.2316914 2.016114 0.5138962 14.651388 2.439404 0.7979732 0.8821496 0.34691906 10.790594
5
5
5
5
5
5
5
5
9
9
