57
1.7810771745968241 1.824504854535148 4.640527987201456 1 -4.0 0.32000000000000006 0.0 0.0 -3.59 -0.5900000000000001 0.0 0.0 -0.3600000000000003 1.98 0.0 0.0 0.04999999999999982 1.0699999999999998 0.0 0.0 2.37 3.2199999999999998 0.0 0.0 2.7800000000000002 2.31 0.0 0.0
1.6662431984851587 1.9076738512287 4.625207153730463 1 -3.9356896806689607 0.3533043489800316 0.034358031397329666 0.013265490774563887 -3.605082988519746 -0.6177860906895098 0.0015289515610739926 -0.013629842465095254 -0.3605764704245198 1.980066217859405 0.0015382965682398187 -0.004931615524804861 0.051404129953151134 1.0703201024082776 -0.0017234671112925943 0.0048790418612746096 2.3127062363324358 3.213961134441531 -0.02570264188360909 -0.011966850390702836 2.7620340960241796 2.286258943593697 -0.011633245336954173 -0.005722174555292177
1.8072690459337941 2.1457090421225433 4.56478602400494 1 -3.7963101978345315 0.33343639190817354 0.02011902870068148 -0.0197600158895044 -3.6129753603242882 -0.6983917832954258 0.0029822580757022893 -0.012897874049562325 -0.3876423230728463 1.9829702033162735 -0.008192452178186017 -0.0031251291998232542 0.045122991769433796 1.051260517063644 -0.005228341479462841 -0.003834115292678991 2.146952291105193 3.1361594206134464 -0.028192962299762293 -0.027993855459289264 2.6887566549825825 2.190067898027542 -0.022108797970491065 -0.022737925204700523
2.006666683615613 2.322290386183642 4.4659779716802985 1 -3.78832147502711 0.23229501789414742 -0.009012030802771132 -0.022540613893286005 -3.596914597025315 -0.7490995099920916 0.000386276437974788 0.003096504374234783 -0.4560239805427404 1.9723486064802862 -0.015655534651645413 -0.007575422519934802 0.0033637521093083933 0.9948840644056163 -0.014323001051272165 -0.012439163639843933 2.031359734373578 2.9979960105245667 -0.019260786481237184 -0.03141253709727401 2.5676373498045004 2.026280396552518 -0.027715651322208483 -0.03125109042846573
1.9902656884641878 2.3284976360686733 4.387995759258374 1 -3.85769835266769 0.19074978156051237 -0.017118160627094522 -0.012019707512407425 -3.5721977615494964 -0.7733436162148544 -0.0062202950939572385 0.002869484343349913 -0.5576117184564215 1.9187187269914094 -0.024441883354908114 -0.015866312534592177 -0.09237003137089417 0.9139975954844848 -0.024099513176997253 -0.016881793029901816 1.8999652071490374 2.8640959660257863 -0.03135381155862881 -0.02702812314923546 2.4384931918924355 1.8735896095734814 -0.025273697506746816 -0.01906501644673803
1.9781981503884063 2.328012312489389 4.383762537972769 1 -3.9019161389899413 0.18256853117412497 0.004882208114546522 -0.0003526181603475259 -3.5872753175734218 -0.8290520025935348 -0.0019466124950338441 -0.014677653441861758 -0.7065038855296542 1.8265761780233651 -0.042331368961733146 -0.029192062373009014 -0.22836452912277672 0.8166606369309908 -0.042390286185979606 -0.024472884990196446 1.7145044234838043 2.7533510739996014 -0.018889399819137002 -0.007209484378922139 2.3263382482196793 1.8069106343833141 -0.006823667012923494 0.005025443535052033
2.0383867937812186 2.3720161592203017 4.4233197272855715 1 -3.8984090344740854 0.1627075317021498 0.012547153791960076 -0.005494448403852208 -3.6438093724554057 -0.9446296509692295 -0.00415407074535902 -0.02444851718964539 -0.8453036369216846 1.7144639683221965 -0.0058746580255543135 -0.007360825636914082 -0.3669313500592484 0.6975126204360396 -0.0015972890762828047 -0.025006210728158243 1.5461900161163067 2.6649567929111906 -0.024897678425833108 -0.0119699314130235 2.2105361387977807 1.784720945861495 -0.019902600981622918 -0.0029919925056578374
2.053434715422142 2.3922609782529767 4.448992903194657 1 -3.8956334600606173 0.1122656477937396 -0.005080462254889069 -0.0037517586714863153 -3.6904791848978125 -1.0753441778840558 -0.003616581711170474 -0.03590325872786774 -0.9148651071269258 1.581979769235244 -0.017899144261348532 -0.02269810668529825 -0.4683482254509954 0.5441610995149433 -0.016715943170905877 -0.04417244075062014 1.417041895922333 2.5975573112659816 -0.01464710520832832 -0.019831375261550908 2.097658201751776 1.7446350605988177 -0.027509645837186757 0.004514455217180028
2.050935581407032 2.3941287911795555 4.4499922339955305 1 -3.9038349730062656 0.043581729079038345 -0.005257926212144196 -0.015437120902194006 -3.7023818479996264 -1.1726047862646276 -0.005225185312722131 -0.014768474715090626 -0.9401115977071823 1.4375472388072517 -0.016190937301494252 -0.02926507829204602 -0.49221717640834495 0.38985954795102784 -0.00570004124864433 -0.03596367170986818 1.3059737732889873 2.549080750327135 -0.006606705918911413 -0.00048364965668205515 2.0156542351346545 1.6919448808475126 -0.005350721024870483 0.0036917596313643017
2.0817429824260603 2.4176748507764088 4.46953647240051 1 -3.8826789994245026 -0.023322224204987196 -0.00039483253484778186 -0.01596508797298852 -3.7121273986296868 -1.232044871917723 -0.010089454694520555 -0.007329610594530691 -0.9620536960961026 1.3152839913576435 -0.009476010202175943 -0.012557456592668553 -0.4509075677454897 0.27005646288802576 0.013239982753685372 -0.03089770702621519 1.2095726239922602 2.503620678048656 -0.005074985919789929 3.188209738813272e-05 1.9607259851580174 1.6781576578046078 -0.00018273025847001176 0.011999226772498373
2.1088612635364057 2.466107515307307 4.487733186354956 1 -3.8225671528424825 -0.0762508947021443 0.026029243454710374 -0.009264954040142779 -3.7583155230723015 -1.269844837588477 -0.00015729122983021426 -0.006333756906169951 -0.9534236494821529 1.2173169967639321 -0.00746577817781028 -0.025788860635088912 -0.40422949869705516 0.18401560018128094 -0.005608616715563879 -0.023649176300706544 1.1379359673680138 2.4660593870789236 -0.022299550826769477 -0.011166491091314231 1.9454588584333967 1.6897247469093406 -0.0007398489214974421 -0.009757135379807713
2.1655225790367694 2.5317423536648804 4.466506568552523 1 -3.772249538990937 -0.12440644103746246 -0.008123043860714654 -0.012353639993291414 -3.8141208719467716 -1.3048916693890111 -0.020881977291432586 -0.002532047892686462 -0.8971365046310984 1.1222227536398561 -0.001002228421567798 -0.02797951117482518 -0.35268541708515233 0.10449064988249979 -0.0009644515768169265 -0.025353851939163324 1.1217408331997705 2.443729084271364 0.020921624185340586 0.01911634955324446 1.9705809872534434 1.718204481183946 0.023165925265882518 0.027088452077144252
2.24908444912455 2.6175909430125803 4.41733809338176 1 -3.745348622544217 -0.1799866309367264 0.014814269627075015 -0.013457125335202732 -3.845133790613836 -1.3384293240001415 0.004507922825100291 -0.006029637577653011 -0.8324705540552411 1.0019294888484365 0.02429120446048647 -0.018459798197004412 -0.2732406648153276 0.01698956844418764 0.032630706449331845 -0.012534366596410725 1.1350165294605201 2.4326661384325647 -0.006038386898232688 -0.005001629238673592 2.0202068917214264 1.7541912519465401 0.012935032363799276 -0.0023852782673291057
2.3253429880422773 2.7001320121062347 4.369474525884667 1 -3.7285885117031343 -0.23496529859721837 -0.00831734339025434 -0.005778647318102105 -3.863447234489789 -1.3671283199837614 -0.013745475429904041 -0.007348219156201597 -0.7692821021703447 0.8612266976247851 0.019707655239113345 -0.040468026608691324 -0.1711955882723588 -0.07328732068267829 0.010788326316552157 -0.00517554961923683 1.1492570386949277 2.4179597918884945 -0.00078875588113431 -0.008112299731094237 2.0652396875083694 1.812087185344264 0.0034631588122607908 0.012266583172757091
2.3909025768743284 2.777944657322447 4.335329419922859 1 -3.700795670297856 -0.28081562559063766 0.015346514425165263 -0.018974424839387834 -3.882554820372588 -1.3824889676531047 0.005710398929981387 0.010211497980295782 -0.7023581272114203 0.7370395814197945 0.0015169332707970573 -0.033007876158265705 -0.07751057123027483 -0.16451992510372748 0.0025209771313259195 -0.02527036001952326 1.1434953182172718 2.4048799809522365 0.009313504753338203 -0.009451027681453707 2.092841476285578 1.875001752810324 -0.011880034140299199 0.020109511528272644
2.4418386545194286 2.824847187227618 4.3037035268444495 1 -3.671025413810147 -0.31232045476143777 -0.00918741809965088 -0.0003226829176844999 -3.900320112965002 -1.3850332524102935 -0.013603767434913455 0.001920430535972901 -0.6270694486091548 0.639898021386615 0.0204458064770698 -0.03190058623811969 -0.008167379639632877 -0.2504005477726259 -0.001331435254395547 -0.004207676394387263 1.126579599266675 2.3945977327151042 -0.009884056355342629 -0.00025598872327891806 2.0993736191043073 1.9048765866552722 0.005580471915719776 -0.0037836413377342164
2.4262200907039637 2.8084858466012665 4.258566031003684 1 -3.6538925504896405 -0.3228251397646271 0.0067659107478756685 -0.012646669588745975 -3.9050802696202647 -1.3784838035041211 0.008766455911504564 0.015798339624206577 -0.5672999233285769 0.5574150465567547 0.022978598625188612 -0.010053149279357753 0.04235741350875255 -0.33849629560377936 0.017893638747892158 -0.006941261455331633 1.0965880811297124 2.3671049740703793 -0.004860901417064311 0.003380338720034376 2.080215202081992 1.8898506662613692 0.001326600830758638 0.0035358517361586527
2.542156864456847 2.865142319130787 4.138134908003121 1 -3.7272461257442586 -0.4313574186148932 -0.013738809593149638 -0.030970586167501597 -3.8694014773882994 -1.489694562976307 0.0031938152537158565 -0.03874536685258129 -0.48606021079598083 0.3825994178758896 0.009654500793195034 -0.05842894271362465 0.11996322009648441 -0.4769181720602157 0.007188389061483554 -0.044752038946672 1.2545981191666353 2.3303554707761696 0.05246543719777641 0.011564145353931625 2.150857308420324 1.8994637610898697 0.04605949190735237 0.022127733077386448
2.5830691849635934 2.8597333316636684 3.985286739798452 1 -3.7023795965912214 -0.6642540393240164 0.013209453279974923 -0.06551060165306274 -3.988985547429371 -1.5878873187346103 -0.04280920332392668 0.003159784136527316 -0.28550022075133796 0.1547352934400703 0.06605097190958015 -0.034537710679026175 0.26642355968051845 -0.6352546092877465 0.047480821149214265 -0.014902803594127698 1.5498444438267285 2.4159146707080703 0.07417375335052537 0.020705490191568938 2.379627950181825 2.1547204903232298 0.02228839865665702 0.07652554954906923
2.632139673760247 2.9095568473481217 3.754558230651345 1 -3.693223844999888 -0.9271179799863118 -0.013973523659232542 -0.03755684055067168 -4.200408049215206 -1.6580562296939838 -0.027068424731950064 -0.03038392580403389 -0.0073063665138271006 -0.019373296955698338 0.04991609278420167 -0.03764177408075679 0.5134260670592923 -0.7122474711015383 0.04736119895184358 -0.007375682230260477 1.7656262100313134 2.58854625445799 0.05849950247528299 0.03809646838812585 2.5867478316462273 2.465327166488494 0.000682308905462517 0.05505209736783408
2.7051728732777325 2.9872942246340433 3.5849189432489608 1 -3.7985095896368173 -1.0875648618876175 -0.020271425937077103 -0.03653693724949649 -4.202385869999138 -1.7907056597734246 0.026645524461868526 -0.00703782852782088 0.25329982729249245 -0.116541348001443 0.042789738706040935 -0.023405342942387705 0.7888084713049723 -0.707492750316896 0.03642634579856159 0.006790935029953586 1.8778851996330372 2.771121292974369 0.04079270780741922 0.027258170588444274 2.7017755835901696 2.6495304834435967 -0.0144793358252105 0.03648381704500484
2.718434353671618 2.9995065294694934 3.499679678726307 1 -3.8032173799539115 -1.1606258257403872 0.004140034572813945 -0.022097999001693874 -4.135276061334507 -1.8278813527824507 0.026047142028288096 0.029212947603827484 0.4331550205485666 -0.131689556356971 0.02206595744772856 -0.009300298336812163 0.9713482655064087 -0.6883381475256287 0.015849734010045476 0.0010742788304996947 1.9273279464132287 2.842869708878792 0.034367912669337274 0.008687172254711576 2.759303170972557 2.780273267946001 -0.021756841749588744 0.02389569211703007
2.7471961100712488 3.0257147013896053 3.4581410771379835 1 -3.719336768412801 -1.1149089737312767 0.013331496398630377 0.010337367141695454 -4.078474399037161 -1.722212568844601 0.02684937437345295 0.043172493938321226 0.5262829055161893 -0.11122186759562958 -0.008102754070232934 0.018406623080648343 1.0695556859821336 -0.6858385813263146 0.03321837502719792 -0.022235677106241806 1.9542485914244994 2.87243018765252 0.0013679801086467804 0.02014597970482588 2.797772136380912 2.786433193649492 0.010650255185935278 -0.0008699528417555891
2.7358947613178795 3.0188116977512838 3.4308507072263428 1 -3.630531633213063 -0.955279986780126 0.021769513418639322 0.05243864596853877 -3.982219995142793 -1.5988136509741533 0.010569156309254863 0.0015833180210621592 0.5489837074892847 -0.11696158252627264 -0.021629144657512873 0.014592214897584093 1.1253248631734811 -0.6926769608932848 0.02929157006913103 -0.02706389338528481 1.9626880193755447 2.8309674724811447 -0.033408440203640366 -0.01546870042538731 2.801831147518487 2.711354144771185 0.03658848658489515 -0.018607174628525826
2.705645197796967 2.9972025142278897 3.414009950794221 1 -3.5858219778252645 -0.8039564142306697 0.012767288664072415 0.04547573890046103 -3.87102809379678 -1.4948701172727643 0.004086203839224362 -0.0006944213958136082 0.5317369332129163 -0.1509464927983103 -0.02205854972776996 0.009893721069170408 1.1300312846026719 -0.7346336365773503 0.016184927508851032 -0.03493612522853974 1.952439629698036 2.726558726256891 -0.03166663797112453 -0.01565800530223909 2.802550333160662 2.623696760661225 0.0335119761832547 -0.02965017418921535
2.6872738213937133 2.9882094738978107 3.383319446826199 1 -3.5537522408911335 -0.6926742293957824 0.010321892074508622 0.03750222700501318 -3.8293725811216 -1.4074259044162187 -0.009074799127185881 -0.002280221479561551 0.5152091487226738 -0.1965714892346102 -0.020988467805289037 0.0040811765007456625 1.0931776428981035 -0.8211048205301568 0.01056393658555318 -0.040019386228121706 1.9431882325782048 2.6334196453745013 -0.030235696091041774 -0.017637189480673197 2.7958242861134632 2.471427797536798 0.030049858471762413 -0.03773463916228601
2.637911541678695 2.942104636358237 3.335930978952212 1 -3.540084458417404 -0.6046942366910113 0.002541058154684311 0.03207561220834163 -3.8319456873999096 -1.3510978055522238 -0.008815535802862087 -0.009372681249389964 0.47961077136012786 -0.27951861261004207 -0.024827696937245906 -0.004595762332391864 1.053748703190168 -0.921524655757187 0.010024439471844534 -0.041106650491945604 1.9320262701526483 2.4932791966743655 -0.02947059751377812 -0.027512313743975125 2.7888991320050556 2.3281084385747253 0.0303843404737891 -0.03232022211558715
2.6001795511306565 2.9051459430054902 3.276458490889918 1 -3.558894353796207 -0.5464037141413203 -0.0018564983149706351 0.022051515930673813 -3.8272383309493607 -1.337389050165617 -0.007233880927826033 -0.014248659092140334 0.43990157696864784 -0.3818788445681772 -0.01921892124029509 -0.004102021342132384 1.0062664543875401 -1.040079504438643 0.004536777795317897 -0.04707422858561515 1.9249814018009594 2.3477960046681763 -0.028244985999978784 -0.020027200281237466 2.781850753288138 2.180253448491008 0.028404190958107502 -0.04027787744062536
2.560185116235482 2.8680549468671224 3.2108865092085166 1 -3.5668518490819485 -0.5328993202931596 0.0017678685280711338 0.012065098742149907 -3.836609749835081 -1.341952111236982 -0.012498405091903642 -0.012414948476150397 0.42409081415030503 -0.4780958191118162 -0.01637153635350212 -0.005026656751299715 0.9452899500836986 -1.1794696192969347 0.004810358947710895 -0.047851360591684176 1.9192523621819806 2.221792702122409 -0.029000462723221758 -0.022965327631942638 2.768113440483848 2.010409263696443 0.028296368495648778 -0.03822741980418641
2.5033248935243106 2.8140380371049822 3.141205751188259 1 -3.5610069250759806 -0.546713334667791 0.004380644984173619 0.00292756553495677 -3.861862017762446 -1.3523547660000594 -0.005621705241485921 -0.01243577924745017 0.40266709897018416 -0.5914650570569446 -0.01642160841697091 -0.009082755905876337 0.9146904244365262 -1.3063471067418688 0.011926328113596677 -0.04462586710195729 1.9102868902916947 2.0672112627167167 -0.028829309149767012 -0.02539140627791595 2.7620056710028296 1.8704007253789436 0.029745573856182667 -0.03453835281830615
2.4608442994639668 2.7726103810131217 3.06588360483865 1 -3.5707918281229394 -0.5793293907769602 -0.006914629000586054 -0.025431205089117653 -3.874381056816921 -1.3782354195690414 0.006551377913957439 0.009833781901763608 0.400452988927511 -0.7086252397162349 -0.007747246595018485 -0.006463081655770537 0.9082530968962548 -1.430448081470911 0.01287473451255876 -0.046715307850156734 1.906723145441254 1.9323797057265795 -0.02718518057493348 -0.01781144826763685 2.757979033368067 1.7216915923467808 0.028669111231757465 -0.03870591553602213
2.4158903074978917 2.724632272703597 2.9874773164939152 1 -3.5750685793793973 -0.6318032114784845 -0.0029833426549811175 -0.029166110288905416 -3.8946642974635064 -1.4114561741974365 0.004423242291897092 0.010010836550202448 0.4274983203493612 -0.8260670848133529 -0.007647460916477303 -0.011927228062617923 0.9089519397420363 -1.563439059670861 0.013685550168571276 -0.046372599481035594 1.9084640603805036 1.8110811759418 -0.02641096538066968 -0.020159156316844173 2.758298977592381 1.5801049243884302 0.031007886193328817 -0.03085917477478624
2.4153249215437476 2.70745171516912 2.9061065125522694 1 -3.5720068234486755 -0.6900970647512205 -0.003579776202838007 -0.026857457809410734 -3.9258562293594514 -1.439948810107626 0.0052292334670608134 0.007906250229135929 0.4437108602977018 -0.9682662174503405 -0.011779000135714751 -0.017485231277436092 0.9258208650727546 -1.6955810602856922 0.013886772031470075 -0.04729419445851729 1.925004154643739 1.6943235475685552 -0.02281284059849712 -0.011537399505153118 2.7712080738844067 1.4908538901017647 0.033879751520713625 -0.023183649001874158
2.441798797739975 2.7732543647407084 2.940729769725746 1 -3.5888719216800906 -0.6649762924228644 -0.004271990039500945 0.008248825450112764 -3.8272079342935275 -1.5236105694910482 0.054767283187055316 -0.011637609242497977 0.5677450860110351 -0.8680426281477993 0.03778944635441096 0.03621110579989677 0.6272219755357709 -1.852183811107376 -0.07830390267984973 -0.0018101682347210829 1.8968631140105598 1.620102448110396 0.00735588109042413 -0.03336414433546574 2.762358450616805 1.3798054742043488 -0.03344559621451476 -0.027558658149330548
2.5279055922199127 2.973788121039136 3.0199435396174015 1 -3.563491412239207 -0.5128829192185405 0.00427875463976587 0.046649595788183736 -3.63116121729576 -1.5106425039070346 0.008481093766203558 0.020785498059863707 0.5080756924103502 -0.6820530854645558 -0.018980169354379812 0.028400197943597442 0.3138001650834603 -1.7695483354204895 -0.032871203442926315 0.04302218141147914 1.7807568477143167 1.4078293811703717 0.003863787019224822 -0.06342985017737136 2.7650345779570076 1.0991290561374534 -0.027425853289355654 -0.060469127776117654
2.6047447252075195 3.040361999137485 2.922783230636661 1 -3.5873089437247097 -0.3436157453597698 -0.007945083423552567 0.04958421442104152 -3.6737046092050987 -1.3186354002968288 -0.033167064362569804 0.02479080445151617 0.1982142393783919 -0.5338065040885837 -0.06729687491109457 0.0023362718139785937 0.17322607219843 -1.6080914833253854 -0.028870473000992446 0.048209563459758284 1.7304996737246396 1.0883730191961325 0.007912940505194267 -0.07609980693612338 2.748634494233155 0.7046914374722884 -0.03048799939004785 -0.07047813665682658
2.4743677034130624 2.925852444497042 2.8387939016242245 1 -3.641938378889084 -0.14796022172146905 -0.014283577977057402 0.055210397463426396 -3.8025351839168713 -1.1831273641174107 -0.023605208214123707 0.00939882350987719 -0.08332005641157192 -0.42568773149655714 -0.035393890132476846 0.0031261271980581144 -0.018123842029521775 -1.5173327035011162 -0.06636454011453238 0.03623434229168335 1.672528894787745 0.7577864849125859 -0.0031182407406377247 -0.04601092766984042 2.6921788420929715 0.3188631760580485 -0.013035845191134175 -0.054889473652659934
2.388691561030047 2.823272166608884 2.761132609259804 1 -3.7416448311713664 0.06994934131780117 -0.0321447528106599 0.04192666695140677 -3.8226653546225005 -1.1014830097217334 0.0027670114989460197 0.016991516278510907 -0.18589992832073943 -0.34672523978791014 -0.02232742986872613 0.006306177963555041 -0.3912555178173731 -1.4257246767249243 -0.08733406153367679 0.023951417174770905 1.6183977265715308 0.5079609839585577 0.00037574668489451235 -0.025270699379205012 2.574775483287574 -0.020766854014601543 -0.019738696713086607 -0.05454340144544918
2.4000389235507495 2.7639302938378085 2.6642996481650796 1 -3.8919362221124407 0.2624602257918396 -0.018120174126379777 0.037720132672243376 -3.7678295788904124 -0.9827816723399508 0.022987816166840307 0.032738232622731935 -0.24322070394973228 -0.3499399953013934 0.00424839647228702 -0.015107829172030504 -0.7191768078291645 -1.359855954241538 -0.03369364880830554 0.0016041311053349421 1.5771600795336438 0.31859294377885883 -0.0025412332347729944 -0.02043343666465938 2.447838916821957 -0.30084506183159143 -0.01736497165622502 -0.03534858370022989
2.2794455619843497 2.6666005896720812 2.6185720141485045 1 -4.008661705983442 0.42400067454929147 -0.00809161717269221 0.02910360760448817 -3.7492276970239526 -0.7946254412071327 0.016037772481580885 0.04391344670993614 -0.342879193305369 -0.39017918613026314 -0.02213766128597229 -0.0004092582776790022 -0.8936826352505278 -1.3703988738644985 -0.019302825855004917 -0.012852014653896869 1.4906421961949734 0.11706427020804311 -0.016130267743752237 -0.04692600157335824 2.3419828308600623 -0.5168003199235088 -0.024662427066239542 -0.034620732682731546
2.1597380159786534 2.5436031908789816 2.57609213199578 1 -4.117195616859287 0.5228496295928593 -0.022485250458803178 0.010066021574255742 -3.7399948575284907 -0.6169340649194246 -0.0016046094432523791 0.03203024599727829 -0.43092441594250097 -0.4027520468263638 -0.005001651645856706 -0.01663039319382585 -0.9700298662443498 -1.37154309819103 -0.007583475689118674 0.022875879878697457 1.4170762433159982 -0.06423468305372093 -0.008061514641349268 -0.03252791613127641 2.2674600970373167 -0.7146921558591746 -0.022155977229540012 -0.03550844600577456
2.00011497637403 2.277001340139128 2.5638529756799717 1 -4.210798099661222 0.5673136125279861 -0.017995839358452358 0.003682714137949203 -3.723264203369502 -0.4739931896536761 -0.0020628085472390485 0.024212914659690735 -0.5199819705927586 -0.32163651403886706 -0.03104664036508956 0.019683125621138532 -0.9275071708515004 -1.3964416493342582 0.0024834986177572314 -0.001006796541074953 1.387409359434698 -0.1537777544817055 0.009016246996225101 4.1740185832968985e-05 2.1686752875363924 -0.9331039572856576 -0.022796734454347087 -0.03864625289507085
1.5528898653697967 1.8307507463445793 2.640321310051196 1 -4.277273902157889 0.59251495595501 -0.003023033956477718 0.009829812146540724 -3.7196541487520918 -0.36866986909125143 0.006742703319580726 0.02115770523885161 -0.5652098248099313 -0.2714568467773113 0.010134738065967737 0.0013871659193051727 -0.9411408238437069 -1.379917575174117 -0.006344961301542258 0.00876545204799086 1.3206162017400187 -0.1688326347252611 -0.023769749154322513 -0.004038355538872683 2.010645879152242 -1.119992794729072 -0.050278574254725865 -0.014967076435467378
1.2291527714336599 1.4171623280537922 2.641252386704401 1 -4.320329700391747 0.6405183628744695 0.001622066223452092 0.012855922365672016 -3.7588124288094105 -0.32428636995187843 -0.008528936500076504 0.010461001909264555 -0.6026141711419166 -0.22903443100214793 9.510606340213529e-05 0.0060249810263838174 -1.0676472847139045 -1.3074345956531939 -0.012738392572984595 0.012104856856639775 1.2547396006318188 -0.08935806474905295 0.011230099732422626 0.03163487369611065 1.8912277678501965 -1.0843211830513932 0.0009414365965359425 0.023509976551918166
1.0779483455134253 1.1938801213675925 2.3476855179444924 1 -4.354332503047186 0.7204428648527454 -0.019669530640661063 0.006138663093141497 -3.831077360032302 -0.3160382528341499 -0.03206348045850106 -0.006729549117318587 -0.6910970986503369 -0.1609563640599363 -0.020733363404514236 -0.0008429867206414896 -1.1685964379452334 -1.2396217869749464 0.0034606427824638176 0.023646521581719156 1.274713489121912 0.007790605692882258 -0.00016633323022520463 0.011727802410416042 1.8072137578678626 -1.0202671678259305 -0.030612333722567553 0.002843178542472822
0.9758496602152548 1.0185241353222065 2.102517557256755 1 -4.406131253577367 0.7575473763967304 -0.01501743395488031 -0.004407883652539 -3.8596429067582134 -0.2942455239227598 -0.012853949932098523 0.003526560363505949 -0.7742011327660916 -0.08899181914043253 0.005882486633469859 0.0077531475607681664 -1.172611834522225 -1.200312213014465 0.02276659698022212 0.00655834461915736 1.3815158613580243 0.0848338760437315 0.04009847200036365 0.022196124338688054 1.7340087263764419 -0.9804497177703955 0.007486010881152966 0.009355575943241835
0.8086011803530742 0.7767971460857311 1.8732487819370554 1 -4.474637501713026 0.7409124429095304 -0.02366968611765213 -0.011445684893880693 -3.8479299390408577 -0.25197733684148105 -0.009472989272637072 -0.0007150078330866805 -0.802441412851584 -0.0018136165646729374 0.017234591169897853 0.01755879107232018 -1.1195700236270563 -1.1271060872400056 0.025508377817988873 0.017509174676420013 1.5107188422813804 0.16561563351843445 0.056771818387435696 0.019859324988340005 1.7114381344929628 -0.9300774406068097 0.02764013326423294 0.019829326931649117
0.6305460513646565 0.5445960386053029 1.6856651905253615 1 -4.515798175586352 0.7319259280169292 0.00184236070285564 0.0072589741121830784 -3.842372062544933 -0.2244070060923662 0.01050839166314669 0.01113771208281119 -0.764378462611154 0.1319714348928418 0.029771077101205058 0.031146632736381012 -1.0438663771942274 -0.9861362430124797 0.028664640722768635 0.028543786818719063 1.6547757188086178 0.2614779764641051 0.012566284857372857 0.011994166623850321 1.7341699302386937 -0.8533396659220058 -0.01267759639614028 0.02183904139379682
0.5020009242157295 0.36028418995816003 1.5449180166401089 1 -4.506714873849349 0.7376906012880233 0.000795112208423359 -0.0028938658899837913 -3.8520573402789013 -0.21914277914976976 -0.018051309133084753 -0.011285624869897991 -0.6953543647288427 0.31401542122923276 0.035112992146935446 0.03417508759303739 -0.9499700935291839 -0.7945424942797974 0.038155273489124016 0.0373384935922796 1.833131316429398 0.3396570352302004 0.06145469797746992 0.009254118304820428 1.7942068415994141 -0.7767336125492148 0.03921526674617999 0.012136615253413906
0.3954031772382779 0.20097693266585478 1.4293366971416257 1 -4.476756346220494 0.7188525777106358 0.014724104976816383 -0.009104045121042726 -3.83041068897107 -0.2245324469366532 0.01613175394550166 0.006915340847985851 -0.6196259009349379 0.5154408230789138 -0.006752081615930758 0.03358431592945212 -0.8421002383236509 -0.5954756018135818 0.006893590280036999 0.054143688688224015 2.0240803003287304 0.3727158246772453 0.04778591918243163 -0.003126136989720064 1.857077634959058 -0.718561085145498 0.024270769803008987 0.010515976855988547
0.28542075464528344 0.04472543776080675 1.343540762966434 1 -4.454809036094086 0.6576058146973063 0.019477449032020262 -0.022462212105812156 -3.7706803547669674 -0.2507720108455893 0.01825547162361673 0.005894214273598225 -0.5312129390023235 0.7076097497484699 0.027970712160134092 0.03478933643411708 -0.7229335416954807 -0.3970759231941451 0.033816593736721384 0.03967482529758092 2.2033525365387776 0.3786103482622809 0.04095952646281764 0.010800581778094035 1.9165891828622934 -0.6795573780115101 0.016537128728135158 -0.0041994437106336584
0.20059085436956053 0.08282000853506796 1.186975015853538 -1 -4.405223969549825 0.5897126154317656 0.01753222394877941 -0.005919524663163716 -3.697579086932598 -0.30567233911120095 0.01818648237894129 -0.01101558113378215 -0.4423673307587883 0.894339328805303 -0.001580580706188611 0.04900394390556096 -0.6032744554411069 -0.19659028684702562 0.0013700173150225613 0.034255977492958015 2.361582427617588 0.37270859350882524 0.04504357127581533 -0.010204593569480003 1.974542642725475 -0.6431895293657286 0.02839279708390087 0.0003490412837839352
0.10491860030230865 0.20333663622738357 1.01041753444977 -1 -4.309410986705403 0.5406775975915128 0.008735698364877706 -0.017920340531568664 -3.661586461359029 -0.37902923635050545 -0.012005442812490899 -0.025641509490742315 -0.35049153518501264 1.0742934602472736 0.0020094647059596352 0.036353638771532644 -0.49087051312804775 -0.005503354159213547 0.003830780473433962 0.03826117736807675 2.4974622958283295 0.35400410029005247 0.02510070727510091 0.008973396611326907 2.0053969065140818 -0.613956343013754 -0.0050996171609227 -0.001277645743752425
0.02132119006265423 0.372059298688985 0.6073754923027529 -1 -4.246123314815648 0.5829588136939727 0.01136114254169611 0.014678882521833697 -3.7249575937986963 -0.3476745457076118 -0.005883899404257476 0.0336456785682761 -0.2523451184941967 1.2619365106724363 0.033489847781487336 0.03180800451339616 -0.38845028167005324 0.2123580693890854 0.040753741527300776 0.05188234217286226 2.66320671966146 0.3511505639156898 0.06776654699893217 -0.018033195736934925 2.1821524685336238 -0.5257376001669157 0.08103999211236645 0.009899241446250324
0.030279233032596175 0.4743661602866505 0.11672386423223116 -1 -4.35376756982922 0.6187971990891898 -0.041405479054291185 0.0044352742466808575 -3.7387072010912683 -0.17481850865376958 0.0021595616543482344 0.034605679522869415 -0.12577126884163725 1.4394484738884863 0.022894256770288036 0.027089749806638187 -0.2250087430280603 0.4614011937424354 0.027073258157442787 0.05305154850724812 3.0466373386207684 0.23886419214514665 0.0727927496291159 -0.04270480315253986 2.4948114874109946 -0.48416033626743205 0.05642565897518615 0.014401663658999135
0.03780471779478595 0.6485565848311489 0.20280750735651046 -1 -4.466012942349531 0.6438927757430584 -0.012370370329898938 0.020945572780702394 -3.770942131001032 0.010310927915196944 -0.009647020051296458 0.020929797168971608 0.11866733520007688 1.5657396989678096 0.06821906291803735 0.012717348043357737 0.0018584669025001332 0.6699191429787559 0.06088305882761344 0.038199738267849226 3.422624267135161 0.06337784066096264 0.03490090740364526 -0.046522576021200725 2.772932180673793 -0.5434118862293063 0.06334871117731922 0.0015172277848128513
0.024597545615511984 0.7913905723803643 0.4310905714578583 -1 -4.425955154423535 0.6931149730370625 0.030017841223906418 -0.009158340935598138 -3.8235659561621773 0.08618583345502051 -0.0030501204807672827 0.020739812539400843 0.4023191360112559 1.630064616731131 0.04610990579095352 -0.0193462546467114 0.22635329826709683 0.7970849192841685 0.04576507382394103 0.03625052303158025 3.6544518786105478 -0.05140121787020402 0.01493729826401739 -0.03258187087205047 2.9847795057976843 -0.6323265855956417 0.03877523994271541 0.009750929821008591
9.705996 0.19663048 5.7963657 2.2562954 5.0826797 8.9781685 0.37094593 1.9949296 4.1597085 1.5027523 9.610467 -0.11024213 2.5224125 0.8492477 1.6074352 5.728847
9.43265 -0.49407673 5.371932 2.3340278 4.543506 9.166585 1.2384193 2.6143742 4.285934 1.5318978 9.672369 -0.051864147 2.5123358 0.89681697 1.6808598 5.7568293
8.129582 -2.960855 1.3029933 2.1594677 2.2860303 8.67013 4.062775 1.1494228 5.0892286 1.5395535 10.948974 0.5985936 3.2303686 1.0167716 1.719094 5.576523
9.4013195 -2.7735581 0.66009724 2.0731702 0.88305855 7.428506 3.1962986 0.40997314 4.2785406 1.6052749 7.799992 0.30582142 3.6147702 1.0456715 1.6060518 4.192218
10.475044 -0.24645996 1.3411274 2.21191 1.1122999 6.486027 2.5505228 0.87545156 2.5784526 1.5622418 5.9104385 0.41093946 3.1469796 0.9534488 1.6364731 2.7585711
10.769919 1.1934693 1.6013234 2.3427415 1.5057063 5.8278804 2.2410161 1.1552328 1.7496393 1.5131041 5.6023498 0.6627506 2.6964533 0.88793373 1.6908863 2.171749
10.509251 0.06654072 1.4092909 2.2258265 1.1548018 6.4950643 2.6630156 0.93045044 2.4490142 1.5617596 5.679199 0.4344101 3.1281836 0.95016634 1.6439731 2.6561499
10.262287 -0.7957301 1.1884367 2.2400472 1.2254124 6.6464543 3.1389313 0.67369604 2.835001 1.6040814 6.4572525 0.7772707 3.1738076 1.010541 1.6309197 3.487873
9.749203 -1.9231296 0.8305929 2.3188426 1.5500889 6.72 4.068944 0.30456257 3.361826 1.6693745 7.9766383 1.5713123 3.1181707 1.1089771 1.6304518 4.9955688
9.673271 -1.80376 0.8194586 2.364011 1.7334404 6.659102 4.3173804 0.29986954 3.2573528 1.671607 8.315844 1.8261232 3.0068529 1.1156621 1.6445785 5.210334
9.948132 -0.049684048 1.1430436 2.5897956 2.5099056 6.227627 4.9713497 0.56169486 2.1305091 1.651748 8.433826 2.6547534 2.3685818 1.0908351 1.7419364 5.1130724
9.47327 -2.01126 0.7239059 2.346461 1.7332592 6.738725 4.333515 0.25148296 3.386075 1.6641588 8.687492 1.8119764 3.0348277 1.1120515 1.6349999 5.339939
9.507299 -1.6404791 0.7846894 2.3996773 1.9136682 6.6369925 4.4871798 0.29807067 3.1335564 1.6608912 8.749338 2.016283 2.887589 1.1078346 1.6545887 5.351986
9.249568 -2.5011773 0.5951779 2.2840588 1.5689526 6.878035 4.209158 0.17013931 3.7148018 1.6615442 8.9153595 1.6199313 3.1943865 1.113079 1.608836 5.428936
9.197659 -2.5271573 0.58064604 2.279896 1.5617337 6.889095 4.2024026 0.16244006 3.7398965 1.6600798 8.951672 1.6057267 3.2037184 1.1119375 1.607275 5.434323
9.084506 -2.649457 0.53397954 2.2573593 1.5153122 6.9444346 4.1541066 0.1426692 3.844838 1.6541846 9.071955 1.5258429 3.2520065 1.1072583 1.6006584 5.436087
9.024662 -2.5911536 0.52849174 2.260473 1.5455909 6.9532824 4.170354 0.15345049 3.8235736 1.6483347 9.155009 1.5333931 3.231625 1.1017488 1.604326 5.422422
7.36215 -0.8537283 0.4572866 2.3038785 2.3136039 7.2549186 4.544091 0.61509097 3.2738943 1.4488106 12.383564 1.6479639 2.7042923 0.91993034 1.7173736 5.0511894
-1.5268922 5.936641 4.3320265 2.529727 1.0834527 6.2276444 4.184402 3.359718 1.275821 1.369441 12.511402 1.6031233 2.2041345 0.8714707 2.1564012 2.5719647
-1.6542592 6.067871 4.339446 2.5260868 1.0278335 6.1715107 4.075911 3.3941607 1.2518957 1.3621194 12.479058 1.5191554 2.2236314 0.86145604 2.1555545 2.4619656
-1.6241107 6.074242 4.361681 2.5206258 1.0426655 6.160604 4.025753 3.3821979 1.2267656 1.3582948 12.463535 1.4994372 2.2203815 0.85668314 2.151302 2.427701
-1.6419826 6.0948563 4.3044076 2.517435 1.0289855 6.1309304 4.021205 3.3497005 1.2402871 1.3570646 12.454635 1.4925385 2.2381322 0.854951 2.1466885 2.425521
-0.74476004 5.628065 3.9105368 2.5118196 1.1939788 6.237187 4.043583 3.1296606 1.3259807 1.354364 12.392786 1.4811234 2.227939 0.84682417 2.1129255 2.5513358
0.16896248 4.889611 3.439835 2.54573 1.4966898 6.2611036 4.3128757 2.7403426 1.4557923 1.3803029 12.671914 1.79509 2.1686518 0.8729881 2.0694022 3.1751242
0.08374643 4.9457383 3.4895477 2.5329185 1.5369058 6.2916203 4.282173 2.802263 1.3810897 1.3661402 12.780512 1.7854238 2.1492507 0.8608756 2.0672126 3.1034784
0.73360205 4.9714174 3.3766885 2.4551826 1.686377 6.4435287 3.8678453 2.7958775 1.1828685 1.3043371 12.527647 1.4645756 2.1418648 0.7926122 2.0225449 2.6007614
-0.97835445 5.764649 3.8313756 2.5150836 1.6458426 6.578351 3.9547682 3.0899673 1.1646934 1.3368509 12.40226 1.7109877 2.0923884 0.842015 2.0721717 2.8276596
-2.1347508 7.556963 4.0923977 2.4449012 2.0631745 7.036192 3.1592863 3.3157072 1.0250425 1.2802978 11.665161 1.4361105 2.1549096 0.77488434 2.009289 2.4997435
-2.6914692 9.471102 4.136816 2.2344573 2.1443202 6.6408787 2.1263897 3.351575 0.528652 1.1583238 11.182937 0.9480518 2.4745488 0.6118915 1.7692792 1.9902849
-2.8108273 10.408017 4.0818577 2.1400766 2.229139 6.389368 1.6023614 3.5202222 0.18516445 1.0995159 10.94085 0.7732053 2.6384656 0.53093696 1.6372993 1.7757516
-2.6359124 10.748659 4.0958514 2.074022 2.1593213 6.0232925 1.2950749 3.5021155 -0.055797696 1.0687256 10.937136 0.68013334 2.7546115 0.48285437 1.5541422 1.6354556
-2.5801592 10.960605 4.0702677 2.0550709 2.2232535 5.9877915 1.2013683 3.5197227 -0.10715109 1.0591466 10.815632 0.6658279 2.790329 0.46942258 1.5315238 1.5916648
-2.7072196 11.012474 4.106905 2.0530076 2.224405 6.0685735 1.2716339 3.4937744 -0.053287327 1.0576203 10.7646675 0.67781734 2.765357 0.47364497 1.5404253 1.6291294
-2.6254044 12.296213 4.6118054 2.0420558 1.8205786 7.0278378 1.5461142 3.993218 -0.42255473 1.0244186 6.058591 1.1781358 2.0448608 0.5699427 1.4673353 2.3675928
-3.2304773 12.706823 3.940278 2.0471928 2.3295193 8.334041 1.1868365 3.899262 -0.15757722 0.95980453 5.7797103 1.0691491 1.788063 0.5379658 1.4604285 2.6150389
-2.6754136 12.549797 4.4134827 2.197018 2.517694 7.6094446 1.631207 4.3680673 -0.14313197 1.1185338 5.08967 1.2682588 2.0997558 0.65103376 1.5754879 2.2814474
-3.1383338 13.361059 3.6358688 2.6797485 4.9778557 9.87787 1.6346748 5.534543 0.8165599 1.3682761 2.7833118 1.4809139 2.0967975 0.8784783 1.9163582 2.1942797
-3.9547105 12.783335 1.7610922 1.9540337 3.8286352 12.487772 0.8099628 3.6205068 0.10162997 0.6502284 2.7094045 0.47100174 1.2643433 0.31452394 1.395334 1.9480562
-3.0910602 11.640049 1.6541731 1.6255565 1.6333966 12.7534895 -0.07880461 2.608375 -1.3970191 0.36083126 -0.90954685 0.40860832 0.27693373 0.15994453 0.8928261 2.8373156
-2.6255908 11.286785 1.5059552 1.7046072 1.241746 12.990797 0.6220998 3.8272026 -1.3034887 0.3936906 -1.2097163 0.25953794 0.57458675 0.14769292 0.9808924 2.3763847
-2.2884045 9.744492 1.6129092 1.7698975 0.71476746 12.883121 2.1852074 5.549512 0.37084687 0.653528 -0.6053319 0.31814766 1.0515094 0.5013137 1.1345408 3.8732276
0.31791306 0.9460845 1.3369713 1.4085582 -0.1090951 12.541209 3.1881628 4.9933767 1.5761582 0.7412602 -0.17414665 -0.00047516823 1.9911966 0.722062 1.1540698 3.548449
0.5985489 -0.56732225 2.0892336 1.2622992 -0.15340185 13.245187 3.0556793 5.261326 0.726826 0.61381555 1.085578 0.3282168 1.41456 0.6378938 1.1250534 3.346984
0.48270178 -0.70174646 2.092967 1.2284528 -0.059029102 13.692339 3.1232138 5.662267 0.59420717 0.5536393 1.826529 0.21326685 1.4295545 0.5548196 1.1498394 2.9160337
0.49081755 -0.82485294 2.2849536 1.200076 -0.0890069 13.763969 3.077928 5.705444 0.39922416 0.53316736 1.9008102 0.32860947 1.2194407 0.56220126 1.1176133 3.144153
0.85569525 -1.1224122 2.364464 1.0751133 -0.047638416 13.946867 3.5841677 5.976433 0.2269206 0.47099328 2.9507184 0.52276564 0.95739174 0.5717461 1.057592 3.7093964
0.7647109 -1.2147064 2.2844615 1.0094342 0.056115627 13.900217 3.9204376 5.6598015 0.3094833 0.44882226 3.745235 0.7028328 0.7945682 0.5953598 1.0216163 4.3762317
-0.39676952 0.18701696 2.0733657 0.8827522 0.32474184 14.489964 3.2929113 6.2701864 0.19228333 0.31244874 3.4853854 0.25176692 0.35142666 0.5726373 0.75721574 5.4103575
1.0332775 0.3874507 0.695446 0.21197653 1.5007753 13.002804 4.5572343 -0.18612576 2.3641574 0.34025383 9.172901 1.3704782 0.9795553 0.71570647 0.60746944 8.1132765
0.20522451 1.2276106 0.15223455 0.06846261 2.065698 13.323543 4.565807 0.1375866 2.5403292 0.20305395 10.982632 1.6681215 0.32611305 0.7910689 0.29006958 10.43857
-1.3380156 -0.6591549 1.4846909 0.23802757 2.0831366 12.830223 8.347685 -1.1779115 1.7584918 0.45082378 9.920809 2.4961236 -0.60552186 0.95919025 0.6880703 12.784687
-0.8224864 0.9489298 0.5969101 0.5696125 1.8996348 13.16797 7.1052303 1.2546916 0.5471995 0.6832473 10.671553 1.320871 -1.0235763 1.1947289 0.7818129 14.212017
-1.7349343 -2.4042983 2.5680182 0.21058154 1.2144198 11.758407 10.249073 -2.5599024 1.4756031 0.5202074 10.719902 2.447981 -1.256274 0.9827825 1.0685824 13.651901
-0.71881056 1.8658853 -2.405281 0.8316591 1.355998 10.087136 8.780404 -0.5205672 -0.4275285 1.0381734 9.912265 3.9953628 2.2655766 1.6928692 1.4480546 14.98126
0.20854235 1.3628817 -1.6532359 0.83998966 0.9132705 7.9582944 5.948833 -0.62841725 -1.0876288 0.97346604 11.516109 3.6688633 2.128901 1.5555943 1.2742887 14.804033
0.42286348 0.43814802 0.5188793 0.47765696 0.76107216 6.652623 6.109993 -2.559099 -0.83520603 0.57796574 12.844406 4.8012 2.0907788 1.1346401 1.029785 13.356717
3.4424822 -1.8923097 9.473234 1.4069319 -0.30029774 6.4442196 10.9046 3.0258179 -4.0789933 0.56843054 12.965223 4.4720674 -3.3936462 0.82603073 1.528573 11.743251
0
0
0
0
0
0
0
0
0
0
0
0
0
0
0
0
10
10
10
10
10
10
10
10
10
10
10
10
10
10
10
10
1
1
1
1
1
1
1
1
5
5
5
5
5
5
5
5
5
5
5
5
15
15
15
15
10
