47
1.7342790374616368 1.7764778998205104 3.801184026063458 1 -3.87 0.26 0.0 0.0 -3.55 -0.6799999999999999 0.0 0.0 -0.07000000000000028 1.5299999999999998 0.0 0.0 0.2400000000000002 0.5800000000000001 0.0 0.0 2.7699999999999996 2.48 0.0 0.0 3.09 1.5299999999999998 0.0 0.0
1.6447800287072463 1.869514579188789 3.7828910612744737 1 -3.798585805845822 0.2869374082629863 0.0367049243618945 0.010244710063144417 -3.571744822753279 -0.7087611196854116 -0.0007107053003215301 -0.014744508193004671 -0.07099407080583031 1.5259946632659926 0.0013541613133426825 -0.005904948448776643 0.24353554754337203 0.5810107464357543 -0.0007230382308277819 0.005343367023949242 2.7201331144002268 2.473776178242288 -0.024492631256146143 -0.010531160349098291 3.072081678220176 1.5030435406651463 -0.011162059894677199 -0.005877768902015345
1.7531003171136943 2.097804046500306 3.7015664725076225 1 -3.6571402378951685 0.2557808889741586 0.01863929728476719 -0.021069218410832743 -3.589517006085574 -0.7913429197304734 0.0021569224335472826 -0.013674703261774761 -0.09424944855805162 1.5327389130026106 -0.007502348042302228 -0.0015260475922479286 0.23687171393904904 0.5645610589678387 -0.005451276405099818 -0.002290029331528715 2.548885401355073 2.412238225032131 -0.03304326282685015 -0.02416380787034921 2.9972589945269617 1.413796203943381 -0.022750909356204586 -0.019013711811080254
1.9461841686233687 2.2719988203699124 3.654525192825077 1 -3.6595566198496146 0.15423884522353437 -0.011718322030760751 -0.021757445988207575 -3.5778295606520834 -0.8406342089053574 0.0009437786099047597 0.003997643957519752 -0.16106834894791167 1.5345657049957717 -0.01621671100840444 -0.005336779689605548 0.1910871956294633 0.51718309320427 -0.014962148980553593 -0.009803851520546358 2.4096357830489508 2.2933469917004428 -0.023294117619374246 -0.027709090341409507 2.8664324995881847 1.2753766989993602 -0.030258713991847378 -0.025676079046111886
1.9409011528139255 2.2793184522993273 3.612103589768694 1 -3.7353463357004637 0.11871881747932189 -0.018869200986377288 -0.010744532615842906 -3.5535370235124075 -0.8640475387624735 -0.005624437888879971 0.004162465013885427 -0.2675608486329537 1.4923392372217847 -0.025532247683833036 -0.014008071134228646 0.09169020385719495 0.44908266029407895 -0.02486047519890527 -0.013979582696710145 2.26840763984415 2.1795967718510814 -0.03247041544037652 -0.022965182502252563 2.721841904391609 1.1441129321705712 -0.027885720534165048 -0.016309689514407734
1.9110263223708208 2.2637223880614963 3.624200910554595 1 -3.7817715973774813 0.1136953640814995 0.003036746875902569 0.00045799637221783165 -3.5735463877482756 -0.9176952287548695 -0.004277145389320527 -0.016796586378253972 -0.4189300183937341 1.4149318488119058 -0.026898739487131857 -0.014707023270227618 -0.046771495376138006 0.365071048656477 -0.023151555543240047 -0.01688805134386957 2.0752416491910797 2.089405266527436 -0.024069743931034043 -0.0026604056185578866 2.598666700454153 1.0854114675522384 -0.006755695873887732 0.00034667670939047754
1.9563132541502748 2.299686928114451 3.68196311765377 1 -3.778906342795231 0.0941585259627693 0.014176593118935097 -0.015510452567687663 -3.643080424501041 -1.0250622857038965 -0.008858886304419314 -0.011286412376951546 -0.5700542708951852 1.3170731076000766 -0.010751946742618326 -0.01601888025121443 -0.19867906211053832 0.25749345383957656 -0.013264168484921433 -0.01987017367471091 1.8854211430589691 2.021319947664247 -0.006920972569684668 -0.004437921697078251 2.475208148018579 1.07523500824121 -0.01124496684029341 0.018930972713102425
1.96623933493048 2.306222932739913 3.728219984045895 1 -3.7822093651885895 0.04674374923227176 -0.027406535445173675 -0.01346379850059503 -3.7037271096475175 -1.1491022643853277 -0.02605112249284048 -0.023009731878401638 -0.6629786553476902 1.196039042563232 -0.02724227951146257 -0.03286146455808579 -0.3221346924971007 0.11685976740043924 -0.03474361898277432 -0.03427396263421463 1.74627095970581 1.9697421586518273 -0.008240780869030505 0.0063677623927212886 2.347613170036805 1.0441509791139079 -0.005685202015992628 -0.003254483696862341
1.9626339930780192 2.2977252449916667 3.7565342618421065 1 -3.801028316274232 -0.01883108781585907 -0.00927893968029861 -0.013493417790186011 -3.7229533494662026 -1.2440894680668113 -0.007094203003760029 -0.01581714828167567 -0.7110582820510647 1.0609967358897157 0.011106921267494647 -0.021506528123774217 -0.36962735339666875 -0.031718250294039185 0.017285380393950306 -0.02021247666400737 1.6355190430795883 1.926868485332017 0.0030532281563221044 0.0032160322580865753 2.248400220732946 1.0069665934955405 -0.0008164903487949142 0.013428907700703074
1.9803747904008162 2.313188100510564 3.7815138139349025 1 -3.7907410744470162 -0.08634352034573078 0.017671783436876035 -0.01534223335497478 -3.7347412658250096 -1.3059048242092914 0.005251519272469178 -0.008006652615829099 -0.7484622190459356 0.9382428579627264 0.01988788599362799 -0.008353895756312037 -0.3531620581635835 -0.1492319172253619 0.03374867578563166 -0.013165209618869453 1.5289570287006793 1.8926761523544147 -0.008435017359810807 0.005417010258963852 2.193814352056952 0.9968908025155001 0.006054196588847046 0.006409453829540378
2.004064248464383 2.362701171926934 3.798732538076531 1 -3.743570018157259 -0.14985677022399924 0.026612669447620165 -0.013327875761150071 -3.789541976574287 -1.3482534202034977 -0.003570097115226335 -0.006182651180312328 -0.7505278304217051 0.8489685624717596 0.018934883297291795 -0.014183090468764755 -0.31043900869083974 -0.23272587151730484 0.020464096527026306 -0.007515342387950017 1.449315692099253 1.8627798937021103 -0.021682795831206744 -0.021901344917845428 2.1801786655911775 1.0081219842724187 -0.015213552525535703 -0.002712076497069074
2.0676054254067524 2.429946505799615 3.80156625924429 1 -3.6871853462626136 -0.2085900115184387 0.021340349061487254 -0.014836173286374483 -3.8539133418685925 -1.37890470827793 -0.0011946317816166133 -0.005605758020092725 -0.704644702532411 0.7514482706093766 0.02404424191461491 -0.019299207962570664 -0.26431028235072507 -0.31235648581584785 0.02232976768633495 -0.010613419343162052 1.4356881633467031 1.8501670946019018 0.012782142747920843 0.0011453347344704337 2.2087738223355196 1.0335109405125995 0.008915698429211683 0.017203783184381358
2.1477346923933105 2.515051628641233 3.7978058596892432 1 -3.6643748499554993 -0.26994921606056044 0.013923972289222049 -0.017623299861528118 -3.8902800620160183 -1.4088845004996728 0.005978039004717245 -0.004087228116947431 -0.6520206348622297 0.6215942033948405 0.020441157747290554 -0.04225969040653581 -0.19538633600891853 -0.40790928766262424 0.012595784051677324 -0.001144959773341437 1.4503154390603683 1.8380483351688182 -0.012387626891108464 -0.020495780468218105 2.2556992376886944 1.0637303138786294 -0.001965533821689777 -0.006126126159309858
2.3775694783640287 2.688300210338264 3.7413680279846044 1 -3.707320330203472 -0.4763400475605827 -0.005569145927626415 -0.05072463556326981 -3.9045388822278317 -1.5647866016472676 -0.0136242502382541 -0.05367108601998288 -0.5875364636838265 0.4437149955861819 0.017776780648428674 -0.05276361345897459 -0.08570562156303563 -0.5176951533333469 0.011247722379573742 -0.014310438268896834 1.704453557626338 1.800999253288441 0.07837933929256166 0.010169959208220877 2.4409730796498215 1.123818634635927 0.07744405484191196 0.021917746470205945
2.5192191200402823 2.781255768613466 3.540467739439183 1 -3.721389288859944 -0.8343607659508109 -0.004781666796539758 -0.07105075732323318 -4.092301164351916 -1.7117356779922397 -0.06305416976529034 -0.026009509692863163 -0.39793279692034744 0.2773251832204866 0.0666050250933136 -0.04407792288538853 0.06518823257535544 -0.5751655720224644 0.031753628149402455 0.019519783924797994 2.14970294642836 1.901977435748841 0.0968674034664065 0.022501001050539923 2.863152756883915 1.4114974364048751 0.06908644996105057 0.08993689488220587
2.58085017041587 2.8755156010883054 3.378845730356281 1 -3.8209249963123666 -1.1532800658317746 -0.03451234307113115 -0.0573777721998927 -4.345405256050058 -1.8037851445145416 -0.01939968510807818 -0.006198347745298663 -0.11589762300729056 0.17653033504886562 0.06368426357644058 -0.034678794059748844 0.310886057281202 -0.5637167726469547 0.043367546406748586 0.020583185260627846 2.504458555576928 2.1276335009449423 0.08628146333880522 0.04397427207704949 3.265234247611433 1.8080088173215625 0.030625478754386523 0.08575181925433482
2.6718793209148792 2.96732634847578 3.3531868188433345 1 -3.9408980764416857 -1.285308192737188 -0.019869914968340452 -0.02786470735678588 -4.407201031114713 -1.9223385329966423 0.02109033224707895 0.0009976572937950012 0.1601195289314683 0.1017161196273959 0.06621033113987786 -0.03552279219552775 0.5843209601042432 -0.5358368148248132 0.03439358132583236 0.027852154405053616 2.7205692274686353 2.3628659529642855 0.057197093097460926 0.030218507488703254 3.493347818457612 2.0619227935670703 -0.003270667097383273 0.0525984524131317
2.672817668263424 2.967806790411247 3.366702080426851 1 -3.9204328189284334 -1.303201760896666 0.00999473989430058 -0.00759576707228133 -4.336427908761264 -1.9308268015317887 0.037718517569257815 0.03254555672611201 0.3751020771380915 0.06553175690139335 0.05201329492194418 -0.030473951826192315 0.787623900149244 -0.5454065615710353 0.015104320014485279 0.021522693220215577 2.8123047021657843 2.499003280977059 0.039241607279636936 0.007301107873192693 3.599291678130788 2.2310512086258374 -0.02225423183473956 0.038200248794802424
2.679268343254745 2.965497841820194 3.314260088161793 1 -3.7944230856724697 -1.2027141522581537 0.02170660423129106 0.014374101550938621 -4.2032776857295415 -1.8142238187771902 0.047676768810386586 0.04681136814255335 0.5001670643815972 0.04416015214686264 0.035267356776522055 -0.02986042273356132 0.9275466475441521 -0.5801560216334491 0.005970041120677283 0.020403407981547515 2.844118273416486 2.562615160808627 0.030665179061533206 -0.0002081700076839374 3.6215463362770297 2.284089818183995 -0.03701069406165364 0.00912600402361781
2.6414798455953044 2.92296732622825 3.2886834488674714 1 -3.663436407880393 -1.021240270790492 0.014750514606710584 0.020845842711773525 -4.021602988450465 -1.6746207346850788 0.052661636364731874 0.04711575832569104 0.5599025583454598 0.020980802219741523 0.026325649620461834 -0.027257230664734854 1.0347370807818077 -0.6129831672023351 -0.0009909153503974283 0.018998575080501623 2.825775201242311 2.575325091923601 0.01832694882853922 -0.018116327611612817 3.579867441681028 2.229962681217567 -0.04313939002283912 0.0012183556960755001
2.5412918852526905 2.8305691252265195 3.2713767410396013 1 -3.57769369685195 -0.8426068264233524 0.008582397364287718 0.013673181694583834 -3.8531053573503766 -1.5347826162945215 0.03845063464529843 0.04796319085642223 0.5939139495444783 0.004250661076523832 0.02194044419621649 -0.024534743101847348 1.0981988964286042 -0.6512414659298541 -0.009194765899063213 0.014460481692204145 2.759327672129052 2.5111880160269027 0.013503544160362077 -0.027060492411368813 3.526423745805733 2.157233525733916 -0.04229393999995773 -0.002918844172877938
2.446484234079821 2.7455055089200227 3.2462183347682023 1 -3.5168551233196244 -0.6973895632950022 0.0050721416426257795 0.007607234452599455 -3.772052730584945 -1.400052485343405 0.019020369062552108 0.043542977776925444 0.6123595427259882 -0.027644095693887927 0.017444204675189978 -0.02931273151984425 1.127490479470226 -0.7066861987045445 -0.013692772698068165 0.009284746202681417 2.701798430223808 2.4506263787772493 0.016478963698878198 -0.024015955509537907 3.463761273457015 2.042404892609897 -0.04165911479722684 -0.009732457382248847
2.3301808816686638 2.630185751497613 3.2106953375088927 1 -3.49051781709833 -0.5731674919464379 -0.002737018453272888 0.003012221325787365 -3.7472161343285966 -1.3048746433573852 0.013626486056252421 0.032243364345122 0.6074403125814598 -0.09941740936627907 0.011538182528442412 -0.036554371458149236 1.1314340378160868 -0.7852323343255388 -0.019151570750387908 0.0035710146548306593 2.652523859103992 2.378370153985271 0.0157708182038669 -0.031018060194406803 3.408679208961236 1.937349129975718 -0.035804506831935264 -0.0007629075914571057
2.22781393047401 2.51947435792267 3.1722942296247965 1 -3.503577225942223 -0.4841520234355756 -0.00566297577502719 -0.004041905638027393 -3.730291788142341 -1.2611642118616773 0.010494480429057538 0.021132882879998344 0.5850324928735686 -0.1997877797709905 0.010025653401558168 -0.03942519836952867 1.101873532345098 -0.8929806412932556 -0.025610302142141612 -0.0017304803703202115 2.612521238679901 2.2969914665216105 0.02082536809454931 -0.026988473459114252 3.3660654322876766 1.8600346493285551 -0.03598653459512705 -6.0700584851546e-05
2.1999986022181828 2.463564511667646 3.133916892345051 1 -3.5129306348059197 -0.4419254540360048 -0.0027507516375670812 -0.013581759102282539 -3.7345552672796902 -1.2467545148343135 0.004303867925829577 0.018813692938124342 0.5666538978488749 -0.3051914268429554 0.010739120774912802 -0.03904067918155754 1.0514108914292786 -1.017583426040668 -0.02558639081600261 -0.0007128836249272949 2.6016473850660056 2.2506655609620974 0.02627765958203817 -0.023959616390144982 3.319378593342112 1.786833925931409 -0.03423680775153103 0.005024456357864124
2.190873370651432 2.520775528300011 3.1531343287168703 1 -3.546486532711056 -0.3870441474497326 -0.00650320612294481 0.013999968194132122 -3.6371149943247856 -1.2978981336108928 0.04891244932435964 -0.009839163070770124 0.6969664743932524 -0.19312140987185744 0.03877750114461158 0.016048337646573617 0.7158883521733701 -1.1850266902451019 -0.10107860515415512 0.010996242912427588 2.5490351404739844 2.1831218781447554 -0.03407132094952046 -0.045410171873413785 3.28663068810131 1.6765107988998986 -0.01991335457914787 -0.05232898918247464
2.3505621805793515 2.768157127482177 3.193374538413502 1 -3.5687613564271126 -0.2575101234221887 -0.00467336705807657 0.023150602612731032 -3.468359827162503 -1.26603987684512 0.011758098980078926 0.032770468450643325 0.6739158243002148 -0.03213058953191783 -0.05837624123143489 0.0388968751075556 0.4079944614859574 -1.1065836036865628 -0.04771616291763781 0.027820739286374737 2.390492309825153 1.948227472034036 -0.04035694092173239 -0.05004920542484478 3.239626813359548 1.3678219239977145 0.0029085859988991526 -0.09338596206557084
2.445309712486673 2.8584356553477517 3.0419185893363943 1 -3.6146556258010234 -0.11882705107082481 -0.010023587728273402 0.024919666556839033 -3.531810551534154 -1.0976292681354844 -0.022428885290124375 0.03466596208787204 0.4068656254305143 0.12685328941499785 -0.06830015905899654 0.045421501023991034 0.29365159485026116 -0.9414665572515392 -0.010545503491800834 0.007196173436931488 2.2777335150765214 1.5914197475893865 -0.03729585559056166 -0.06861833231894694 3.1483995222366135 0.9480122171658112 -0.008531477124330944 -0.09775486382311102
2.310115042652788 2.7631880565683513 2.928828892545323 1 -3.6798193486625355 0.042277287994065826 -0.013373909031132277 0.035600192474842404 -3.6264167246217163 -0.9737133489292575 -0.004206194893694286 0.02074798243815524 0.1323054972266231 0.25414200934493336 -0.05689827666741068 0.01456880258714677 0.13657422927878393 -0.8343695302112561 -0.07114160446055418 0.019816488891206133 2.120265194117425 1.2285334973381534 -0.04725463264450722 -0.058201085125159945 3.0124335012693644 0.5637183094660392 -0.020464671820118543 -0.08110112154825758
2.282999387443873 2.712661685260417 2.812017855913105 1 -3.8064393173535938 0.2141185331715023 -0.020999842592563277 0.03585758056548469 -3.625908224562507 -0.8706985089658016 0.017005286704089274 0.02466977950982448 0.029724166948107644 0.321873078171659 -0.011280421182828156 -0.012695808191432865 -0.21299624370683556 -0.7482176953479289 -0.07381288445368299 0.034285264457748515 1.961149296288311 0.9639022569297835 -0.04137889153295653 -0.07216454313330845 2.8217914088314666 0.25633781746046647 -0.05878875795782714 -0.07254396667823583
2.3465509161660965 2.687053331097799 2.726738710740008 1 -3.971346494902782 0.37859192464283176 -0.044544058871415555 0.030183453118797113 -3.6237165492850276 -0.7444555335392016 -0.020495212499614317 0.022013466095103865 -0.08730370592210424 0.30676888482054143 -0.03705617885153268 -0.010798875805156868 -0.5561256347925059 -0.709208034115687 -0.07404912794849802 0.010273021931552068 1.8818222816353058 0.7650416618021303 -0.03791546456439877 -0.06209234132724153 2.6378970279221505 -0.008097261905863018 -0.04972963564527519 -0.058686366436627654
2.203878241630728 2.586651437299375 2.6857542143739233 1 -4.110048582387717 0.526207185852503 -0.015481994515053932 0.023881328300576595 -3.661357523212236 -0.5850285550387939 0.0028795760370863704 0.04134370840436967 -0.2222229356132015 0.24794868558390326 -0.04476693827609798 -0.0025003138945889035 -0.7854440612952489 -0.7173653832109959 -0.0459369119261014 -0.00013965101507867027 1.7485818183042419 0.5513787410473192 -0.04733033077771271 -0.06705930347550179 2.489741647081064 -0.21895057492866377 -0.0433619182492221 -0.047615544403767134
2.105087277384718 2.4849800416648957 2.6721756100315357 1 -4.243590793572566 0.614714339448649 -0.014554227810432252 0.01309192216962836 -3.684763277804048 -0.4222821844581053 0.004519412623324344 0.03944852751624177 -0.3634404328816885 0.22653332279874916 -0.027414495334219954 0.0026099627696258287 -0.9303488569415732 -0.719239506254089 -0.03762602786825903 0.007736354299979717 1.6194141561896265 0.3709070977964064 -0.04732244159341283 -0.051516108142887054 2.364735835700716 -0.3933981702031174 -0.04314185309327305 -0.0444050741938092
2.0829520679246634 2.3934108466272077 2.6900826939517324 1 -4.365422093558224 0.6578491648244529 -0.011990580324468498 0.009342656178276948 -3.704603167618503 -0.27800188017787464 0.0009162625528406076 0.03403114291522226 -0.41056624553104104 0.21360326923775497 -0.014132133393338674 0.0025559552145570825 -1.0690533974082594 -0.6584769633938108 -0.03708231221008992 0.021501494841480548 1.5321611512840363 0.2602884785755337 -0.03250710950511505 -0.041399494997322914 2.2258006930659713 -0.5631414778624195 -0.046999187020589375 -0.04566056366523785
1.9761680737364904 2.2456990399075325 2.6603074771050594 1 -4.457761102897146 0.6976025567705486 -0.0046774324310924105 0.010058138901848203 -3.7509617354944496 -0.171094317793553 -0.005005005871598529 0.026747428744096868 -0.43497105258487334 0.20986766246545874 -0.013101572316865375 0.007409865803161671 -1.1881618775117189 -0.5756128949214253 -0.03209369550515608 0.020772088675089027 1.4904121743238488 0.14939264515192585 -0.033500712240438664 -0.04653673965610584 2.100557120264823 -0.7392362944994193 -0.04181065405585366 -0.04128874507732952
1.8283093765290621 2.104261738266198 2.5936417266004237 1 -4.52318193932337 0.7296611878975219 -0.0009516574404581923 0.005873053393869142 -3.797767784652329 -0.10013171337162774 -0.000302855643850089 0.021089722459318054 -0.48327678467800617 0.23267590591698828 -0.01841121501624376 0.01528437326285658 -1.2911090823501081 -0.4965799858053589 -0.026427189925305523 0.01863792304077247 1.435147160455272 0.02471934997941405 -0.03439170926295127 -0.037487750681674155 2.0045031528392094 -0.8846276818550122 -0.03345595575605297 -0.031242770983006186
1.7832013373649793 2.0256224999660883 2.48988655350688 1 -4.57878848167695 0.7350282874470555 -0.00036703707974177976 0.0011479257424866912 -3.8174616262146555 -0.05933960400200744 0.004479939732803039 0.015717894619354918 -0.5420516257928636 0.2886522894804344 -0.01606560642824393 0.019610736167212144 -1.363590459762523 -0.42661669606836017 -0.01915019829982262 0.018238476795854767 1.367159355403433 -0.0704953122747981 -0.03930106183779881 -0.03517593531605062 1.913996230450623 -0.9891025926976514 -0.0402987952147171 -0.025599250136137536
1.666452734240562 1.782126611797267 2.4521185192741566 1 -4.620260549514433 0.7214695348122147 0.0029229109606662817 -0.001883788208610765 -3.816817404630993 -0.037980005453065235 0.008066459575770516 0.013182404510761487 -0.6809679966356685 0.4708516314481985 -0.04149778145923574 0.04456635060614377 -1.2735317924417036 -0.4883610715490546 0.013793569846257996 -0.009117193361390621 1.3097367071283754 -0.10931971116362682 -0.03973209834903198 -0.015995991524187507 1.7759480653708435 -1.0988332559517262 -0.06258818068477101 -0.028836203827305756
1.2098951083865692 1.3013503388927496 2.5032147363525397 1 -4.644437100033974 0.7098626927063023 0.006030152610089056 0.005429144102284334 -3.8087956967970653 -0.04402441742314345 0.00424209148081468 0.005553573126311509 -0.7872279141793164 0.598858684064387 -0.0262892809386038 0.022063135484625865 -1.2308803356568707 -0.47563231759640134 -0.028044962250709037 0.020273963872549143 1.2622003052074575 -0.044797347848258395 0.01956953296728296 0.02961006643947403 1.5506114269450597 -1.1641821414077949 -0.025326831079587855 0.01699406917444769
0.8401527297868024 0.8698045116373299 2.2335662889850716 1 -4.664267663224683 0.754894622474716 -0.01635809976170259 0.00041648098956876146 -3.846280441843598 -0.0858711628096448 -0.0280991244524601 -0.02420903289698226 -0.7993502717611167 0.6634059065129203 0.015891943917624128 0.006517022467809152 -1.3367192405853654 -0.38705911209840094 -0.005523267634220515 0.009484936698669288 1.241247376331816 0.13808892623887314 -0.023277077827687263 0.03741687694753717 1.4122386335904666 -1.0040184681803792 -0.038182585117684166 0.044498773293491736
0.6340995202285796 0.578620875080896 2.0141207967082266 1 -4.690011812849535 0.8131196207073341 -0.014234183360428644 0.009362178623667634 -3.8943304061519113 -0.09489471959492113 -0.010489391798826742 -0.0070679003890687184 -0.8469018815554645 0.7492211694264823 -0.03568569870704841 0.02430927010843175 -1.3953722710197787 -0.3115314985433404 -0.01679883295786096 0.024375505345563462 1.3199682749423536 0.32629283953342103 0.0464440482227923 0.02868596193280239 1.369338147033539 -0.8144044883444412 0.018565276407078952 0.03027025036960641
0.46313847841367667 0.3574350346577951 1.8690966983457162 1 -4.886239137021416 0.7685879111715019 -0.05933929976831358 -0.018363476856427162 -4.034933966276061 0.19869880880905955 -0.06002979488252628 0.06657819916155462 -0.8347553122534408 0.6638259257177161 0.015131669257210005 -0.021631572294878307 -1.1345736740217274 -0.27077937720950884 0.04746774627516374 -0.008328744389000775 1.5158149362661408 0.44735399947844057 0.07775867394385101 0.015091795723877711 1.434852508152197 -0.7182451505459133 0.054097571740615955 0.008632675339885817
0.29024206321930995 0.1202377739753208 1.6666534998230589 1 -5.115885182042222 0.7447319830429473 -0.01500310880997123 0.0027301921905030727 -4.342103202291334 0.4703388032631044 -0.0661838366305474 0.036067216256511554 -0.7017335013123263 0.5252613994488295 0.044277205808472775 -0.01998417969962135 -0.943657131383898 -0.30166967511570675 0.03483225810609886 -0.007300749943538933 1.8322518201055953 0.5038194758772478 0.056612944586106606 0.0007954560313433266 1.654839631335781 -0.6650911855918855 0.04039886721179161 0.020715306305187343
0.19989574126701504 0.0552919453813009 1.410701475070759 -1 -5.22315807782535 0.8293410979066984 -0.029215746959869934 0.023803713379339418 -4.519283603901691 0.5237388844084934 -0.000945654375706562 -0.005253145372863723 -0.6286294191593256 0.5573071978110677 0.03253416423525478 0.0310449049124669 -0.7838833862397441 -0.22713329100556257 0.04297281414775939 0.021085392713607733 2.191881701054089 0.4940696963470863 0.08403122797379103 -0.013060820089243008 1.8989297015317028 -0.5896325846089919 0.05599365803815361 0.011050968494197424
0.16637237127924492 0.12712219429852195 1.0596502294948664 -1 -5.205870574798659 0.8583294770504457 -0.011317790800720503 -0.00015976652977033523 -4.505487620016809 0.521135064016399 0.028742452234089586 -0.0113808515643689 -0.5578829223614421 0.7648890372817128 0.029475673324356334 0.06797678129760973 -0.612594106549361 -0.016871918913035522 0.01998601690896603 0.02056356985726945 2.507982399014381 0.43816694429905434 0.035214408647750446 -0.004289510423552947 2.0520389543339883 -0.5335363302992562 0.003253598003109955 0.017673642354659375
0.10154619306994153 0.2634538402995578 0.6163726948285838 -1 -5.15443160698103 0.79165669384672 0.012572744345172906 -0.01665439485373985 -4.40001445794058 0.4795739083790844 0.019105383087367197 -0.010197097260627274 -0.5356828054036491 1.0523295409098568 -0.001497386502114496 0.06947831187627207 -0.7895898414494056 0.2018169492273203 -0.0532157594723325 0.024447460338731138 2.72500400291673 0.4381954332633269 0.050616803328213306 0.021892767981303483 2.3523578742451683 -0.4182739650749425 0.062015497892472675 0.01428371677588202
0.2566109916224232 0.24694594353608806 0.3311883424535484 1 -5.130978077674243 0.7491094150560256 -0.009468027129824187 0.003326985414703037 -4.323025343406747 0.43356971645482045 0.013273866663625726 -0.007586757769471891 -0.5965642197626981 1.234307110033857 -0.002609352602349093 0.03663018017111234 -0.8743808397304407 0.40817836133300345 0.0093245562594189 0.02069475263232593 3.0106815996533784 0.35971960313313955 0.06406667944414642 -0.031746863200519115 2.639625834519782 -0.3472974668560861 0.037484568941899075 -0.005105363967141799
10.125161 1.0783887 0.37291265 3.9811947 1.387197 6.2247567 7.7736063 1.41671 4.8163195 2.5703845 7.1473594 3.5240006 3.4603324 1.1612227 3.1856725 4.859024
10.185065 1.5835652 0.41241527 4.0234537 1.5890121 6.0020127 7.880616 1.4807655 4.474338 2.5516584 7.228389 3.7587824 3.2709584 1.1203825 3.2167282 4.7229767
10.009824 0.8617759 0.12627602 4.022648 1.4325385 5.5767374 6.552071 0.94197 4.230654 2.5412319 7.9266768 3.3903794 3.3924887 1.0545952 3.1472666 4.988742
9.909802 0.6986499 -0.07956338 4.0362654 1.4197073 5.2270656 5.344805 0.66512966 3.7871726 2.525274 8.418824 3.06221 3.403573 0.996282 3.1156468 5.0571504
9.994339 1.313019 0.055606604 4.0343385 1.529036 5.165644 5.1551795 0.8866023 3.415205 2.4934783 8.173857 3.0142379 3.3058639 0.93734145 3.1553757 4.620159
9.9829035 1.2625146 0.13209844 4.0068817 1.4627271 5.345569 5.3702602 1.0039332 3.5964434 2.494547 8.0010395 2.9724376 3.3697157 0.94963825 3.1592176 4.529432
9.87019 0.49163842 0.095071316 3.9636664 1.2372546 5.650545 5.9149246 0.91085553 4.290745 2.5294971 8.072514 2.9789667 3.5831742 1.0345702 3.1187594 4.8821015
9.739752 -0.16726303 0.03657818 3.920629 1.0255613 5.8714857 5.963977 0.81457233 4.744237 2.5515661 8.162201 2.815721 3.786869 1.0818585 3.0777333 5.1163673
9.641137 0.37034845 -0.00078487396 3.9487138 1.3054433 5.5990095 5.774984 0.8290124 4.320054 2.5177767 8.869082 2.9733996 3.6006703 1.02081 3.10297 4.989169
9.544094 0.8407688 0.02016139 3.9697866 1.5559964 5.5262213 6.0139546 0.9439751 4.127445 2.4952617 9.372236 3.2043762 3.4300761 0.98933005 3.1343997 4.884117
9.136202 0.3187933 -0.03799081 3.899947 1.519844 5.9892263 6.1099563 0.9752904 4.642778 2.487511 10.309897 3.0068257 3.5668864 0.99444103 3.124434 4.953682
8.87544 -0.20169306 -0.13215113 3.8502922 1.4167466 6.1819696 5.84072 0.8832923 4.9315963 2.486777 10.898949 2.7595284 3.7224395 0.99762654 3.0950053 5.074315
8.4647665 -0.23947048 -0.19375992 3.7801883 1.6256332 6.3046002 5.525948 0.86849093 4.952297 2.4397984 12.255352 2.61602 3.727618 0.9412011 3.0988574 4.9483147
8.366805 3.4087925 0.71966493 3.5970228 2.8983817 5.772577 5.271626 1.3621042 3.040439 2.1721013 12.518302 2.9897416 3.0117495 0.6244304 3.343378 2.5363708
1.9260452 6.6417513 3.1387284 3.8356924 0.8017869 4.1929345 4.5325456 3.3936596 1.3822775 2.198601 11.8257475 2.9916272 3.2187376 0.58408344 3.5353236 1.2066798
0.51063395 7.0226912 3.3412356 3.862592 0.80609465 4.7669563 5.8674936 3.1255295 2.0415354 2.2189057 12.327622 3.5195642 3.0475707 0.6504818 3.5773942 1.5818591
-0.21821499 9.715977 3.0225177 3.7356472 1.4448385 3.469624 6.002365 1.1430981 1.6934553 2.2547667 11.347925 4.606845 3.4463763 0.703549 3.109951 3.2317324
-0.32987165 9.81331 2.9733791 3.7428846 1.5121517 3.5130782 5.9837837 1.107495 1.6728402 2.2613187 11.310487 4.6300716 3.4219382 0.708362 3.0869389 3.3750343
-0.3620472 9.494093 2.9176183 3.77244 1.5196652 3.679695 6.270144 1.0899918 1.8611817 2.270284 11.566265 4.71632 3.3312204 0.7314613 3.119523 3.4930964
-0.27387094 7.8883104 2.7600303 3.9399471 1.4453654 4.2404118 7.5294967 1.4727682 2.5275936 2.3257782 12.466082 5.0598836 2.9485798 0.85081697 3.280831 3.9010596
-0.31716585 6.589512 2.649593 4.1282783 1.4983158 4.7917852 8.294331 2.6466057 2.748591 2.3820522 13.31946 5.160617 2.5673707 0.9375135 3.416897 4.158902
-0.9673667 7.7642083 2.7864888 4.193633 2.1334195 5.4228644 7.5643425 4.8318844 1.8318309 2.382965 12.9189 4.697682 2.3897803 0.8605542 3.3696449 3.8711605
-1.6575394 9.554285 3.0274613 4.1208043 2.936383 6.48785 5.8319755 6.016272 1.0982661 2.3120399 11.504855 3.94112 2.394383 0.7287669 3.328207 3.2798448
-2.0888796 11.525953 3.1455338 3.9204018 3.8846183 7.796808 3.9730482 5.48587 1.09661 2.1869137 9.923681 3.313573 2.6253848 0.5852802 3.3449664 2.5136385
-2.3638005 12.924812 2.9406426 3.6938138 4.031975 7.8789983 2.9962711 4.6700063 0.9732224 2.083322 9.247568 2.9889054 3.005846 0.45763958 3.2779408 1.8164577
-0.77821493 13.114685 3.7893226 3.38688 1.6181836 4.99876 2.4335668 3.350674 -0.3197518 2.0012362 6.209194 2.7800765 3.2923148 0.3844633 2.9155593 1.6174884
-1.2094288 12.979767 3.9966474 3.1779237 0.88047314 5.2857523 1.8552366 3.0363736 -0.8609822 1.7884332 6.341116 2.7131116 2.4315066 0.2920313 2.6732643 2.642445
-1.0625525 12.958241 4.0021424 3.2033813 0.8791232 5.136847 1.9479496 3.0621142 -0.82932925 1.8182307 6.1929016 2.712886 2.5645947 0.30734158 2.6964183 2.494258
0.69055367 12.749074 4.245763 3.5161827 1.1232119 3.6488914 2.8308911 3.5713263 -0.5104512 2.1549017 4.626731 2.7636805 3.876021 0.47332704 2.9673529 1.0269752
0.32840872 12.830643 4.1979876 3.500142 1.2329979 3.9894788 2.7268953 3.5770516 -0.48846078 2.1251993 4.668892 2.7897995 3.7174973 0.467736 2.9545064 1.2265391
-0.26699734 13.140095 3.6759691 3.4997268 1.6846762 5.080719 2.630046 3.5588446 -0.2567814 2.0814705 4.1277776 2.828382 3.5317783 0.47849202 2.9572566 1.4964089
-1.4447942 13.720005 2.1127033 3.2554414 0.9055977 8.43504 2.427743 3.564136 -0.1628511 1.6294489 2.7862296 2.245719 2.6985335 0.33673835 2.640497 2.3831954
-0.9435611 12.115885 2.6716745 3.6072571 0.5937176 8.150777 3.561163 7.3804493 -1.0004072 1.7721311 2.6238446 2.3892145 2.084096 0.53333306 2.7644496 2.6301517
-0.45719337 11.246038 2.2665591 3.700317 0.08699894 8.751041 4.8831344 8.917276 -0.58682334 1.7756033 2.419856 2.0209692 2.5382805 0.5653039 2.802328 2.0880203
-1.4056864 7.285842 1.7545301 3.1782851 -2.223136 11.42341 6.6974545 8.399692 1.2850841 1.5852306 1.5287738 -0.015054345 3.0274348 0.66923404 2.5209033 3.3300505
-1.8608961 3.4237258 1.954061 2.5944107 -1.269762 13.08349 7.5018625 7.0306807 2.2647848 1.5723433 -0.25765753 -1.008453 3.0678358 0.9974618 2.479164 4.6413965
-1.0407472 2.3801928 2.0035796 2.278964 -0.42050123 13.070429 7.345405 6.6648064 1.8967744 1.4983168 -0.71404743 -0.8861308 2.8914566 1.1376852 2.3660107 5.0153008
0.5318656 1.1538019 1.1984023 1.7557256 0.9636111 13.920076 4.6787076 7.1389275 1.5448563 1.1280459 2.6986818 0.020573854 2.9440084 1.1557444 2.1084185 3.950357
-0.3339038 -2.31987 2.1564634 1.7843556 0.49198675 12.509026 9.659576 4.2006445 1.2445443 1.2783983 3.7686164 1.3358517 1.6580017 1.3874282 2.1801906 7.2174435
1.6131454 -4.5053473 3.2311807 1.056484 -0.17748833 10.128751 13.100553 -0.014513493 0.9111636 1.2178261 4.191992 2.4183116 0.39719915 1.6634924 1.6150858 12.006271
0.5882826 -2.9553404 2.8276396 0.5790963 0.33491898 10.184658 12.20851 -3.9952052 1.8821036 1.0310903 7.640067 2.174102 0.8561984 1.4006091 1.5088204 11.907909
-0.37482786 -3.684062 4.4104147 1.0805843 0.4107418 9.036912 13.237313 2.6536207 -0.2673379 1.2833414 10.579869 1.7104889 -0.28342593 1.4007674 1.6468489 11.826466
-1.0822668 -0.7987919 3.6843677 1.6024551 -2.2407646 10.801995 14.918935 4.3226633 1.5261184 1.4196124 13.785667 1.6204969 0.4373513 1.0703733 1.4649935 12.367993
-0.6264005 5.2868977 2.9514365 1.6814959 1.5983281 9.550476 10.621166 2.2084305 1.1340292 1.4126651 16.719906 3.6064303 0.42728835 0.85684323 1.4943583 11.677377
0.43774366 5.0669317 2.0790496 1.525778 0.860332 12.642646 8.174269 3.635615 2.1073718 1.0427577 16.198204 2.9946954 0.4399429 0.8652563 0.96449745 12.771633
-0.22630453 4.2100325 4.9770403 1.4249884 -1.71774 6.2145305 10.741015 1.2301257 -0.3897163 0.88795197 17.293335 2.506391 -1.4902657 0.42688942 1.2671156 10.994623
-0.27758026 2.4429142 4.1924624 1.0879912 -0.9394312 1.0868845 3.2711298 -1.1293378 -2.4700897 0.77996635 15.380054 -0.88001215 -3.3509846 1.3152351 1.375557 10.994108
0
0
0
0
0
0
0
0
0
0
0
0
10
10
10
10
10
10
10
10
10
10
10
10
1
1
1
1
1
1
1
1
1
1
1
1
5
5
5
5
6
6
6
6
10
10
10
