17
1.7926041392931826 1.7175284759206997 2.07171426601257 -1 -3.16 -0.54 0.0 0.0 -3.6 -1.44 0.0 0.0 0.4400000000000004 -2.2800000000000002 0.0 0.0 0.0 -3.18 0.0 0.0 3.1399999999999997 -3.58 0.0 0.0 2.7 -4.48 0.0 0.0
1.793432807211148 1.5984303904131552 2.013652638249897 -1 -3.09326807169562 -0.5687472311475201 0.02284529287499276 -0.020022663560682146 -3.6319498015617238 -1.4448974655274955 -0.01239951003955114 0.00231047993240729 0.4402619588937844 -2.2769845706804954 -0.002630394255128627 -0.00390629836631759 0.002538563618223577 -3.1790055131433603 0.0031467754030497265 0.005099303312521109 3.098495261679674 -3.5469347518575383 -0.025454837247216037 0.010483253985546418 2.67134796705892 -4.485720300217146 -0.011067700040150376 0.003956524533264786
1.5059283368324092 1.3206409674549173 2.0452538541880263 -1 -3.0188381112840723 -0.6890605657634672 0.0012355121705364051 -0.027530989185003747 -3.6988266698054444 -1.4911470569462493 -0.007962146938303799 -0.01622421857606934 0.42689188223059027 -2.254597426687069 -0.007367645874215484 0.0037703699504421356 -0.013729012398516538 -3.185008380528053 -0.0059558980914402775 0.0014807916731236128 2.9311964993988457 -3.466826134270927 -0.04033572464042524 0.006154985002159774 2.558826538447331 -4.49531489362481 -0.029289471217920547 0.002720604011494515
1.1588672790296701 1.0589745316514652 1.9048030980651802 -1 -3.090316451675952 -0.7611436641081171 -0.012658702369844933 -0.005480924670958176 -3.7270470069070942 -1.538147242353107 0.001984015819375167 -0.013497369758082696 0.3758982488264273 -2.2112526550263345 -0.015981011460546087 0.006785331551800711 -0.08280750297699768 -3.1915562384872027 -0.01865609385397076 0.0024897690786235827 2.750613105405133 -3.4551649948512106 -0.03559502433709332 -0.00406808598926468 2.3670746672043785 -4.501495139556454 -0.04010013092828489 0.002899295245699802
1.0029272641750828 0.9490047377007358 1.7576550566526234 -1 -3.167733272934181 -0.7357998507438219 -0.015295371196707083 0.00609643275110392 -3.729906840043151 -1.5709605734733618 -0.0015366819279023763 0.0010050202829860284 0.26997161097272215 -2.1694538667311702 -0.02778556525923095 0.008035804256073524 -0.20525587054402727 -3.1726711276605704 -0.028222029260580712 0.00747191936335081 2.570645981940072 -3.4393487033914667 -0.03949855720595868 0.006151674593572978 2.169564862286509 -4.494896655392916 -0.031515873542043236 0.007716479358291908
0.8758963751819089 0.8772895453702684 1.6762066463229734 -1 -3.2024383579150744 -0.7065512613765796 0.0013573638902461757 -1.9664763806073043e-05 -3.7826750302004104 -1.5952594919075471 -0.016578218765905133 -0.0088665762865539 0.10762623441454 -2.1168541615015632 -0.03275846132584803 0.019740653982018054 -0.36543994439524763 -3.1340259013349154 -0.03973549077992555 0.00047570773810054327 2.3717469538690805 -3.3711020769175035 -0.02114774123083043 0.009689590273091438 2.044705209764916 -4.451302695382401 -0.0032508550872440284 0.01042521172886033
0.7188113432378879 0.7780538638502456 1.6070065953600907 -1 -3.216163467202524 -0.7214151601682963 8.1370960461148e-05 -0.010558782366974467 -3.9074638538378412 -1.624975328140335 -0.02396865621182888 -0.009583656436023224 -0.06981767890467516 -2.0845853936512015 -0.020986545303084008 -0.002616565480858035 -0.5476835853363657 -3.104568099669426 -0.02655945092027988 -0.005850673666107517 2.1894229827679963 -3.2942789650918356 -0.02262506176835556 -0.0019540124528797873 1.9520584908556584 -4.374106921062278 -0.002052556758374388 0.030694277869110144
0.5977078769365903 0.6869561029089418 1.5693948051717368 -1 -3.2527479791909917 -0.755529893059002 -0.005059510877387305 -0.017972312787749942 -4.036306902063212 -1.6711689607754858 -0.0113095386945359 -0.011228746498430964 -0.21750590341485943 -2.1169748187811557 -0.01364197195266336 -0.019715665047133655 -0.727818055878132 -3.1283591496027627 -0.0179555073167051 -0.01773899631557708 2.057715914520264 -3.232063484954278 -0.028984683992744977 0.004309375157604388 1.8522628265301 -4.311785399165458 -0.021831043184538226 0.019004478905278597
0.5087823908249289 0.6159971431369713 1.5504680440083873 -1 -3.3058299513888074 -0.7952102951695569 -0.0023381649036525627 -0.022158130365274573 -4.114623293569054 -1.724410713697114 0.000215211586683018 -0.0110505016958019 -0.34558886354281526 -2.189015308444186 -0.013585761193777732 -0.024084061321090693 -0.8608285258552435 -3.2086070679058634 -0.005284822132144366 -0.02244013874326963 1.9480491097569166 -3.1815227907907144 -0.037592892429530955 0.01612990278714855 1.7554587515372972 -4.277979673394442 -0.03137035993057098 0.0029253582700178513
0.4078264240855738 0.5428415123579367 1.5326536678250713 -1 -3.344615655933787 -0.8501669007678262 0.004148720776060086 -0.02397350690268787 -4.167116854913117 -1.7566095070920222 -0.002515197283761511 -0.008139813392389715 -0.45750702964842027 -2.253766063263903 -0.02606852668950099 -0.02588969803861104 -0.9298119873168162 -3.3111441336645537 -0.002579944436808564 -0.005068943873331334 1.8515832110692276 -3.1342390343946085 -0.01622820762023456 0.02038714186846012 1.7079798118910015 -4.247685050208236 -0.00698270139791329 -0.00899322658302539
0.3227736798072184 0.4728031581755649 1.5301316936984284 -1 -3.3512902564937828 -0.9274073313343256 0.006858135356699338 -0.028672377200070376 -4.229391109287356 -1.7453886591589955 -0.0016954856728302048 -0.0009271198790361743 -0.5244743785221653 -2.3239941592819875 0.0012389002954792394 -0.022891383009456905 -0.9619732853595204 -3.4058206252504073 0.005664242653278095 -0.02060654095100041 1.7741674122828748 -3.1036663649716814 -0.02239771141983285 -0.0018353786417627197 1.7065324389438867 -4.223585107732993 -0.005150229290455756 0.009040398494539432
0.23117497755162783 0.40917284426952777 1.5045560043074393 -1 -3.3575951986104693 -0.9991601952513074 -0.015094456895418247 0.0027163603791975615 -4.2953983964784035 -1.7251623526267512 -0.02082008423343285 0.015552572213868661 -0.5687091758269385 -2.425274472880111 -0.026998601517438034 -0.018745557992600352 -0.9966246709770821 -3.4980713471851947 -0.023015824230565543 -0.011889612555497007 1.7486394395664426 -3.1080735945684363 0.019665506003447294 -0.0037174941231197817 1.7454736695694928 -4.224682607150243 0.028208938859679875 -0.001911931114400529
0.12927256068657594 0.3369951459289385 1.4653054063979154 -1 -3.382232249125776 -1.0574352282215544 -0.0111611813893163 -0.004758306124558569 -4.344231510256359 -1.719628043358318 -0.010212784323461382 0.004161116002085784 -0.6239997208980923 -2.5550642998326882 -0.02490806208508945 -0.025356058258594362 -1.019749767840287 -3.6165187877649685 -0.013111798965446859 -0.020244971861195574 1.7513486091190442 -3.132934112671479 -0.02423550105131896 -0.009701593079168711 1.8058394847932444 -4.2386192079361305 -0.007262612552823587 -0.00023041622744491772
0.02071064034434752 0.24643042761100176 1.1060909404693604 -1 -3.550292267050656 -1.1788400359607039 -0.047809440648446055 -0.028545056776136824 -4.458092536119785 -1.8200154552464 -0.04232628120332238 -0.020864503384838442 -0.6032398291720202 -2.772534447915684 0.002643715325757663 -0.06529877169877318 -1.0292160773692487 -3.76819963926364 0.008746763138892465 -0.01742620431694973 1.8860764360717077 -3.288427083262681 0.03636925395083957 -0.049390712050959636 1.964776898328184 -4.30347534495497 0.046074973153451056 -0.01252384606510304
0.01382669994584602 0.2802503702576339 0.8013075070748149 -1 -3.7965133778894433 -1.4283554730850594 -0.06097880470236063 -0.056444008538500866 -4.66412462670938 -1.7997455834990919 -0.0323890018729531 0.0275490179322345 -0.5103446487109595 -3.0519276653676353 0.03556266966741006 -0.05015816759586175 -0.9227880694417538 -3.9498152853449144 0.03276621083100682 -0.05013811256405564 2.2131559610911005 -3.4662501263457477 0.055167634718089775 -0.013901160102760837 2.422906047629896 -4.368572223356402 0.10858995169600931 -0.026282541315675152
0.09134017355576203 0.29421158120141266 0.5433894895687303 -1 -4.0511878863398705 -1.5904056888090292 -0.05511795740611655 -0.017028761596214324 -4.869075774411009 -1.7221557890098549 -0.012715223119851154 0.002250701091481292 -0.3086524463428315 -3.3621239652252415 0.040431927567845305 -0.07423005352660318 -0.7062731152023245 -4.150781501883001 0.05218083866309841 -0.026324871178215126 2.5551426005124585 -3.5492178133590784 0.06725891487785386 -0.013326340529198018 2.920908086372185 -4.370125097955215 0.07835223664943566 0.007484850350011941
0.12746260545099838 0.3256004047785879 0.37175010897606275 -1 -4.187967127233314 -1.6060809624516592 0.005229182114235783 0.004384432409927785 -4.95341648802133 -1.7932942538661811 -0.023031567697682147 -0.02234342318654379 -0.07274627097946151 -3.6264599047896966 0.05225022467772516 -0.013608071586420876 -0.45654828921083546 -4.352805878968201 0.03897708504142998 -0.0662612172088768 2.858829844871792 -3.568171316532813 0.03658847514432353 0.018224990698542276 3.2738809005004734 -4.366442839255553 0.07648451028075574 -0.026661704204834602
3.2712133 0.9630196 -0.008477688 0.90643513 2.3738832 12.271167 5.528234 0.6226475 1.8816813 1.4351561 4.828809 1.4656873 2.0012271 1.16878 1.0745933 6.9452696
3.0460813 1.315516 -0.11870217 1.1217484 2.5910702 12.14987 5.7969527 0.4712944 1.5012068 1.4641101 4.64089 1.9814777 1.7388223 1.15213 1.1597736 6.853271
3.6096594 3.2856166 0.1036098 1.6155154 3.4138334 10.849961 7.0781517 0.88394713 -0.18110025 1.5125449 4.4992666 3.5825503 0.7636883 1.1634513 1.4010184 6.375597
4.197029 4.039406 0.24875402 1.9359452 3.9979627 10.216527 8.368274 1.7272925 -0.9686051 1.5762995 4.371495 4.536409 0.13888562 1.254575 1.5430791 6.5029097
3.8448448 5.132125 -0.12492728 1.8782015 5.0586653 11.319966 8.835253 -0.07568121 0.018338323 1.5601792 5.1385365 4.3880386 0.028479218 1.2624898 1.4832534 7.4722414
3.4632378 5.527636 0.28468895 1.9938064 5.5453434 11.805834 8.932558 0.43814802 0.64628685 1.5729258 5.021305 3.9578364 -0.40811962 1.2326628 1.5340713 7.801741
2.9529586 6.1113753 0.7326269 2.1681595 4.952243 11.990508 9.247413 1.8204284 1.8178916 1.5972815 5.733098 3.4462585 -0.6409867 1.1686151 1.5991082 7.862791
2.5821931 5.3566566 0.00073862076 1.9146199 3.5115428 13.171563 10.684689 2.2878523 2.571919 1.6912801 6.985065 2.9182153 0.6027626 1.2264096 1.3774177 8.958408
3.6704855 2.2575378 -0.5403073 1.389633 2.593823 12.365794 8.938211 1.6137605 3.383924 1.6417196 6.609445 2.3994365 2.0209105 1.4414072 1.1113666 9.228871
4.866179 0.0047917366 -0.43482637 1.0768236 2.4313142 10.856212 8.122088 -0.12349391 3.7608075 1.5275284 6.9732466 2.696805 2.3454502 1.6254784 1.1033459 8.892478
5.278376 -0.54128504 -0.33289504 0.91338766 2.3628397 10.54065 7.7049594 -0.72244024 3.5223598 1.4764504 6.713065 2.7155352 2.427377 1.6568139 1.0777943 8.710873
3.7473385 -1.3521533 -0.34226227 0.77083874 2.9519749 10.773776 8.243023 -1.2536991 3.8166862 1.2819904 10.454628 2.5747056 1.6945841 1.497883 1.0001416 9.082126
3.9825373 -1.0650306 -0.59210896 0.6359892 2.751661 11.001377 7.6199245 -1.2578938 3.4583554 1.2128468 10.824104 2.7121904 1.7176669 1.4747293 0.83769107 9.450022
3.779702 -1.2710896 -0.6644392 0.5943514 2.7352083 10.903524 7.3155975 -1.4456346 3.4027157 1.1762042 11.378344 2.6641262 1.5676981 1.4501228 0.78414917 9.649189
2.5570407 -1.3695111 -0.6437969 0.29798174 2.0379405 11.435046 6.1111107 -1.936115 2.6168604 0.8510653 12.800605 2.7148237 0.38900346 1.2455282 0.5129647 11.037194
2.504806 -1.3469205 -0.61283183 0.29099774 2.0141282 11.464881 6.1354704 -1.925986 2.6098132 0.8346406 12.810467 2.7317402 0.32911253 1.2378194 0.56440973 11.071669
2.4361994 -1.3235526 -0.603075 0.29429126 1.9695358 11.52925 6.103907 -1.9241705 2.55795 0.8304547 12.720589 2.7303238 0.31143266 1.2249032 0.6298238 11.043457
5
5
5
5
5
5
5
5
5
5
5
5
14
14
14
14
10
