5
1.7084458846639299 1.6058827434215293 0.3423448553724738 -1 -3.2800000000000002 -0.29000000000000004 0.0 0.0 -3.5300000000000002 -1.26 0.0 0.0 0.5899999999999999 -1.31 0.0 0.0 0.33000000000000007 -2.2800000000000002 0.0 0.0 3.49 -2.08 0.0 0.0 3.2300000000000004 -3.05 0.0 0.0
1.3551035511642238 1.460532655961266 0.3208060967263279 -1 -3.2062928753418585 -0.30422487292920586 0.036229362239258135 -0.011487023514268764 -3.561517352080362 -1.2720640735643787 -0.0077540604210606335 -0.011517482252638808 0.5880288949054409 -1.311324494640032 -0.001576629990369846 -0.005227041304698596 0.3325670927087554 -2.2789820860246084 0.0020122743523328223 0.005356790356118869 3.4450115285886023 -2.0522125469126085 -0.02612599686069329 0.006254514605230906 3.2040768587831163 -3.0550564364004362 -0.011486240424588104 0.0035986485313874404
0.7178141509668552 1.1543250505226064 0.49931799519404446 -1 -3.1087056120248926 -0.4084392582714286 0.002223676688541961 -0.02864985052166119 -3.620905065652296 -1.3292020743938056 -0.006443197566990045 -0.009544493782353936 0.5733377248427116 -1.2921676584922657 -0.007051474171390371 0.002714042723901097 0.31614173035334847 -2.2870274021147967 -0.005954838447854357 0.000995356788617379 3.268628928551533 -2.00258259530397 -0.04068552470479865 -0.0017305740404267664 3.095207664014649 -3.079954257188251 -0.029189033268492204 -0.0024855761381443655
0.2711645436176654 0.8471913281363134 0.22145478837254468 -1 -3.165849941477447 -0.4900469523199442 -0.016691279199210953 -0.009295737681172127 -3.639978666191672 -1.3785906677039383 0.0037780805054950604 -0.005201237216091127 0.5164938411774607 -1.2560020061627397 -0.01676840383828751 0.003884688172078578 0.2507442885927933 -2.3025975201498645 -0.017857655047174185 -0.0005006262297199554 3.087269368821074 -2.0268194633804946 -0.03456316620230897 -0.011306946616431538 2.909080539009828 -3.124497280640558 -0.039391759139521795 -0.0054148944991593215
0.017065530305452926 0.6673091738746812 0.08738472434337817 -1 -3.2487101302205366 -0.477609499609399 -0.010746601465996842 0.004378747013536606 -3.634351722101845 -1.412533728719501 0.0009486700070519792 -0.006165269897493438 0.40139405913545634 -1.234774760668183 -0.02916678397532158 0.0021164138408250113 0.12822465744760958 -2.3066611046796126 -0.028632702523583037 0.0015765347120089736 2.905994272207555 -2.046755820198732 -0.03983575708857763 -0.0016924808718987525 2.714584187816657 -3.1579600768887786 -0.032400470395263094 0.001547480243141542
5.178303 1.9826884 2.3974042 2.381266 2.2712154 13.905541 6.0322 9.387302 -0.44992888 0.84114265 2.1887808 0.47836947 0.5221218 1.0383834 1.0147642 6.250309
4.7806373 1.5885291 2.3886003 2.3287573 2.0845282 14.213083 5.8293896 9.325073 -0.1648134 0.8148304 3.1702046 0.27804053 0.6166774 0.9898387 0.98759294 6.0656304
4.158583 2.0224607 1.8381581 2.0115178 2.1269603 14.35877 5.037018 6.7652197 0.4289171 0.8256475 4.35855 0.3713807 1.1713625 0.958197 0.942231 5.676985
4.252954 2.305698 1.5580859 1.4452646 2.081046 13.707777 4.3516107 3.4375625 1.3441863 0.76702666 7.252106 0.6181332 1.5353551 0.98475635 0.68188524 6.429323
3.5606852 0.30669975 0.14460492 0.78782964 2.603003 13.156153 6.6982102 1.1011777 3.0677273 0.9173386 13.447685 2.1267214 1.5630618 1.1989431 0.5181917 9.248659
5
5
5
5
13
