47
1.726172906840924 1.7689572238560567 3.769615364994153 1 -3.86 0.26 0.0 0.0 -3.55 -0.69 0.0 0.0 -0.05999999999999961 1.5099999999999998 0.0 0.0 0.25 0.5700000000000001 0.0 0.0 2.7800000000000002 2.45 0.0 0.0 3.0999999999999996 1.5 0.0 0.0
1.6469168093348105 1.8697608448884655 3.756702669304049 1 -3.7929357459010724 0.28574437860970137 0.030227762212199492 0.001487305507967828 -3.56907130529107 -0.715486624446328 -0.01045171726076671 -0.006826173126338554 -0.05913003963554253 1.5125766680845292 0.0016798287997793573 -0.004605809638144 0.25063459137229227 0.5707622627037319 -0.001549585573129732 0.005514157950971609 2.728226117971361 2.4497868928251934 -0.0246596532078189 -0.008880501614852133 3.0797996145719155 1.4779082522093776 -0.011846559373541333 -0.004406915973764941
1.7574575935708843 2.1028797008468976 3.672564929473263 1 -3.6561591634888106 0.2513540330636479 0.020026897093080448 -0.019051381008107025 -3.5855053468351255 -0.7951643229860211 0.005284580057706536 -0.01709711230945979 -0.08096428795578792 1.5215833889921053 -0.0076334723460939466 -0.0018235169413094079 0.24191767167686873 0.5549187034995462 -0.005557246417632429 -0.0025687074173259185 2.5568595092892563 2.3928090137033684 -0.032747171327497784 -0.023970263841330643 3.0020136836868314 1.3931846368478675 -0.02257978293419308 -0.018783588906443167
1.9430472513292627 2.2722288027945297 3.6297626315162916 1 -3.6561105975677934 0.14892634014458817 -0.004879128455980675 -0.01314401470802354 -3.5733062506344426 -0.8495865442257868 0.01079588669125129 -0.00850987346669711 -0.14894638001627847 1.5210034350086592 -0.016849784540998253 -0.005743232174055028 0.1969396138514119 0.5058363171478069 -0.014960055969355629 -0.010271443464848916 2.4173340549194826 2.271372649141883 -0.02329201118028673 -0.02834156865116304 2.8728676164391542 1.2532398504735225 -0.02953681928608569 -0.02604168038231794
1.9379137172284564 2.2779893269580667 3.5879757407790986 1 -3.7272886357770676 0.11281754865893845 -0.011076994958535886 -0.002367751976585347 -3.551730037358566 -0.8767144410341386 0.0034107042637297113 -0.00429146612813701 -0.25698472170028275 1.4787352206453357 -0.02582200347589321 -0.013708927072079609 0.09716514748852934 0.43723336651795086 -0.025363475897233832 -0.013899953872979284 2.275598548825105 2.1558273680183855 -0.0323389481020911 -0.022882089067995545 2.7299431093788016 1.1209723677699768 -0.027853842809440303 -0.01611073774985092
1.9109235136799996 2.265444255639816 3.60306630462777 1 -3.773800819738123 0.10962830169313253 0.0009233993308268932 -0.00040092699307598886 -3.5725737859572853 -0.929479943196981 -0.005805321846290366 -0.01535841688128606 -0.40701257952867476 1.4026316888400854 -0.009011568022340405 -0.008121784291252366 -0.04326067946713685 0.3556628746848034 -0.004576297086389 -0.01006049217543192 2.081278049595558 2.065451774002409 -0.02872526596120338 -0.029729649150916512 2.603017693346785 1.0632572408775367 -0.030827779797668042 0.01909925510248897
1.9519248208026074 2.2950890044922287 3.657215945181031 1 -3.773814416272225 0.09177261008564797 -0.004372047038086699 -0.0024579899470580013 -3.639790498803066 -1.0347738500091799 -0.018181432440033368 -0.030688828912342866 -0.557248566874252 1.3039817986090165 -0.016313247006829377 -0.024153610386718545 -0.19732124544500973 0.24720641405798194 -0.02268371194497023 -0.01855028859435151 1.8988500994875972 1.9986663749786748 -0.03018393224857898 -0.0108475850125334 2.483391203969301 1.050986305026294 -0.02293416367706152 -0.0016381780174340548
1.9707775455630838 2.310347832492662 3.7054314618348934 1 -3.7774110733427775 0.04512370602279847 0.010793321290494907 -0.014300927339112231 -3.70099613097665 -1.1565613785011462 0.001993271054372421 -0.018401890741878424 -0.6463884111148719 1.1776063275467394 -0.017627264968219487 -0.017373409921853634 -0.31685274463438073 0.10371517815438858 -0.016068730556871663 -0.042401546601200456 1.763479810047146 1.9497731288510174 -0.015385877383530002 -0.0008892124607880469 2.3671096496432895 1.0300166784542792 -0.01318823021362965 -0.0026478719162706353
1.9711460953818043 2.30946179437947 3.734881116658532 1 -3.790870809783132 -0.021436276815747335 0.007327952625078505 -0.01758151234312997 -3.7201114703970415 -1.2511962475570093 0.00354246530717851 -0.009220844549330223 -0.693024766956909 1.0421655246643704 0.0004872759815328781 -0.029342704769660645 -0.3580039378205333 -0.04461057341053165 0.0049869556600159355 -0.0203442149238068 1.6487704009643842 1.9058878883091772 -0.010921770039345656 -0.01780600893214413 2.2677393943245745 0.9943863384543523 -0.022380950728397787 0.011253889188023995
1.9898342994895781 2.3252821727836706 3.7540350853359463 1 -3.7777435670520436 -0.08876683873165492 0.02252067546404235 -0.014550204397670352 -3.737102403101324 -1.3113540360133746 0.005809762918586408 -0.007353798423680844 -0.7297413368527579 0.9174480072445643 -0.019086408432012973 -0.0344305895839625 -0.3397229484721942 -0.16580877614206002 -0.011190567421024698 -0.02037901868019995 1.5551572589883236 1.8735484971946303 -0.000796737693477767 0.0043055462948626555 2.2211184302247444 0.9831993250320925 0.006403236971320593 0.012989176256908784
2.0194167232168283 2.377034222782575 3.7675766975281366 1 -3.730445101181026 -0.15159892264286368 0.01998548608956334 -0.014520903213622623 -3.7900512596343865 -1.3487479073717776 -0.006706836850702821 -0.003470368702348449 -0.729130610073788 0.8197350311802813 -0.00884925030821987 -0.021712761458007053 -0.3004342107777571 -0.2559415754183071 -0.004622202690496929 -0.023461966317349613 1.4802827867716646 1.8440746190004402 -0.017452798010191607 0.0070971486758847355 2.2121019258016377 0.9933520631286332 0.013855081642818533 -0.00852093790977016
2.075685638625167 2.448146586837078 3.770763805195963 1 -3.6792137441001946 -0.20902855188443525 0.018128116105280485 -0.013755697245555528 -3.8518685409015463 -1.3774873379838797 -0.0018781570993653468 -0.006116601779862712 -0.6857120559228882 0.7257117071433681 -0.01389526188971885 -0.0362412537404508 -0.25446650153303807 -0.33926731665624743 -0.01748098119203731 -0.023872377048684706 1.455131396141125 1.823116843194331 -0.01739253902644694 -0.021673049524709942 2.233768409457473 1.0137773727671102 -0.008988801451748754 -0.010547883090904715
2.1511605636695097 2.5246403322472926 3.7676278979345663 1 -3.655942596065927 -0.26807547222402495 0.015409828064790479 -0.01793894819182699 -3.8824849017925174 -1.405059939268237 0.007698753661583336 -0.0022068350872403346 -0.6352630213862702 0.6067747898312232 -0.0013207994003299394 -0.023015775297539294 -0.18536260182051745 -0.4313664282543448 0.01273983027448534 -0.03050008628912443 1.4674143191620566 1.8075008288671284 0.02187459401894362 0.020688307810943714 2.277778816821722 1.0424912473709056 0.02967426227416268 0.02296342298155949
2.3823957068945947 2.692944416071034 3.7076527594065256 1 -3.699556217875179 -0.4641669234504674 0.013353525307517499 -0.05882544415005599 -3.894754437892912 -1.5590546492177624 0.002969147350319154 -0.045388873701225387 -0.569256791844234 0.4287816373798232 0.018876562369453134 -0.034682403349529566 -0.07863275726014596 -0.5351401498380115 0.02597536361331091 -0.024592150662821513 1.7185869611931892 1.7686891264236557 0.11110695343230667 0.015498491184844306 2.454828875482737 1.092565933941525 0.06810903152673031 0.05130037924393506
2.519603121977659 2.7818259191354904 3.4957160774279563 1 -3.7083673896881884 -0.8143060841241485 -0.021179715717543172 -0.0706876564721744 -4.084747265720731 -1.7000097934502296 -0.06573875029743763 -0.012623667003308765 -0.3815615080254888 0.268909114024223 0.07081360704811888 -0.02576675865890379 0.07434462435380329 -0.5904008263405476 0.05053505387995589 0.015644981084566464 2.15664299327901 1.861046440666184 0.10690416210144624 0.032460638903791264 2.8720223624897496 1.3770211938417312 0.06864785732229324 0.09871625150578428
2.580412360576279 2.87744806297688 3.3343539561720026 1 -3.796334198717643 -1.1298625108248406 -0.03352354542054649 -0.05368085009197643 -4.325524520348876 -1.7895834371555472 -0.01992909348451905 -0.009974736658750906 -0.09979876362647033 0.1621073808755309 0.07356113823795624 -0.03034318825559464 0.3222033480947397 -0.5765758523257568 0.05602374610097341 0.025808286310996683 2.5054220677588583 2.089585501198551 0.09162052017850211 0.03839823007687466 3.2703569506571766 1.7738427912010577 0.017978040124339505 0.0877300828164905
2.6655596288680523 2.971201586123634 3.3158056208545537 1 -3.914342021090544 -1.2616167356577384 -0.0066933230258083105 0.0006412829778095902 -4.381421823121245 -1.9151790428068012 -0.010780877826999482 -0.03448379316588637 0.18387479583399813 0.08749078490961626 0.06336899212817179 -0.007310766566545789 0.6090929286409734 -0.5536297321029108 0.060635741847266326 0.01113308499258938 2.717820981498848 2.331460755160913 0.039497443416806395 0.04926455068933827 3.503231683364854 2.0352202403319635 0.029256054644350625 0.05018720651166515
2.6771883472939138 2.980992497766478 3.3182114823938433 1 -3.8954786552089526 -1.2868697653323835 0.024997914907483987 0.022542751954660382 -4.315722435588183 -1.9210181010338543 0.0031717079142097853 -0.002999969693559614 0.40459146501405474 0.04941857280950046 0.012221008003793866 0.028878356923519647 0.8187263896600232 -0.5705950036727611 0.05556165760396041 -0.04177662462090714 2.8156256198784133 2.4658703845227774 -0.018808174979024816 0.027739050625165636 3.6169890351725655 2.2089715012553337 0.05063096309005558 0.01390310046773261
2.6954958224704164 2.987231306549183 3.2616849552081932 1 -3.772724529492903 -1.1889936139202806 0.03648305779822868 0.048696374268350946 -4.1908168434766315 -1.80267920909141 0.01469176588633734 0.007863630128711857 0.532803745598522 0.02660585059519205 -0.004140455678261979 0.02474139192664937 0.9619197401285087 -0.6050964709536869 0.04699539088254364 -0.03858321638720667 2.853396241802759 2.5386052457451047 -0.028514634997118832 0.02303388792742545 3.6423905138996613 2.2673884807880267 0.0346776699859053 -0.015647266867678214
2.663976896539003 2.9546359042343067 3.2365135159930016 1 -3.6475117653881153 -1.007892982617539 0.027332390907061705 0.056585432073095306 -4.011429754099314 -1.6673806357654675 0.02381938490777498 0.006359805561062954 0.593901490568312 0.0016869388516167483 -0.010177477043056453 0.020584511625035294 1.0717635309636435 -0.6342806939569248 0.03689273823889221 -0.033122644057397885 2.838354497791312 2.5574623984038256 -0.040102317875423996 0.006011362837798942 3.607188496203456 2.2231424805614997 0.025946652316076575 -0.026120612106134474
2.568316384949776 2.8697589741881537 3.2219900974971587 1 -3.5660497644182456 -0.831667883684014 0.01997743362438826 0.05033915644171749 -3.8439429709454065 -1.5309560821845396 0.012987613156639249 0.007868277779728424 0.6296099412213749 -0.015366768320863478 -0.011008944191204458 0.017174010098650903 1.1349984017966985 -0.6709035534740984 0.02556052107526495 -0.03253183459232901 2.7768016543756397 2.4974702218565263 -0.04057385463280889 -0.0017412584728187346 3.558783010717823 2.1548354249270325 0.0209303449410926 -0.032824809141256565
2.4807375868986146 2.7862032227827664 3.199560411428258 1 -3.505490053667918 -0.6890190463980522 0.01409437230206269 0.045491251223946524 -3.7651743143882106 -1.396551536540638 -0.0026924726234308412 0.005241612842359801 0.6478479085496884 -0.046636450451663425 -0.013752471209181766 0.00805208990172148 1.1629154203386314 -0.7262049888231144 0.019290281503276566 -0.034144679228695116 2.7231004319716607 2.4376089371262326 -0.03509200963874917 0.00036846412890715555 3.498790982024145 2.0385622133141545 0.015493889553257496 -0.039772225119613605
2.3667392001575367 2.6744734956649583 3.1658446118618886 1 -3.4802985063302283 -0.5651276420148401 0.003154429668418506 0.039968987802356054 -3.7395828071095574 -1.301619545793704 -0.004501293556111703 -0.00395847231263621 0.6392799866248344 -0.11786760577079347 -0.018355235532354845 -0.0006953977965971723 1.165595811383902 -0.8031505570954387 0.01237097541724666 -0.03852921504065128 2.674294929867693 2.3606958566117444 -0.03485563402991598 -0.006355335167784147 3.445475244544668 1.9312856124255577 0.01777917902578375 -0.03151857952390904
2.260814267688164 2.565262002460021 3.128444481455038 1 -3.4958515688744844 -0.4760164175490731 -0.00639581835381639 0.024643753114584666 -3.721024852914928 -1.257849003812658 -0.006667435304588563 -0.004059694337098364 0.6141031034915505 -0.21537708221302965 -0.01843599817666497 -0.003605016626105852 1.1318699870123918 -0.9101716120989494 0.00457301525275871 -0.04498598612316713 2.6333196299856967 2.274976936492635 -0.03106237623345089 -0.0002258149370765409 3.401861554552137 1.8468738125300561 0.015915235599266282 -0.03368154599790894
2.221876276238008 2.500491670905846 3.090688761121371 1 -3.5044085848207023 -0.43209744590328625 -8.707300790676336e-05 0.018813663801019464 -3.7262651256843546 -1.243140259741391 -0.011858925921061646 -0.01034421984640875 0.5913268776571163 -0.31836380987881874 -0.017810179541859667 -0.003655869828476011 1.0751905864554603 -1.0349738746525294 0.003594861843104944 -0.045600135997803014 2.616877770708723 2.220952965617722 -0.02941212491653806 0.005270220447778005 3.3508987547981386 1.762055724382177 0.018876783076079744 -0.03067426001373527
2.214752301510911 2.5483122593170333 3.109625381325906 1 -3.5372221715859062 -0.37618172904298164 -0.006363006536223584 0.025399171527890903 -3.6336720660940225 -1.291310109846844 0.04245221493765186 -0.018517780211771806 0.7137031272904091 -0.20837730204395943 0.028821453328109797 0.019359775504676185 0.7361725249156823 -1.197711940174751 -0.09986333497801965 0.005174614798715235 2.555483566188549 2.147028826261752 -0.019296345687335646 -0.02048278965712471 3.308496424050446 1.651550785963265 -0.003216306629206491 -0.026095125045225036
2.36929276754679 2.7908416922537422 3.1616983821632614 1 -3.5632889774166396 -0.2454507205083093 -0.006311090992091466 0.03234003713547701 -3.469066492845645 -1.2578620795995556 0.006040183850609344 0.024961486539822227 0.6845741457493615 -0.05023095247428222 -0.025513600012375116 0.014339586856453444 0.4232789153468959 -1.1172298926425426 -0.04674975536017866 0.054396562132886156 2.3946384643711127 1.9126459802826448 -0.00679395757481264 -0.05320550951702235 3.252724542250494 1.3438171391929794 -0.014883910643381088 -0.054760817379588704
2.460166233826369 2.873673679729049 3.0107273070319645 1 -3.610965979997623 -0.10703469343460248 -0.010847879554919051 0.03554905015056533 -3.5355227628112584 -1.0943636643652932 -0.02692856544689298 0.023995043288146452 0.4061111428732431 0.10928985943861469 -0.08669769599153988 0.028080482815262216 0.29460792212764453 -0.950465282395517 -0.0392977133763213 0.030258783664456272 2.2942128225912857 1.5546600464345497 -0.005392323134540033 -0.09026832118508227 3.1632154046103436 0.921338720865408 -0.04285911124115335 -0.06451273094206474
2.315759789342147 2.7731075754778765 2.891768985394165 1 -3.6759745659028726 0.05132988829406959 -0.019048344267751042 0.03939881629829778 -3.6357682691656104 -0.9805678437595636 -0.011701150133084842 0.01328272998882591 0.13237279241934718 0.2452342084581265 -0.05506209322116211 0.016127304332171445 0.12574531665964894 -0.8330557429265587 -0.07176057573992578 0.01968393051123027 2.1396774697043535 1.1915770828839385 -0.019589968706063214 -0.0769222731265336 3.030292390990363 0.5371424059196659 -0.05544935578904081 -0.050286338032213176
2.290105909715172 2.721132481450415 2.7745101678961963 1 -3.8015834654830982 0.21878747562561984 -0.03808813705366798 0.03360347350378705 -3.637028481755472 -0.8867506378534601 -0.0013443613075749868 0.017546418396083337 0.03526044883053281 0.31238200869646104 -0.04341676001294297 0.0011963787660336008 -0.2201423415424042 -0.7513865214635896 -0.10625399999777932 0.022542671468974994 1.982050188582492 0.9248530872898748 0.0008517814653559476 -0.02103469506134137 2.84254698647051 0.22502947838930676 -0.02831673103063386 -0.03707812411990517
2.348851228729576 2.6949306091174265 2.6900992944062594 1 -3.960427600784487 0.3762212989278262 -0.03808958311752198 0.029856576186084047 -3.622396313735032 -0.7609713106338 -0.011784664715817413 0.02520695325921536 -0.07659495468527489 0.29484001613524335 -0.03724487750135508 -0.003007319883401482 -0.5546050584138502 -0.7112634264748574 -0.07058690752379113 0.003007058292591576 1.8941415799723789 0.7254425820130896 0.0058263621607348 -0.020597165660320806 2.6468582111276477 -0.0500000707435827 -0.02337791910926668 -0.029212790105500305
2.213634972616533 2.587553364438563 2.6548120743552137 1 -4.095632467098324 0.5173654542319135 -0.013360110906146586 0.027218285548896423 -3.652391790512012 -0.5994372524536686 0.008179812409041167 0.040759349730658305 -0.21498288201069204 0.24410980200808097 -0.04311192993883843 0.0010148751681335888 -0.767358160657885 -0.7246600929620695 -0.04855176486630188 -0.0021163598324045376 1.7649132967195058 0.5170246135990546 -0.01801927245642345 -0.03629528601424825 2.489033723946565 -0.2667828218258358 -0.021471982360411614 -0.02835764960343049
2.0901978364762583 2.471166216275773 2.648898904204719 1 -4.2306086421621405 0.6052547457231345 -0.03094044127326223 0.009551740556417903 -3.674841158989913 -0.4388071577284477 -0.006107381581876634 0.028788457010174302 -0.35236885245375493 0.22385105163223806 -0.03829982762969124 0.0017279994811133948 -0.9091262390678545 -0.7282780491569499 -0.04509068578230362 0.014778164558633983 1.6264378783693525 0.33889322584325465 -0.028090767648587305 -0.02722209969586726 2.3590561892318895 -0.4401843045312427 -0.026977447721634833 -0.037972225535691975
2.0512329027988287 2.3724172748352736 2.6725535828600107 1 -4.349520138620737 0.6538298211604794 -0.012915448109677475 0.0018370795589407359 -3.6962585435992104 -0.29273536185814164 -0.007446323913095632 0.03415909317328954 -0.39713988952491164 0.1993857243871089 0.011734255060763992 -0.009754932997219964 -1.0549335914716487 -0.6676163580644356 -0.014677339586609271 0.005420392766713477 1.5370946159882815 0.23848566130112725 -0.03045314549829759 -0.04259875844854055 2.2220192269180883 -0.6023783592377314 -0.04852955755313473 -0.04004170458946641
1.9618116313030562 2.2287462056968823 2.6154285305439204 1 -4.443274439162631 0.7011563773265157 -0.026990715192102423 -0.0010468995133790238 -3.746602815051553 -0.18367534503020688 -0.02671814422865435 0.006788828635266456 -0.4231487602737758 0.18844044333725907 -0.018646208021286567 -0.00023829103893290536 -1.1796711765303765 -0.5920579876000397 -0.024576570875679077 0.026462975753186374 1.489208382548906 0.12398215941919788 -0.01709078060490251 -0.03277799453016725 2.1034559026457167 -0.7705267541991884 -0.029125835390391937 -0.037264697186858764
1.8114224556420264 2.0838470023560562 2.5570501009280444 1 -4.518705445780728 0.7294521554246007 -0.02109906615283247 -0.003775139364936569 -3.789234314138957 -0.1072068394406902 -0.021573670485945044 -0.00025333640761068636 -0.4795605051671652 0.21375622305991304 -0.014027974025267429 -0.012312265778338478 -1.2831684315101457 -0.51931953581247 -0.004559940425381104 0.027523448270384276 1.442533020320556 -0.0037058476505605897 -0.031671209789884976 -0.0340323736578666 2.0063353721103514 -0.9199368599844531 -0.030742675878890117 -0.02748590402810254
1.758405096577003 2.0054198529157468 2.45769492269121 1 -4.578613880121955 0.7334610242186674 -0.020727972457226358 -0.008026897025452373 -3.81023606993398 -0.06332343982384558 -0.014749651045247298 -0.008311340836632347 -0.5374306679381151 0.26804004173400875 -0.012248401091366138 -0.0019178684684853613 -1.358863141125378 -0.4493571471698492 0.004233235709050334 0.02004548236820949 1.3679323422708531 -0.09289279200987999 -0.021301492841641106 -0.016945757696739536 1.9109537468647186 -1.0181108498800133 -0.027713663246057375 -0.024478897329146404
1.651072083617982 1.765223959640696 2.4229226809327535 1 -4.616796419723689 0.7265087859225838 0.001948258814465316 -0.004593802049436645 -3.8114820734576655 -0.044565863827421004 0.002796476289197186 0.008404343781737534 -0.6849148526942739 0.4558723355067027 -0.024754274798947457 0.04875478190709603 -1.265682278387338 -0.5083703161716155 0.017547087803411812 -0.023493515050067828 1.312787045690544 -0.1120210594244635 -0.013038624326653961 0.011480766550512183 1.7671253639771374 -1.126633955101057 -0.031608860813514175 -0.03554638192751548
1.1852855069360404 1.2789564111092684 2.469330340420564 1 -4.637610474738159 0.7189602112308218 -0.011998216530420878 -0.007151518772524148 -3.807892718333642 -0.055692364670586025 -0.012117129619654908 -0.017979281699976143 -0.7936095213199525 0.5870475489881897 -0.017231060084154134 0.011063902240794656 -1.2153386719146981 -0.4960058798043656 -0.00752449285934444 0.023523208394781087 1.2612274275171158 -0.05394534233263992 -0.022391287412731185 0.015156957765318871 1.5382344594291615 -1.190470927676743 -0.05697570951797545 0.01562718053874883
0.8128513445233116 0.8378817062852549 2.202535227663084 1 -4.653313472014234 0.7593575244722612 0.006169180408267672 0.020676207159106865 -3.8385202871411224 -0.09336538079407997 -0.00203627676866604 0.0012911365651954408 -0.8063702269077857 0.6575972468452989 0.0011005133424414892 0.0007518736975874272 -1.327409713184684 -0.3981778796641894 -0.010952189650917012 0.02609722901634753 1.2454894700793746 0.12752730399671375 -0.017608820384785926 0.04113369540686186 1.4024120426857865 -1.0196906203550675 -0.03224203420612352 0.04360196788488733
0.6079235636863629 0.5469862147560344 1.9919364015997916 1 -4.6876894287404305 0.8045761333944053 -0.016589047515620674 -0.002347402300157466 -3.8809018180354222 -0.0975950050137353 -0.01643150365638791 -0.0028354037091399944 -0.8431926591841896 0.7444128470605313 -0.029670514761461774 0.024365544092612327 -1.3863767824401738 -0.3160115395829929 -0.012443506928249323 0.021949056676236173 1.3343068566677765 0.320530504366767 0.05759870318348857 0.02450855096457399 1.3633360129980963 -0.8262817647566244 0.026223506687828586 0.034325385963647134
0.4398941941807741 0.3277255321016931 1.8549364588535053 1 -4.882290530978793 0.7664023404035105 -0.056854117959132824 -0.017675181510066706 -4.0249307692539045 0.1978196864974895 -0.05926099269391105 0.0700122745354409 -0.829355980918876 0.6623065652938209 0.005277915867259644 -0.038932558434424794 -1.1148959413012292 -0.2706792585854533 0.06044302409591466 0.012508931318047568 1.5294664369742685 0.4390374508866517 0.07914670119137344 0.015384334137185159 1.4280536498611083 -0.7296458337887619 0.05817387754811698 0.005067423388625078
0.2645212477867108 0.08327350280315794 1.6574781149473683 1 -5.10862298031473 0.7464812097152085 -0.013892282786548742 0.0025685441547539274 -4.332765242021604 0.46814718797491506 -0.06644569197617815 0.03506148946395838 -0.6955463539684938 0.5301494725123845 0.039083999361492275 -0.0232177891814587 -0.9213373874923763 -0.3008690510946386 0.036738386758083455 -0.0005605944884175297 1.854153774326167 0.4866808072638642 0.0804399707893126 -0.0059846088609676745 1.6590842532791035 -0.6860343438908623 0.06661697746364859 0.014435394399350793
0.17027206690974836 0.09189825525094143 1.3607752273667446 -1 -5.212511345612136 0.8277908426240992 0.01737727380260838 0.008210061141640619 -4.509084598183919 0.5225067260929881 -0.02758243603358455 0.01055966764632012 -0.6175492221420527 0.5516651018726804 0.0029645320256185322 0.0071617601054254285 -0.7585782692157386 -0.23014646841382547 0.04625908990530363 0.0516751851828637 2.205745494473219 0.4690844608252298 0.05206995497098914 -0.0005649430274153769 1.889195596204348 -0.6062896792585619 0.01522242755754108 0.02198758103015601
0.13937899510791865 0.1599654299819166 1.0029286398294996 -1 -5.19630210430085 0.8522495080769081 0.03432679239520587 -0.013823814657963729 -4.494299465061862 0.5189444783530768 0.002158923003994742 0.0034171535666857027 -0.5488797051878809 0.7432623349339189 0.01322243667605989 0.021963509237549604 -0.5937657949445332 -0.0324911579367676 0.037475733598645256 0.07045537674368738 2.525269026212775 0.4106862726343199 0.02983288018270238 -0.003933628218266573 2.044514413770627 -0.5493767691769478 -0.001500251349654284 0.02256845865242092
0.06799891120826636 0.3087637559034066 0.5624064079665375 -1 -5.140668732399234 0.7896538908053736 0.034373902793484505 -0.020811488704658737 -4.387294744439126 0.47789328734237646 0.008615198617204056 -0.002418451458456582 -0.5282804095994305 1.0319827845484486 -0.005820766868150576 0.06925857842116415 -0.7707027422540138 0.18296919986296478 -0.05526192110817921 0.028087827571433428 2.7390743945334277 0.41186574346238625 0.05229601569813612 -0.02317960358537429 2.352951671438614 -0.43768488490760094 0.10621117675534376 0.027895587440718572
0.21310782992887847 0.30276631717460495 0.31071092613699997 -1 -5.110227833345359 0.7550517025108034 0.00029825417465126347 0.004981615228466282 -4.304064880781258 0.4297628229134258 0.014990418041587121 0.0028703208366060674 -0.579429829466144 1.2164630219117614 -0.013580429702762227 0.0074095435924377345 -0.8484410370311428 0.40045455306830124 0.017479116310197985 0.05741359430940246 3.023918791109975 0.32468477843261123 0.03834840803111589 -0.07595503380183541 2.6431298956903104 -0.37479092507643663 0.059031869977800716 0.02835197023840083
12.486599 4.7403674 2.5397227 3.6470573 0.09576702 5.5911503 3.1830792 1.8288103 2.142529 1.1627187 8.487602 1.4407305 2.6817718 2.7609527 1.6184996 1.329802
12.29628 4.425351 2.3259068 3.6605754 0.10585928 5.909602 3.2457666 1.5316061 2.4723625 1.1930255 8.18211 1.4270947 2.6184378 2.786013 1.6621501 1.2597814
12.065006 3.9006248 2.1376932 3.669055 0.042603016 6.285949 3.207117 1.2805003 2.953251 1.2350093 7.8679314 1.2876265 2.6612682 2.832939 1.7054371 1.2229667
12.004955 4.0848966 2.1733482 3.673003 -0.0024795532 6.2459145 2.9258409 1.3879038 2.9920921 1.2414459 7.290291 1.0818663 2.7200565 2.8291917 1.7464446 0.8879323
12.055235 4.3506155 2.2509375 3.6781764 0.0041880608 6.167771 2.883603 1.4889512 2.8515606 1.2512918 7.0637364 1.0346649 2.7781534 2.8367999 1.7625055 0.76810265
12.250433 4.456286 2.4905388 3.6239734 -0.12735605 5.925913 2.7379465 1.7899678 2.608642 1.2281276 7.358489 0.89210194 2.9992635 2.8209136 1.7046244 0.86116076
12.463039 4.611591 2.7623026 3.5676234 -0.22253036 5.554377 2.5537138 2.0216484 2.3386843 1.2018938 7.8800077 0.813364 3.2029438 2.7948992 1.6228871 1.0789328
12.406711 4.2458878 2.7010834 3.556181 -0.17107248 5.5872574 2.653841 1.6724491 2.5121632 1.2302102 8.693833 0.95798624 3.2329817 2.8257833 1.5713067 1.566061
12.152945 4.3811345 2.5929706 3.5247395 -0.012126446 5.6491814 2.593123 1.2697387 2.6248996 1.2488592 9.468456 0.9723284 3.2233522 2.806427 1.5467222 1.6799307
12.165211 4.423166 2.627354 3.5709314 0.06455135 5.562652 2.7437572 1.2685331 2.5528817 1.2647684 9.657271 1.1453454 3.1704624 2.8384583 1.5477891 1.86864
11.614244 5.464331 2.492433 3.48143 0.46457863 5.4550366 2.4472523 0.48108888 2.4734015 1.2829994 10.914125 1.1399748 3.1027634 2.732627 1.5099652 1.740735
11.049903 6.208057 2.1654825 3.2493148 0.84607506 5.674382 1.6986895 -0.75674653 2.6733305 1.2969679 12.033269 0.7542269 3.1533475 2.5509827 1.4491363 1.2810802
10.716318 6.3550696 2.1740952 3.2864504 0.9901242 5.667353 1.5980053 -0.48073435 2.465081 1.2693464 12.667166 0.7121198 3.0427477 2.5372524 1.4777966 1.065927
-1.7321744 8.341604 5.6509 3.5771837 0.6802583 5.241942 1.7672365 2.0918095 0.59012103 1.1849146 12.68984 1.387659 2.0545807 2.359296 1.9187636 0.34327793
-2.0986152 9.120497 5.6842 3.7616215 -0.1254549 5.0240397 3.0688124 4.2485456 0.44447565 1.104176 12.931723 1.4291637 2.3619382 2.4776328 1.9807665 0.1968193
-1.6884174 9.567279 5.998334 3.7507162 -0.27152777 4.5608077 2.8586435 4.811432 -0.021926165 1.0700864 12.558559 1.3248107 2.50546 2.4549444 1.9593356 0.035061836
-1.8176856 10.066345 6.107855 3.7310753 -0.30747223 4.388607 2.8228354 4.8991437 -0.101959705 1.0699499 13.091351 1.2867831 2.6011045 2.4355185 1.9325273 0.07157326
-2.17378 11.512722 5.8870926 3.5569882 0.17500877 4.537401 2.2773852 3.7620397 0.14041662 1.1404412 13.105038 1.2284222 2.781699 2.3050716 1.879571 0.2071209
-2.4486065 11.158748 5.4953084 3.7079039 0.78855276 5.3955607 2.5842118 3.9476104 0.4201163 1.1913218 13.452839 1.6170019 2.51364 2.3931193 1.96428 0.695632
-3.4132395 11.148382 4.5645 3.8626466 2.1249223 7.724322 2.4060352 4.17714 1.1433326 1.2339019 12.570581 1.7322681 2.103902 2.421805 2.1516378 0.9338684
-3.6331158 10.968566 4.3692827 3.9877117 2.4333074 8.675799 2.6386304 4.96724 1.2920116 1.2004185 11.957291 1.7244036 1.9055045 2.4469714 2.241512 0.9050007
-3.358858 10.564545 4.632191 4.1224613 2.107259 8.72082 3.258603 6.028908 1.1600358 1.1326956 11.634726 1.7174236 1.8244202 2.5038428 2.2725525 0.81944895
-3.4016042 10.669987 4.718789 4.1498904 2.1006627 8.875844 3.3466809 6.3463354 1.1383306 1.111801 11.30064 1.6629021 1.8043168 2.495695 2.2887938 0.7564535
-3.9292479 11.73378 4.9964633 4.16866 2.9057689 9.825955 2.7438111 6.6249514 1.2443533 1.1258683 10.056359 1.4275864 1.7065463 2.3919373 2.3724594 0.6391859
-4.1519957 12.580826 5.0010796 4.0329604 3.4982142 10.176884 1.8107393 5.487503 1.5104635 1.2048252 9.535825 1.2381359 1.7352874 2.2803407 2.3620112 0.66672134
-2.216157 12.485489 5.610133 3.9269776 1.6634536 7.7131944 2.6839705 5.436803 0.35087478 1.137709 2.5315933 1.8129425 2.1221693 2.3492675 2.2789392 0.683094
-2.6126518 12.972133 4.950697 3.6623836 2.2619128 7.907511 1.4672982 3.3536062 0.7288846 1.2516626 3.0687857 1.6828817 2.2347748 2.2300017 2.2210689 0.69216824
-2.7070856 13.182277 4.743207 3.5859451 2.4604218 7.9363675 1.1235994 2.659253 0.89836335 1.3041915 3.1544755 1.6431834 2.321166 2.2008219 2.2099648 0.6430578
-2.187478 13.208145 5.413456 3.8882592 1.9548118 7.642656 2.5787668 4.4309893 0.8885608 1.2967447 1.7398939 1.855952 2.4573805 2.3744078 2.319184 0.53477764
-2.8412452 12.083155 5.4467463 4.072364 2.3232653 8.664778 3.2374024 6.123087 0.57266426 1.0817972 2.345078 1.7685819 1.9372767 2.3287675 2.3809717 0.2935896
-1.7206693 12.625028 5.475889 3.7392378 -1.0994129 8.903158 4.025079 7.220318 -0.41936982 0.603317 2.8403487 0.8197316 1.7774653 1.9451842 1.8425941 0.2377739
-2.1609807 12.714738 4.360116 3.671853 -1.4822044 11.135076 4.2661257 8.20339 -0.57305753 0.34891963 1.5928607 0.5211307 1.3009326 1.7327733 1.7633234 0.22282124
-2.3296437 12.727121 4.0128317 3.6789644 -1.3826151 11.531944 4.369381 8.352179 -0.52518666 0.33937502 1.1495323 0.5818646 1.2412821 1.7366613 1.7947403 0.29374123
-3.02677 12.941325 2.9470289 3.6594362 -0.64605236 13.7916765 4.2602053 8.752782 -0.1958834 0.26500225 0.5493741 0.4053744 0.84065 1.6133881 1.8454906 0.40820312
-2.740769 12.740565 3.1544843 3.6004229 -1.0072293 13.264714 4.5251493 8.663319 -0.30623317 0.24406171 1.0013518 0.40346706 0.910639 1.6081629 1.771661 0.43477154
-1.9358096 10.213968 3.384557 3.283827 -1.2053595 12.978568 6.289028 7.959202 -0.004321575 0.3332076 1.1022692 0.41212273 0.8705838 1.685962 1.6990407 1.9020643
-1.3008566 1.4435382 4.698473 2.6019487 -2.0015368 12.807372 12.051537 4.9640594 0.16081369 0.5958282 1.346786 0.44193757 0.26375437 1.806654 1.7038635 5.5964375
2.35323 -2.689231 3.5216517 1.9493701 0.10601282 13.6233225 10.302164 5.3216496 0.24265301 0.76309466 4.40108 0.61967623 0.36292845 1.4971356 1.5974832 4.0492554
1.47928 -4.6267166 4.133643 2.1745634 -0.1755681 13.140357 13.026534 3.0892193 -0.38430846 0.8256606 4.860647 2.1526206 -0.79914165 1.7019088 1.586257 7.0364084
1.6079531 -4.6883545 4.2556434 1.9635384 -0.08704758 12.619446 14.126009 3.3283434 -0.4363246 0.71801674 7.28281 2.1508803 -1.1521865 1.7443813 1.3979188 8.518543
0.30018616 -2.17558 3.9008877 0.9072919 -1.1705141 10.890114 10.995063 -2.2849693 -0.73236835 0.4917966 10.688566 1.6972734 -1.5248771 1.2728074 0.64448607 10.575024
0.5944905 -1.8728442 7.062455 2.6491895 0.60898066 5.841307 14.192384 2.3506794 -0.4633919 1.0901561 10.279314 2.5311887 0.030288279 2.4238012 1.710713 7.885278
-0.12612724 2.7892485 6.4369316 2.582272 1.075623 6.262292 13.956051 0.8921907 0.0042910576 1.2423152 11.646727 2.5619345 0.09777063 2.2820702 1.6694771 7.765614
0.6405635 2.791349 6.874212 2.5390823 0.73321915 8.51235 13.510731 2.3665853 1.1549197 1.2859488 12.340713 2.2977529 0.17123601 2.3456852 1.5463991 8.984952
2.9007816 3.2663646 9.280867 2.4857352 0.5738373 10.484437 9.9198885 2.4350154 -0.5427232 0.90056765 13.891884 2.1131344 -2.4022632 1.9182826 1.0057819 11.335423
-2.6409912 4.624831 5.4624567 1.8787192 -0.63918304 3.9208934 7.3652225 -2.8891692 -0.9845357 0.34215045 13.483988 1.3342558 -2.7003455 1.2016685 0.94280326 8.999606
-2.1803885 4.4554763 6.0973787 1.9821348 -0.25994062 4.0405855 6.969611 -2.4897392 -1.1554304 0.3710351 13.2418785 1.3020399 -2.8723102 1.2163363 0.98063684 9.036323
0
0
0
0
0
0
0
0
0
0
0
0
10
10
10
10
10
10
10
10
10
10
10
10
1
1
1
1
1
1
1
1
1
1
1
1
5
5
5
5
6
6
6
6
10
10
10
