114
1.6988781066433996 1.744227988615401 3.2723080539582456 1 -3.79 0.21999999999999997 0.0 0.0 -3.5300000000000002 -0.75 0.0 0.0 0.08000000000000007 1.23 0.0 0.0 0.33999999999999986 0.26 0.0 0.0 2.99 1.9900000000000002 0.0 0.0 3.24 1.02 0.0 0.0
1.5804949568597852 1.7581817901876495 3.236259350074147 1 -3.8183077654819457 0.23436889636222147 -0.007289285515097822 0.01180842724790592 -3.460228375353484 -0.7302341129369057 0.03488900623027501 0.013062542093097894 0.08342161624951672 1.2300975613506293 0.0022477953404958424 -0.0050060987504916155 0.3371921733408385 0.2616795679011459 -0.001954685843291686 0.005403431604331611 2.9608607099378403 1.9987203473115378 -0.012245203870860186 -0.002590617191476902 3.194644160077096 0.9932959606967047 -0.026447683161331736 -0.005520799144374977
1.3109516959481609 1.5211318042516893 3.2702540486755103 1 -3.878771209921808 0.2927575750478275 -0.006760643282964095 0.00932658960840804 -3.3657863454943735 -0.6238114913620704 0.0023741558294268997 0.028522030460519217 0.06798480862448919 1.2401591051921779 -0.005920724592970345 -0.000654827044402612 0.3207337727519377 0.2435752982741759 -0.007308641765951842 -0.0024746809279738487 2.850486769615591 2.028421926075477 -0.02950990522690404 0.0030707579755590176 3.017300019829664 0.9478349110183897 -0.04097819845120848 0.0022129056140781297
1.0652143140069754 1.2185544380040227 3.111169187801774 1 -3.898659778498679 0.3419305532274568 0.003869627336325017 0.00509042979251656 -3.4204223041968875 -0.5439096255226089 -0.015992358656394434 0.009286950248802751 0.0023460893265738747 1.256783349081446 -0.01803430933512895 0.0005141095823116698 0.26326769378853765 0.2082021722909113 -0.01681194370510683 -0.003832017787429285 2.664498492950779 2.073612942492642 -0.03954131522924559 0.005094673993510348 2.8360061102028284 0.9723486713430431 -0.03461606342864743 0.0109846473764614
0.9692825446808028 1.1019185650915582 2.979034675494186 1 -3.892253373994617 0.37489285514100557 0.0015537104115492 0.006210654129621379 -3.5013447373921944 -0.5569017687209005 -0.010172853699238408 -0.004501879018137157 -0.12061839014744002 1.2604775672657516 -0.028748798358533497 -0.0017386865305310042 0.14878062826844385 0.18678290240674866 -0.029019946950650667 -0.00219486224804045 2.4705671887645515 2.1051292810827342 -0.03243496501010243 -0.001870773682593115 2.6553592936729133 0.990841515510835 -0.03994044842389179 0.0013956451498577625
0.9097733403291122 1.016070594275946 2.9043455834686975 1 -3.9356809023833206 0.4080896359466408 -0.012211561792456768 0.011718674638690156 -3.5417061720684284 -0.5789508739041542 0.002954280590470375 0.0008072598178045266 -0.2870804710962327 1.2531691219306067 -0.05763479287222255 -0.00393146273700749 -0.023755777018878987 0.16885091417215015 -0.05675660246023145 -0.010297175587134118 2.3347741511398326 2.0850784480592175 0.0004904740303206395 -0.0007917187267929369 2.4424771969914936 0.9589732416891066 -0.013957166985560484 -0.013238943765704154
0.8150121193574913 0.8777204323022638 2.8327833622225707 1 -4.049483600758374 0.4603087387234752 -0.029619511563869546 0.015018699119396883 -3.5486693588314377 -0.5614831434286629 -0.003265410940223118 0.0030857928766583292 -0.47142661816667797 1.2617758838783093 -0.05766493840231178 -0.0016600474292394847 -0.20146304785560787 0.16861436973084531 -0.05173715159050584 0.0022912165765632576 2.2299427080027048 2.0266604039848093 -0.00340530676102508 -0.01287765937998721 2.2505932606749894 0.9128135649799141 -0.01109750510821525 -0.006611059253493412
0.7428016267517773 0.7890156159629307 2.7843816356861217 1 -4.168530197736397 0.5314004321285826 -0.019285571417667624 0.024875449089305807 -3.5766988430624838 -0.5210572940652849 -0.001465235285682264 0.005485006208251509 -0.6461458710768548 1.3169237268845237 -0.039399386068747225 0.020875053795026157 -0.3406124676451272 0.22117196855349586 -0.0288650050905297 0.007472732668558473 2.1044669806991756 1.9860466335894809 -0.0203472982497368 0.008010894211696071 2.1018379692247224 0.8826913993321186 -0.019603810030069883 -0.015110625133389276
0.6847226492974772 0.7171681052905189 2.741260127303813 1 -4.2357614186351045 0.5991159482581743 -0.022777889498899726 0.0006370119857886519 -3.6232633881111256 -0.4720617887230082 -0.028604735829533653 0.0008252460924749487 -0.7690232057024926 1.4141582165546636 -0.002354578581016815 0.02719656211418746 -0.45782799212634195 0.31208236930708066 -0.006907319161140013 0.021337433701048417 2.0059790346132944 1.9650280676863296 -0.034366828105895766 -0.0109228551034347 1.9858003234360728 0.8574779289034307 -0.04475451533874277 0.0019371352102149466
0.6253227691013509 0.6331193276147544 2.695410681897688 1 -4.283858131705893 0.6407635819365431 -0.012744475862955334 0.0027171604465789177 -3.6530796525542124 -0.4154122815848018 -0.00908657436058672 0.010739864914827311 -0.818078571152145 1.5235768754902663 0.014386970334747042 0.024146524994814338 -0.553497469905659 0.39450609494824684 0.0033450750594427314 0.019926511123132755 1.956235682802836 1.9451329858877768 0.020742481326530577 -0.009811144150236515 1.881816454963536 0.8334513770846597 0.011037749174323125 -0.004318909864603889
0.5603058488295608 0.5622031330970954 2.671846505876419 1 -4.347484405038491 0.6443200390404842 -0.00922977692115956 0.0026085570558062854 -3.64455456449056 -0.33700450766473544 0.011857596397967404 0.021511009873648686 -0.8322836407705045 1.6204141383898487 -0.010306109798125917 0.02450945887788318 -0.6063558238418194 0.47124433408350885 -0.010625692583298235 0.009058496161944388 1.9543962770188141 1.9289578383788166 0.02977556861584406 -0.007705486064227665 1.8019925057325326 0.8157825521778994 0.019938236270120424 -0.00512653454854484
0.580770301754275 0.5490218896666741 2.4362523915517693 1 -4.330819347652531 0.6490444212082724 0.01660424054972521 -0.001677594665643642 -3.6172368955544663 -0.342634632934563 -0.010565975077949801 -0.032307232083968906 -0.8386332240088779 1.7117670663948288 0.0134881428185917 0.008733906233783003 -0.625237901564967 0.5761131405841358 0.004584694932334331 0.03890707474765566 1.9750130964203398 1.9312871279133894 -0.015321512840235384 0.004910452958601399 1.775175837496353 0.8121034093770456 -0.016212362784417227 -0.0012921261255539
0.8006229452374656 0.870668249746945 2.4365182757794144 1 -4.154660518797837 0.5838219362734018 0.00832212137484665 -0.040855249115458285 -3.5796728099884962 -0.4959782144017161 -0.009257590849778941 -0.03506394820710056 -0.8333406765507583 1.8408323631072268 -0.013408885316948262 0.02534602105811703 -0.6477728674899104 0.7008347292678037 -0.021836252957590663 0.02519129418509978 1.9335526038046167 1.8785518581536755 -0.03394385977319534 -0.028176328722718764 1.7875794629906077 0.7423495316626296 -0.03154721424345875 -0.02088542132932861
1.1272920484556581 1.179000766873534 2.6586175904878226 1 -4.09985609745112 0.438120362710007 -0.007776196911720625 -0.022305963137443062 -3.5180060214927975 -0.5867915536746297 0.009929728390605089 -0.011513438343496956 -0.8064159636876451 1.9873279378867146 0.02752183968731476 0.02867806774362986 -0.6704356916431191 0.8323632021730782 0.017436966267718394 0.03054424794447839 1.9447694610678719 1.6817894212746927 -0.014276179368268117 -0.03735703144102073 1.7777857974106395 0.572708121774427 -0.027496353289267216 -0.03537030949388181
1.2721712309145927 1.3345840973670577 2.8350816646636674 1 -4.092368136650531 0.38573230825955584 0.005413484925194154 0.004520960495738325 -3.4744033734408477 -0.5931299790748572 0.008835009557913883 -0.0038690119862025453 -0.7716929016353475 2.1047161079981422 0.024165288332732543 0.021747115593112733 -0.6814583423744391 0.9700544566345284 0.021021700559162262 0.02779036376246532 1.9839209559277968 1.5207233357088699 0.02031360464537902 -0.01734602676735837 1.7947745186068396 0.4288212364117827 0.02315212224204217 -0.027395829559902496
1.3237017932998987 1.4576567537671903 2.866836203281183 1 -4.039220291365278 0.3850292555229671 -0.0015504398846979753 -0.009150303403755628 -3.490392118896496 -0.6111329864677526 -0.021090601400568874 -0.015818841278879753 -0.7500563784950893 2.187099628736883 0.012261028250604666 0.015416154234020167 -0.6672172882628682 1.0712902735110874 0.016706997523697364 0.010657222703989458 1.9605439014822315 1.4795051825138938 -0.000749457496619612 0.00866360983540787 1.8847878159158684 0.3784340525150278 0.02738976016356958 -0.012224387766353062
1.427088562194914 1.5987957955072303 2.8631931474804855 1 -3.9594506784281798 0.3690753966322806 0.012057243101545215 -0.011838932432071157 -3.518949503197198 -0.6716511867445278 -0.010538978053849676 -0.00918776632071197 -0.7221730724464384 2.191740299524952 0.023678520343347782 -0.011851796417729103 -0.6397325738034612 1.0730944222748224 0.02765183822842704 -0.009416554118113802 1.9256234015041516 1.5010443983166648 0.010986059349052078 0.008941795904061252 1.987692215653654 0.40180192527695224 0.025913522814951843 0.006369012795546204
1.5223072172670584 1.7102717013361648 2.8967185837862894 1 -3.925301299701497 0.3352862939692509 0.014864182796674709 -0.003525899661035772 -3.5249414006824797 -0.730357935809202 0.011759128616784851 -0.0030113833508391124 -0.6737660005991826 2.080430336830273 -0.0005501657912990055 -0.030970386725558994 -0.6085740474718944 0.9491840953600612 -0.005586447691655038 -0.03606883643303143 1.9495546107967021 1.537054849764878 0.0028368764947706016 0.012971706758861867 2.0342629667440857 0.43045286388092285 -0.0003569777190144778 -0.0033368671379024294
1.5680916316571987 1.7621063647058854 2.9729356493846337 1 -3.9466611262920663 0.30828840686636605 -0.000698641404084049 -0.0009754406930504709 -3.510045727351741 -0.7548154463340888 0.007820004105378536 -0.0013313104752402712 -0.6441433051179013 1.8988147468036916 -0.007934579931783134 -0.04011254582190061 -0.5549020355901595 0.7640417728495412 0.0012931662235072458 -0.036940917597413726 2.004106838801463 1.5817869721493305 0.00202292389957091 0.021116890304420897 2.0798716348880815 0.46461790850304996 0.008802159659108742 -0.00482962726886349
1.5897171438746323 1.8112726193357123 3.0450042713374357 1 -3.9656322408464058 0.30368085465118 0.014605125240635373 -0.003479136005936902 -3.506881729244009 -0.7684869366069135 0.0003494366673367998 0.010408525207353449 -0.6463024585087207 1.7282511110552132 -0.02339097369754354 -0.03551678090791058 -0.4786726090739366 0.5985079547688739 -0.009201838496063954 -0.030505241281400388 2.023220914297645 1.6526515138086184 -0.024323310623063598 0.009685957315901834 2.1747834370128087 0.5406991716052509 0.0029363146839439633 0.0205104700424939
1.6141467968217074 1.8795478200067575 3.11750881943477 1 -3.9409785149718526 0.3145785199339175 0.018024259974913606 0.0017692562877205792 -3.5350048111282204 -0.798772011240398 -0.0015567597633279993 -0.0028701697479782996 -0.6335492651372139 1.593545244335513 0.017174370745899788 -0.027888216152470814 -0.4099457061094034 0.4734739104697012 0.02029886535929802 -0.016750229338109934 2.0207625277455747 1.7336695669352227 0.0016113530333372698 0.006608466421020408 2.286296925197907 0.6516681960936588 0.018325632660513444 0.029210702957951244
1.6619873913750052 1.9526955276336424 3.201358045748975 1 -3.8956648222188197 0.30379613061170807 -0.009675700591938603 -0.012458353002146354 -3.5682158135695143 -0.8425570945477876 -0.02161055531433486 -0.010835517727325663 -0.5694773767686496 1.466822563541856 0.02046415557067328 -0.038097969994023914 -0.35586540474638095 0.35605000925487307 0.012050650678608877 -0.011073664646694962 2.045318005206984 1.7937063155856734 -0.019500252874693525 -0.0016577100819781844 2.373711727767885 0.7354223400938322 -0.01103554959352085 0.007623469088883648
1.738984777907208 2.024942589768278 3.301169679500513 1 -3.849396661833377 0.25582300690198556 0.02112664842133236 -0.012101377490727708 -3.5763083658345334 -0.8876040668318574 0.009102592625546392 -0.00558206431810504 -0.48200403436085093 1.3404943887573038 -0.0029512908561919885 -0.03044502815549222 -0.2705990605869175 0.23335518972606306 0.0010702776297131875 -0.02655080966338619 2.0895605881385455 1.827049424044171 0.021406696180330496 0.010115613686874808 2.447327973091215 0.7855642012588888 0.029134387229996936 0.009390548070357253
1.7905528563171196 2.104569296812731 3.4096323124118397 1 -3.800542534444838 0.18593027842746257 0.019508026597080015 -0.013011978701051518 -3.581463751842139 -0.9399230714000671 0.004745673705680081 -0.010949433923909825 -0.4232867079562901 1.2175927304851926 -4.470447125203697e-05 -0.02450697667446884 -0.15839051220446354 0.12390314379105494 0.014372346840885066 -0.022230837404407417 2.1130508459140724 1.8329497851916332 0.02017268072356478 0.005442371957917445 2.543892365663969 0.8176630770242923 0.03644298704190481 0.017817929477111957
1.889137811604644 2.2377207900939204 3.412795062369105 1 -3.7365907272091463 0.11209258244680353 0.027642179615103762 -0.013866331122742567 -3.600920894430759 -1.0022063416603582 0.006430635863795088 -0.01183404535007956 -0.3772370984566855 1.1070313731657229 0.018588613158346205 -0.03694259796910149 -0.052885813983969854 0.03948098007644951 0.017382421149900993 0.003349048932044041 2.1175839556051397 1.8341099595335955 -0.02260909341615492 -0.012106143566562158 2.654167041281667 0.8705523555998886 -0.0010085142425551707 -0.0027858806916460834
2.0046668391383187 2.369758493292498 3.4095299064794666 1 -3.681949750036635 0.03972126803548548 0.003141424104516689 -0.0049398570751066646 -3.634610442503153 -1.0694735063512115 -0.009417528437472737 -0.02521376454901557 -0.3169347497320052 1.0069124338424555 -0.0008667503622447172 -0.022425726404392173 0.022252555308228672 -0.04385580282407464 -0.0007435563355485853 -0.024810313026310385 2.136888782084408 1.8364370452078727 0.0004083786545649795 -0.017966921611852416 2.7314143346807214 0.9149612223158379 -0.004734927018964434 0.014151097156171587
2.090237832669663 2.46060934180822 3.4062816215209812 1 -3.643206303097302 -0.028925519060190807 -0.003621959674850663 -0.008297312656906915 -3.664469753393213 -1.1252116575194129 -0.012687779979214856 -0.014542459903305271 -0.25605020606507534 0.8989299390245957 0.011973388596090017 -0.032632869873686424 0.0764489460430875 -0.13868246734856038 0.0061985754965343705 -0.00974182309944413 2.1594961646907676 1.835091644891838 0.011447686894673324 -0.002007425656269029 2.7853667978250938 0.9432613657490616 0.010524336732705829 0.015570903429484096
2.1466588428228914 2.5294560432034614 3.4139792680371404 1 -3.618767035670462 -0.08547783013594423 -0.0018546556063033272 -0.01276177359973867 -3.6881034884197277 -1.1681044024222997 -0.008968723812247462 -0.002667775660617543 -0.22472441496598883 0.7857236802523309 -0.018907949332527277 -0.03307248181361891 0.1325724164732982 -0.23823403580175673 -0.011316476234909695 -0.02466744698590073 2.146358728584084 1.823274881717242 0.017286971961504458 0.017136327022588885 2.824087363156104 0.9743186238623374 0.02547242143074184 0.0241612876314843
2.189308727183217 2.5838538665118986 3.44295013127637 1 -3.6005040367634717 -0.1313542854856996 -0.006194912082728363 -0.002475065572562129 -3.7065652964566427 -1.2029270678826842 -0.011477244433398986 -0.01194577044282329 -0.22213954481342757 0.6688445858547327 -0.02019144599047769 -0.033349215967014026 0.18057476756042856 -0.33328041520037766 -0.013289951305248154 -0.0245974521527085 2.098353434775274 1.8035211225059653 0.002086106266201958 -0.014479550599470575 2.8325633545681486 1.0122351568107941 -0.013321247764448974 0.02653175549218096
2.2214005833090753 2.6211567729758753 3.4722815999348526 1 -3.5896938755994445 -0.16828679918939193 -0.003351600799583579 0.0034904265905097553 -3.7279273564887685 -1.2353245255570189 -0.010259645013914492 -0.01760776582610894 -0.2197963233150979 0.5593790913736774 0.01569139597800547 -0.01563607887971354 0.2032300482974554 -0.4316066375137364 0.014365077814530652 -0.013844395346989889 2.0369496176012527 1.7904680204167267 -0.006338620985392229 0.0038070119316014547 2.812349824092805 1.0345636248077836 -0.002567795622421265 0.008758748073451263
2.2469265790359305 2.6457269390366527 3.490927305101231 1 -3.5815678557697423 -0.1966612362767458 -0.013484542363736708 0.0014201234078333748 -3.7540537930274294 -1.2624415251013144 -0.01821727955692147 -0.007149397462508913 -0.21503219355697567 0.4591050536477379 0.006386021325559937 -0.03276173177242568 0.19795635067032613 -0.5332752955697575 -0.008221406179891498 -0.003485098082539627 1.9637708740360988 1.7676189749140443 -0.03210049242277421 -0.02098802250193564 2.7585398268177768 1.0330373486384667 -0.02337783801958705 -0.01660908051508738
2.2587341168105803 2.657546401348229 3.4880746529895066 1 -3.573545647837572 -0.21925667680657335 0.007257661394326629 -0.0064621516515970985 -3.777072287339365 -1.285743385952692 0.0010797006220584528 -0.004598429315480099 -0.23569394417735 0.3706546105342652 -0.012666390337723283 -0.005309558764114716 0.17887471487722717 -0.6303089183131538 0.00026673394245245344 -0.030492396243235624 1.8766243468304982 1.734210598647099 -0.004126342977034748 0.01884365865208496 2.6959390868223068 1.02118587503579 0.010327231166717896 0.00881105459528108
2.2469625988174573 2.6546160494772404 3.486647089150518 1 -3.5782572239471397 -0.23860302937116473 0.012685845391339875 -0.010677639855287581 -3.7987405075809213 -1.3120046542427442 0.00880518660053288 -0.004688275330984247 -0.2824881561950896 0.2945103099213948 0.008386902248430127 -0.006437899067047524 0.15363351208811782 -0.7077731065491937 0.01109272888048191 -0.007045386809297605 1.7806564836308416 1.6747234090236582 -0.02613285256232875 -0.028765523247683288 2.627469515964272 0.9917090161140436 -0.026890191839345802 -0.012603669761344846
2.2595055157105683 2.659673937478581 3.485075106016483 1 -3.590070041527521 -0.26186385846553895 -0.005714902004637588 -0.0016370357860712517 -3.819903549401911 -1.3445578351059637 -0.008756835133187348 -0.009777335899859125 -0.33235678983635175 0.2252949930696031 0.0131741541423748 -0.007734259237623663 0.11803519462880363 -0.7749967048165489 0.008157912014039382 6.129015467521565e-05 1.6869645325897533 1.6213923230313987 -0.005201650319148116 0.002292900724165846 2.558685903601872 0.959555888441763 -0.00823908152977881 0.006816375119893858
2.2773499457470963 2.6766349310853896 3.489524259822371 1 -3.5950489274706494 -0.29095770698484247 -0.0020611561981406824 -0.0008199174734287995 -3.8507277293253104 -1.380847546882265 -0.011393286554975004 -0.013089549660741745 -0.3777756285110838 0.16571044920400602 -0.0215600128773251 -0.021139876644033738 0.06904793399221898 -0.8461832924490931 -0.025496781435424377 -0.016248501012456083 1.6026220050039592 1.567314728472677 -0.006549753549164747 -0.0014758187659173472 2.489678007871288 0.9161979989308573 -0.007978542690119831 0.0011974032929972511
2.2848098120368325 2.685734208818453 3.4981803455255354 1 -3.591756002742896 -0.3261989612280959 -0.016520109511690015 -0.0031357138985424345 -3.892099534098707 -1.4148911495381928 -0.021501790094269904 -0.0017267241454730752 -0.41919454262339695 0.10711243675150861 -0.017104352009282234 -0.015489884296050173 0.015654724157371902 -0.914933133369433 -0.017206136834044986 -0.01676380321168698 1.5317618506080315 1.5084314926750908 0.0011711741664358934 0.0010394740897392701 2.432019038123123 0.8729048859414412 -0.006938227058352793 0.010115564071801503
2.468190047819355 2.794530430241689 3.405197244733743 1 -3.661311823505998 -0.479336261993219 -0.005240293141016306 -0.0495707459907077 -3.9240472012242273 -1.5693757416704721 -0.002926606622809348 -0.04080041115421535 -0.40276107561891994 -0.04698891726098342 0.011072749857687046 -0.03244523400687447 0.014105984742452726 -1.0423082734592444 0.015819969202060413 -0.04716775865721157 1.6972625753883426 1.4393602175268896 0.060519696259754924 0.0028249994574821857 2.5023503653504324 0.84941859213192 0.05281684667206492 0.010432035791741463
2.5706665929992507 2.831710892625747 3.192317906525263 1 -3.685075687566181 -0.7818760916044717 -0.013131943694446367 -0.06470280295963035 -4.108589674044403 -1.6964221964122717 -0.06579097585164098 -0.014161149103879583 -0.23808943540550764 -0.28226847789455056 0.05105650930904676 -0.05792454861678051 0.13735534620015688 -1.1855209753612597 0.03347240236424951 -0.00878440293654546 2.044841129482016 1.5002781090588315 0.08169603205980261 0.010669663116387118 2.8079801934436137 1.098564617395576 0.03837011421443209 0.08528898843522673
2.6208049439693903 2.8916356330338666 3.0312189468901996 1 -3.776436638386822 -1.1052749273580054 -0.028782736341995033 -0.0404342011414464 -4.359769534823964 -1.7786495576165156 -0.04098036657838086 -0.03390114511003702 0.047865700328290295 -0.47179892974558824 0.07592126423245277 -0.046597790283276444 0.4192048013221443 -1.2564678271602938 0.059443131724905035 0.018313262308008695 2.308882321069972 1.701042272330783 0.06070696504557188 0.042824121277028976 3.0985660586612065 1.4851441040097573 0.01947014794372056 0.07385330997752569
2.6823731473469468 2.9843039963384776 3.013471247482552 1 -3.915385644967502 -1.269926849875571 -0.01024459275076822 -0.012617785521882308 -4.42572307209291 -1.9106125130851768 -0.007717480039230763 -0.03091599391586422 0.3459829174936182 -0.570229085276212 0.050984090749251226 0.005164302547492833 0.7436251591278484 -1.260088810857241 0.06936285573846959 -0.008050644411952565 2.4635990945736053 1.9533385201753561 0.04910228257011569 0.03577140095070043 3.2626468088453127 1.752854243369097 -0.0105567253683551 0.05031678266282062
2.687418791360237 3.0021959139285284 2.860483525044417 1 -3.9076104357701924 -1.3199811774160737 0.02119318286865126 0.007450097401745171 -4.362017947193097 -1.9248979969033517 0.015349842036203265 0.007765564438205821 0.5683094082282629 -0.5847092803850276 0.025462944141554533 0.009982089219447578 0.9858036289586822 -1.2293270765550575 0.041181002805366775 -0.005181106881773451 2.5207192820208615 2.0718836905789213 -0.0038427383337132914 0.0149821046557067 3.358793606439468 1.92476576416618 0.028841511101387163 0.02346077988201484
2.7056965432454008 3.0837852304207423 2.912138116971319 -1 -3.5696619575328885 -1.134351476615378 0.10245340604639258 0.027912619675592328 -4.1593062314656475 -1.6943593507046693 0.05578414083270379 0.06426854929586377 0.6249590655363431 -0.5300464646231704 0.003398935633827007 0.004361081991309718 1.1044006555652413 -1.1502087081953187 -3.993527699877597e-05 0.036151822046945045 2.445041014844377 2.08932729979796 -0.02922133136944962 -0.021153082109608607 3.335196773532365 1.9767087683818247 -0.022274554495781015 -0.013114478253942376
2.826825846475087 3.005258374007091 3.070118569870145 -1 -3.204408856915094 -0.9125788213411936 0.020364632711952574 0.02481871778179085 -3.92327089770425 -1.5160310536568642 0.07354208584142218 0.05460353691426411 0.5426020423247575 -0.40616126838120137 -0.02133635171798131 0.01737204426706305 1.1139406621630803 -1.0693729883575902 -0.019556535581514906 0.018908481510827763 2.2392419864020043 1.9235081620334014 -0.029538165061768377 -0.04172649079047092 3.2618006508948003 1.7292272017221428 -0.02936196691574338 -0.07531609885336009
2.723792290867618 3.1100194171203817 3.2063791200605305 1 -3.2306449835820352 -0.6198538716048302 -0.019619492067356734 0.07426425479697085 -3.6801376936462664 -1.342952432444976 0.034444791522818805 0.019455775811931954 0.39245553846427583 -0.26671321540486537 -0.020212549499617517 0.03700904949618726 1.0192102087042727 -1.05759952984428 -0.01747978237757737 0.0035335596211680496 2.0902524315236555 1.723468769969855 -0.021613194078178816 -0.059967096592171615 3.105768586918889 1.2810364608436022 -0.0556543181680345 -0.09333896117809456
2.4799769168129413 2.904131167358945 3.107245639679418 1 -3.3817880773689635 -0.33821986295358286 -0.03093920711094392 0.0631167301440976 -3.5618920614277174 -1.170583044972327 -0.00390626002519562 0.0046955063424012 0.1851436272634519 -0.16988605621525799 -0.03511109866110434 0.01677761513448605 0.8073022354291188 -1.0979532336652005 -0.051515455683710784 0.0002066569488948164 1.9519636395822175 1.4809788766276553 -0.03752685429336686 -0.06177452341958763 2.9089535871831114 0.886823653717477 -0.047505907909995565 -0.07553694453320622
2.327168151454494 2.742176960951276 3.0471964927862594 1 -3.508740197655165 -0.17024413566989072 -0.012939814291918334 0.009119078266542248 -3.6332190055946145 -1.113640036092088 -0.017692001621385872 0.00889939430667918 -0.04279453699582714 -0.10856760747611305 -0.04694574133557776 0.018876485104069692 0.46072675560885656 -1.1334136852169916 -0.07864439351744593 -0.015817564835958448 1.8060989484435739 1.293204407159711 -0.02124203322646561 -0.019087025484744245 2.740619955267233 0.6604130143188016 -0.01926642590383338 -0.01880099800944922
2.191194245396462 2.5672413335776896 3.0784167195120316 1 -3.651687921410649 -0.03691910545982535 -0.025385260210826842 0.03646636681905961 -3.6971850245688787 -1.2003942315928995 0.02645987642648423 -0.01460070235229611 -0.2098844192511944 -0.051745248364054364 -0.01710010935513618 0.012621294433741225 0.032336325540714306 -1.1371611435665963 -0.07240156166248306 0.0027413135764629663 1.6587180659206737 1.1261373269284567 -0.03798473261658537 -0.04091990637299929 2.6003835323196753 0.5086878227733338 -0.03766208045120334 -0.05543260843913134
1.795285553746616 2.1343979480323054 3.114342460215387 1 -3.802364539685273 0.18595854476501317 -0.01197316352144234 0.04574114762472525 -3.654911397156112 -1.0820178849032858 0.002582484623766434 0.057691575710008255 -0.363440900571149 -0.022018410556382872 -0.01676120504921677 0.004095047798092503 -0.30038101492812164 -1.146840774981695 -0.030990294392454112 -0.0027689988033173956 1.5373077956563934 1.0396332095043097 -0.008017122485728608 0.01224408093787111 2.3724546732259064 0.2743526204223794 -0.041097176421716224 -0.024694679201159246
1.4631988434670051 1.7438325663568135 3.237502866079824 1 -3.86657973801303 0.42053401933075363 -0.016587165465353697 0.03253969908168072 -3.7191539811864414 -0.8614239956616603 -0.016969553736185493 0.030763820995628383 -0.5361104224276834 0.0019704159592803805 -0.014595815679999177 0.011351431591623704 -0.44051276370452097 -1.184425509049253 -0.0022659323551053366 -0.007891910786792048 1.3683037759956305 1.0293032768956158 -0.04369065176183607 -0.012175883041961065 2.095063491455318 0.16741901757458777 -0.0648974581152004 -0.008954656156512609
1.2933577386556439 1.52455094512129 3.346131412072164 1 -3.943582231012291 0.5140721618913986 -0.02370871620498785 0.0060700760765603065 -3.706204318632839 -0.7381173036380397 -0.01613008995223985 0.02964219034849708 -0.6563035003825601 0.027451709624750187 -0.01706398163634959 -0.0102603203187186 -0.5180372858754487 -1.1794366028797494 -0.008310625757154272 0.025209913393374007 1.2306603090963009 1.0588728330506822 -0.04311055466923126 -0.009300260075779578 1.9473380561977462 0.16526605079223944 -0.04551005441580849 -0.02079220061332707
1.16576732141668 1.3588816028402495 3.1511524683389722 1 -4.0125014514461705 0.5761418658595456 0.0022059923805719376 0.010341897990798994 -3.6929109182191575 -0.6218069154856409 0.01121302198524531 0.02932865596349847 -0.669978276159509 0.02287182853582359 0.018084139232454305 -0.002219576575913442 -0.5787565290781691 -1.1624825930955205 0.010159603899550805 0.0025248491712548974 1.2476663890364623 1.1269911029450612 0.028938674398390332 0.025519673228454783 1.8915505041516516 0.14831664607191186 0.00785877871960278 -0.002034453802525359
1.056990478295619 1.217185102319246 2.966477879677289 1 -4.08348813889851 0.6262327551054672 -0.026952554607457168 0.0029650108849164003 -3.6925299548192934 -0.5188339488082929 -0.014703089567530695 0.01287487333578094 -0.6560552554779275 0.025799460285764964 -0.00863618672746654 0.0006571037172435172 -0.5761477765676051 -1.149743290044189 -0.0072828298322792934 0.010503092319600772 1.3939580077577283 1.1858330246906341 0.013510546248614893 -0.0006235435828118542 1.8741098811686543 0.12417275029116825 -0.0190033044775374 -0.010363684785971019
0.9701996771328011 1.0925563292443725 2.7941949381586255 1 -4.143370597557132 0.6622073155009405 -0.010523342272854458 0.018659363374569526 -3.6963897240402614 -0.43882490627030746 0.0018998758286540192 0.007384952711688278 -0.6323073962039514 0.08983819036115048 -0.01451766319197624 0.025086872428828462 -0.5336658327723467 -1.0649322135190395 -0.002468885983209917 0.01885730500650727 1.5571842398524307 1.2146062590925935 0.023312917478555458 0.014142422702993089 1.9370047721964694 0.14102367251812709 0.021770458022027168 -0.002394137504981248
0.9082447686854123 0.9951821098425315 2.606980249587952 1 -4.1862693634295 0.669883856275072 -0.01663335960475182 -0.008827500328160124 -3.6907820917819443 -0.39162859666242533 -0.021365097177129325 -0.002988073847721673 -0.5887635512321738 0.241735709161212 0.007235430897871049 0.03302899353190321 -0.4858454256834639 -0.9025335068383002 0.005043320283546777 0.04022884650677338 1.7131654337174185 1.2435956424610533 0.012960068363474124 -0.001580022925470291 2.0499927247528005 0.17720093463388342 -0.0016799597235942106 0.0020958082973192215
0.8793227933495928 0.9428418731662471 2.4360069329762677 1 -4.202843395548333 0.6542894459384405 -0.012503379136320958 -0.008805496363875447 -3.673989691879321 -0.38771505756615354 -0.012325574369700863 -0.014170579687274455 -0.5120685139666872 0.431569272255792 0.010121479612855647 0.02977631585025127 -0.43183592399577897 -0.7144196319180145 0.006268579389261864 0.04602115432427539 1.9028682688417344 1.2725401817392594 0.05273167809320508 -0.01573598004840264 2.160979007226981 0.19449353345492293 0.02022836818115327 0.016770492195596672
0.854848052346626 0.9040683582409202 2.2937970927649545 1 -4.187018423098728 0.6076107009053622 0.02012682213344649 -0.019336953835775973 -3.6351261078406623 -0.4210091520266257 0.015537954246904715 0.004393455392382295 -0.4289337130707338 0.622629948604291 0.03748211355956577 0.038557387395898875 -0.36485226494012224 -0.5093518566740791 0.0317939978406387 0.047991419155637316 2.123496506511901 1.2733227015346906 0.02037658046164064 -0.0019670434969283907 2.2573608401903087 0.1700996371776191 -0.006633067550590057 -0.012194055379661273
0.8176740800242545 0.8463675381403877 2.14311132471572 1 -4.139333290523772 0.5454049998115751 0.009437878493899656 -0.016382789379151164 -3.5909152914532965 -0.4739032982365119 0.002405644724042876 -0.011563828106975057 -0.3559508763786834 0.8280156483281289 0.0278472908575079 0.04379328447746213 -0.29568955911786965 -0.28765068984055264 0.027127244638087588 0.043451419949650454 2.320164818119827 1.2529211204791988 0.043151499657174755 -0.025330749970291354 2.3510948843897994 0.14707418551102625 0.022161380399009348 0.017204695978169128
0.7908049920626863 0.7914538051770938 1.986188732643882 1 -4.07893558862865 0.48955341249161655 -0.0010058899910929749 -0.0214636117303229 -3.556912687934033 -0.5172892757020813 -0.012397631021683009 -0.013163426473630554 -0.2891527147650317 1.0281148278319643 0.026822356305930307 0.04199811333470875 -0.22027891272495026 -0.07565212763152784 0.029572245332689383 0.0376313391436406 2.4838170017109276 1.2464470151638096 0.04308034216588918 0.0032186216806215162 2.435020419212889 0.151565834066282 0.026554932642871867 -0.0023364431056326256
0.749377396990805 0.7164133218472304 1.8426701979697053 1 -4.033160041938877 0.44325931882931013 0.011325452513040792 -0.0032018337971047783 -3.5239086194721283 -0.5373587501115263 0.013754412760177803 0.00013260129384887447 -0.2303949898556139 1.2014029534619715 0.016264204070835606 0.04011669088048287 -0.14805963083686358 0.10773834057972986 0.019495633407522667 0.026565958475622153 2.6307037932473643 1.2468680605091365 0.0027825929342780373 -6.693967546727176e-05 2.4831623811031163 0.16569492001140662 -0.019696967948569042 0.011412595956139446
0.687270845914038 0.6145262886413947 1.7237584898952685 1 -4.009838436359021 0.41483946520635673 0.005457088039772408 0.0019021911519444198 -3.4943771596858526 -0.5385267334594739 0.009516055296892562 0.001600350035690935 -0.1795400368108302 1.3424783998294032 0.026620614471793938 0.0220534361333677 -0.0929894905070423 0.26253346946875933 0.027131346028163972 0.033505809966923185 2.753655711318035 1.2465099014914531 0.022713469699937094 0.017470667735180714 2.503349481293915 0.18899046180382695 -0.0029943642490631293 -0.008005627079560783
0.5952578132988984 0.48430922307605356 1.6333732342404126 1 -4.000062387013296 0.40940077409808096 0.011036813771742988 0.0030908329908211634 -3.4835840336587935 -0.5229825427126461 0.009254524075994084 0.013337757736318482 -0.1470084083816925 1.4530000026715273 0.015445549653038099 0.023426919911122345 -0.05880961455246769 0.38479902545044764 0.018386806642810758 0.01887594109961125 2.842548615915068 1.2495404622223174 0.02240789753139532 0.0118951171903572 2.5023553956209135 0.2225901966978754 0.0019485433732733017 -0.004002132832454203
0.4908603321296606 0.3459948997110924 1.5874845585885116 1 -4.004804743858429 0.4206360329051435 0.008733301354256193 -0.007503415010637469 -3.4883914934388986 -0.49527423210362087 -0.00015117708904525008 0.02088536624558928 -0.13590391245743216 1.5280244795092095 0.014712638020212526 0.013307497852568264 -0.0370549083679963 0.46909143054699975 0.01935519276848871 0.013390495905676862 2.893624999424972 1.2614077752746304 0.02867494193722627 -0.004079436879604829 2.485976605857788 0.26059348968833995 0.01938625376998329 -0.00490173764559764
0.39266056222810636 0.22305042710622172 1.5876401808893945 1 -4.0267763313991 0.4413622275341458 -0.009597560829687027 0.0118773419773555 -3.491976503727345 -0.4607534018341083 0.001963859516032545 0.0016446126526648425 -0.15213691649466643 1.5698712687559437 0.005803556648990488 0.00887311504311297 -0.040832910332555095 0.5105707471233194 0.009465259299339763 0.0046419814208726855 2.9016286347956095 1.2782864201048816 -0.008405113149084322 -0.018445553229490517 2.446576642722362 0.30165964643793197 -0.001553679968294008 0.021846269822235226
0.306188051676701 0.12042080111259244 1.6225360132505284 1 -4.062135294623839 0.46455917676442327 -0.014104241575877023 -0.001019115048253391 -3.5004086445393137 -0.42374867409977246 -0.011290323113093817 0.002023565232593106 -0.18975751217712045 1.588419160555007 -0.0009526878114800514 0.007960529201204878 -0.07367871080790867 0.5283141622882386 0.0007937767323348945 -0.0011681473697212792 2.8765327342516507 1.291929872539817 -0.014528702837315825 -0.02404202746827216 2.3855789139224806 0.3296047771919983 -0.0012400750469345866 0.01811439890587134
0.23069068587650657 0.03775754531245578 1.68358349742219 1 -4.100140208273782 0.492576522435189 -0.012489457290129041 0.010349405398650488 -3.5163606044653783 -0.394424400746926 -0.003920668144253442 -0.0013161824015638993 -0.24478415437249001 1.599219461419545 -0.031185564565351466 -0.002775783021374676 -0.13421408246611666 0.5335514241397574 -0.03495348779298074 0.001740716056894809 2.814604254402953 1.2975691185036449 -0.022557274948887318 -0.020616738013247777 2.3010966628865033 0.3454756544015085 -0.008853641026545117 0.014312555775280376
0.17221967838355687 0.021620963425794882 1.6755973642543955 -1 -4.138221670366261 0.5188112480732565 -0.017151842288072962 0.002334253694972234 -3.540591337077972 -0.3758508642436428 -0.012857437588885986 -0.006002782079146278 -0.31347440911194013 1.6156107925201408 -0.013528308571604118 0.0032651564163420983 -0.21197074317392417 0.5351596778195509 -0.01515111710722786 0.0015033161850672879 2.7254129773123026 1.296915753373379 -0.018796030597515945 -0.022195445595891886 2.2041054346626403 0.3462055887948565 -0.0030586266723987834 0.003020726360311461
0.13354627703609537 0.05278700926619882 1.695082619732003 -1 -4.179028798557725 0.5437517875270745 0.00042520285080878406 0.006575587740765787 -3.558718362305382 -0.3613366092080864 0.004444841697064484 0.01223516872136085 -0.4024981108039496 1.6349852423975078 -0.013169907219295344 -0.013232745926226436 -0.3056693590641837 0.5442566029641083 -0.017217559173928705 0.018172862631425066 2.6202870201146418 1.294127115482421 -0.007597904394330651 -0.018879395159462797 2.097343067110404 0.3299325236655031 0.004160966803013644 -0.01178729431003439
0.11077984978310844 0.07008304237705505 1.735937918711606 -1 -4.231584920731633 0.5659528075284128 -0.012514945738600161 0.009299301313929332 -3.575188360636682 -0.3456735771645886 0.00026209624088936127 0.002311307359033612 -0.484811314359475 1.6591515385821514 -0.021329752380595007 0.01611616439356391 -0.39395346184634406 0.558379953571126 -0.02183910504640831 -0.0071073272963211535 2.5012638203134836 1.2825724122092343 -0.008619128876168981 -0.005288200484384199 1.9839475443913468 0.3084628489514549 -0.008139524289489265 -0.01658602490118324
0.09406275410422384 0.0794525053945311 1.7804100278025292 -1 -4.285848770812342 0.5887302245835357 -0.021552060908669995 0.005410969932306574 -3.5915921318352275 -0.31863445932483714 -0.008955416494816616 -0.004665131773895175 -0.5654438823632932 1.6876044964856196 -0.01207319388835107 -0.01129679237855393 -0.4857402107280384 0.5791143934756853 -0.01669578537063191 0.02107417960600254 2.397847276611948 1.263918541118357 -0.020471051664629307 -0.009278026687365146 1.879435385395655 0.287753756077771 -0.016571799608015813 -0.00014111656312700178
0.07919088919787114 0.08958297766470098 1.8078195977305673 -1 -4.340862145799953 0.6125071968516334 -0.020551883860319132 -0.0028625215957844017 -3.6127541826967655 -0.2860129356264086 -0.01651519658823823 -0.0033028708370440056 -0.6370481989103953 1.72915338571715 -0.02830757669524713 0.013885672398436692 -0.56894630510542 0.6121308507874299 -0.03185615384064557 0.0028166049464767445 2.3111046126646233 1.2467666561978938 0.0030856190738704093 -0.014225096674381947 1.787713306330188 0.27727605970140434 0.006013790786866979 -0.014043777858069146
0.05401010201852883 0.10792207974882975 1.8213072154513628 -1 -4.394437178543061 0.6330285979134387 -0.021039014455921344 -0.008609525834752652 -3.633824947132249 -0.24430971353458186 -0.02019150473496717 -0.002903182194215762 -0.6922502443708058 1.7815552422608105 -0.025538034238541618 0.013004148740125765 -0.6414172450426339 0.6596408729700354 -0.030638572891473197 0.008082178712906115 2.244146875992718 1.2327420578980326 0.0070776668990425555 -0.016282918525790193 1.7064657179305636 0.2708790730936266 0.010138495445368328 -0.013278528609433828
0.017355696964247075 0.1448252117649926 1.824508000329064 -1 -4.448709222324287 0.6460889448309788 0.003301377255777057 -0.002843296818167066 -3.651008834354635 -0.1927487997076922 -0.0030436117549708605 0.024303920502253246 -0.7304477413376151 1.8392492311739637 -0.017032082073368506 0.009423982074575019 -0.7007525002498469 0.7175677477055613 -0.022781922436891384 0.01346937232976026 2.194259333786949 1.2184259485350202 -0.03070798256953991 0.002817244635946084 1.6403487104489631 0.2673559156809484 -0.03264740849676312 0.018160185335803894
0.026597344980740605 0.18483462510532966 1.8221353616876237 -1 -4.501222932142907 0.6528541793226192 -0.01993718800538323 -0.009205578650425643 -3.6695093326812427 -0.13835311786054316 -0.01683647732690529 -0.0036653438752670374 -0.7517959841189699 1.897423665304173 0.012168074334691217 0.01579341707844044 -0.7454915764229888 0.7813972598328354 0.009092456174831804 0.010040097403948824 2.161475392630962 1.208001646824365 -0.038728229922165486 0.006378531087615703 1.5860874088888908 0.270395776489639 -0.03986583692165749 0.030220871148140455
0.07293851846199473 0.22792930351611657 1.8143593970852603 -1 -4.544117095926319 0.658268730871717 0.005700142798885878 -0.003992664904374124 -3.687888354979506 -0.08895793411026698 -0.005744707688202078 0.020063797643809958 -0.7719496254827365 1.9590315835104417 -0.003222354233727638 -0.003606254663739086 -0.789180460707906 0.8512289040456846 -0.0068566570990982924 0.0281054006480895 2.1415435337938202 1.1995529110623466 -0.020859420881853778 0.003166335701101269 1.5381146842254525 0.28031859381594515 -0.026021963617217835 0.017752897931908075
0.13135585411813144 0.2846362651337926 1.8213166590140035 -1 -4.574941373609901 0.6617092706022956 0.009255286439550129 -0.000861926915197036 -3.703407652078794 -0.05107089326146985 -0.0018102656498415158 0.02043526472964865 -0.7862940189247327 2.0262950705347986 0.01982689071392464 0.00710534766896241 -0.8237327825227907 0.9255334077624038 0.019567787717978905 0.018819050714528572 2.1247051512455988 1.1866263163788444 -0.016560841092958585 0.00931075182797903 1.4893335254581812 0.29004266909677234 -0.02698526804953698 0.013071047724618663
0.18344551044315124 0.3318822161504314 1.826726854046459 -1 -4.5955654821542575 0.6625711917655999 -0.00902417572366408 0.00036362037317316624 -3.712319897435498 -0.022344118517541145 -0.0012032602838162668 -0.0005834755600021288 -0.8042858511602704 2.0937617942246853 0.001501483151471467 0.023587149238798837 -0.8567055027448323 0.9968731906598574 -0.000886498616981115 0.004447335163777046 2.098641626413908 1.1832346616428628 -0.024487639047469423 0.00784037446180305 1.4390652079692297 0.3061398471060639 -0.026129532449873184 0.022007038520836488
0.2727712472471213 0.4396338720292071 1.5953384657081577 -1 -4.683896904194111 0.755508707812157 -0.01517012243990426 0.025688115310389482 -3.848985491282079 0.07742151974975409 -0.03605510318899598 0.046522571138124566 -0.8177362201030611 2.2341850880593865 0.015909290713866906 0.03293104891330631 -0.8762974871062301 1.1752659762859987 0.019322928831946473 0.057043729923837744 2.174907004014984 1.2183932926422516 0.05930160988907597 0.013019569303670434 1.6068660609046752 0.4070620763041266 0.05429912421597587 0.009722851709543727
0.23760388273427244 0.46982291412003657 1.094111383930845 -1 -4.871039808599104 0.7536919963608424 -0.052913209545262546 -0.02085400989169816 -4.039159305909914 0.3074278770922061 -0.03845939783486845 0.04221674889026435 -0.7693237831875801 2.4351418122354342 0.011300455039432169 0.0402980689921673 -0.8321913439531672 1.4840732807219332 0.0038156529176551005 0.06497791328382048 2.5413131746965743 1.0714993228483158 0.103251315591942 -0.030290326989101213 1.9427271288652586 0.4522013616796332 0.04051108116246058 -0.014598459706975722
0.21595040986830913 0.48401697296857565 0.7045306192111499 -1 -5.0675124155448446 0.6788681827767666 -0.02716251346115437 -0.0013722882291608057 -4.245874562314371 0.4934306996990092 -0.04196229120764411 0.01802107390879283 -0.5778763679595373 2.612017213958605 0.04857681277488637 0.037993899753507455 -0.6923295440290707 1.7723869989130598 0.0342545539934429 0.04077372206984168 2.9009818051151752 0.8026487741543018 0.06060880148276665 -0.04068572573058014 2.219767269431734 0.3504005069504117 0.04291677921069601 -0.04050851281405996
0.22278320141603464 0.5619925151117127 0.5334922186749945 -1 -5.1401482642191905 0.748668679560553 -0.009328527328619284 0.022666954694919646 -4.384540644856672 0.5286566251837481 -0.006809296210504738 -0.0006515605850400206 -0.3492499909117024 2.7120169898540665 0.04323750441309116 0.018738750410820237 -0.5044634753676607 1.9515749626256822 0.03706591487747895 0.01631478805174174 3.0795100157050364 0.6169570924714869 0.029779161755286034 -0.02768811475294331 2.4125284193526353 0.14935524886111629 0.020043423169548463 -0.039882238497422506
0.19384557796797325 0.5685751776433797 0.34954836556225166 -1 -5.074190940854024 0.8162561363356655 0.01759180995013339 0.004838751310716753 -4.372020125594249 0.5488628481219693 0.021736414272623725 0.0023146296293330704 -0.1736574269454776 2.74074245497397 0.030919658168464238 0.0036973278913813856 -0.34766583711951426 2.005278853065651 0.024760085612694827 -0.0015604083337407773 3.1742790796258866 0.4513106467721708 0.019620358026164134 -0.02731816613228039 2.4865673441345537 0.018333806759553983 0.0018855663166531117 -0.019614214477326232
0.1720946496037669 0.5695064277531827 0.2578225714903106 -1 -4.9129616868213635 0.7980906660924074 0.04433605132867616 -0.011143205332849373 -4.236870311993192 0.5456009009376217 0.027136896298862727 -0.008215896845135186 -0.04812490999740593 2.7294722503140254 0.011766488780244711 -0.04267796715646399 -0.2525153676306493 1.9905073254207903 0.02667332037197703 0.02673731853780318 3.2064099510587907 0.3477710840588264 -0.03433275806996145 -0.020593899092779547 2.5175479405810535 -0.06333486754499096 0.026520506119254054 0.005877989270257199
0.15010312874227966 0.5848251341757155 0.23720310982108764 -1 -4.721557169519202 0.7741307845691414 0.048216668876344085 -0.005307329163680266 -4.054512894679605 0.47705274573513257 0.02726374851031745 -0.014380642583093437 0.04343670417078105 2.711476947396242 0.01193992182907273 -0.018857892150432338 -0.18122936564489311 1.951997246827971 0.017241995739158425 0.0036826446289824396 3.1826936594929887 0.3348712295217098 -0.020434363180936086 -0.011425068456124034 2.5314485719502677 -0.1455445799230456 0.010073864956285459 -0.0004928246841300063
0.10648760678944262 0.5277979581664666 0.1957865145925576 -1 -4.543464383213232 0.7586432146522719 0.038695868042830296 -0.008425296379280212 -3.90644509155325 0.3795782801209 0.01914005534527803 -0.01402774886999775 0.11584342342056164 2.689407260955709 0.00992008937361855 -0.015521612699869871 -0.13181316079317718 1.9122471378079409 0.011412153125672637 0.0022461619211223346 3.169791243689186 0.3102987279197442 -0.014124828771556935 -0.013345569152557248 2.4940136628614793 -0.1586155783016655 0.0014098208091493716 0.009475004980359105
0.07691436185434103 0.48933659044443034 0.2105388503797131 -1 -4.423437305373363 0.715072629930706 0.024015976571431757 -0.013577998559490176 -3.797337842460026 0.2986129755522675 0.013929225399353026 -0.010405789678163989 0.16783915449451836 2.676888707416718 0.004149825840113717 -0.010037948140118217 -0.09522111853259752 1.88782028061769 0.010954634247584763 0.004350738768017125 3.1504071417224937 0.31291430107906915 -0.017519300373694285 -0.0013145833494854764 2.4656098746768533 -0.169067060365097 0.0075364241436042465 0.0014148515734429025
0.05266662359626145 0.4676719267882817 0.24834342522426242 -1 -4.3569811914698455 0.6672034767486736 0.015047693746067568 -0.008979483615572843 -3.7213298877768333 0.2278798724501372 0.007859690546596527 -0.010326851212023612 0.18706674591249417 2.683159607046232 -0.000743348005255654 -0.006371283563224993 -0.06138018314496829 1.8805002494667495 0.007341242980915023 0.006563199134313941 3.123352168153601 0.3352409703888548 -0.012055425527816584 -0.006738946569153801 2.4597908582344674 -0.1900913952267027 0.0059121550550088955 0.006997451154223608
0.013255083051319567 0.42557358317927657 0.2250591248672819 -1 -4.31512521729726 0.6485386796582628 0.009795018135065958 -0.0026262638741414556 -3.6852171724190472 0.1642920355388151 0.002092205961737887 -0.00800101014639878 0.19090026824513462 2.6959768128280106 -0.002264961563625545 -0.005589618459471295 -0.05402139400562689 1.8878536807976718 0.002868274463192261 0.008565109370681143 3.128318026902895 0.31820289164159776 -0.008527941608473137 -0.010638596470091487 2.4433431571256126 -0.1738188895303855 0.007190082305196792 0.009715650067416237
0.0038742394329398335 0.4148315610749465 0.22754932880709342 -1 -4.29494911768529 0.6429393461024115 0.0038105923870530786 -0.0018044121779470165 -3.6716602170435553 0.12711582558255263 0.0015847240659061304 -0.002093884150280367 0.18172333198044832 2.7119038683216323 -0.004988722377358272 -0.00524376667947106 -0.04512561689069283 1.8995010312267362 0.0067519797906563294 0.007660273504306699 3.125653322478157 0.31918709525692024 -0.013187283985858708 -0.004347602937890197 2.453167431916663 -0.182020806903607 0.013768986000391056 0.0028853614985042686
0.02248205862654258 0.4060105261420851 0.23332070778966604 -1 -4.294056617213361 0.6343980669337026 0.0009266283383359761 -0.00039609952261599433 -3.6630902395695344 0.11839737710407161 0.0015397625976631257 0.0013100413898023376 0.17209747095046968 2.7232039221681066 -0.0008841502234960587 -0.007651225354276144 -0.0247922844419044 1.9033520970735243 0.005712004892482829 0.006213889078159271 3.124180433808844 0.323409932391552 -0.008267941229451469 -0.010125645238471372 2.4669311696559744 -0.1938446715126967 0.009791041352533343 0.009087973029668912
0.049289110999521164 0.3832427529286868 0.2220999424780915 -1 -4.2947524586136 0.6369549971359254 0.0019530498574765569 0.002702484070798032 -3.665862597868137 0.11877858145545828 -0.001445041743884025 0.0021501214484513625 0.1903319506436949 2.721471355946491 0.003820211375736969 -0.009694104999892036 -0.01503855841231605 1.9031939506593427 0.005312021067838568 0.0056958007620998286 3.1442502944860005 0.306401294084927 -0.007464944616331643 -0.009192669399591366 2.4657413444972898 -0.1804876273004331 0.010982121833924573 0.008585436431080213
0.05582993333504515 0.3822673499604644 0.23583435331494632 -1 -4.294512465817074 0.6492335814404069 0.0019196236593324312 0.0010309748178539378 -3.6775558390132836 0.1257218431196021 -0.0033206962253535116 0.004759571386046699 0.21336885340526468 2.716158877352964 0.0020509568966859187 -0.009513401480914861 0.011075815849406645 1.8976832119618279 0.009987242508175335 0.0042002188164467595 3.153055197118067 0.3142242592464892 -0.0095505038615653 -0.005425209199547918 2.484722046072264 -0.19161147309206727 0.015586221549867971 0.0033456084431768666
0.06735544040751018 0.3718415590740681 0.2372336974811618 -1 -4.299590245165835 0.6541140820932096 0.0019050008139912394 -0.0010219798216204428 -3.6845334170949124 0.14396409069956717 -0.00240126835505502 0.006354555005809719 0.23370539924335798 2.710018123028428 0.003724998696102178 -0.01016882641608181 0.04237401753934922 1.8879072400944974 0.0065000549676014685 0.004614155256077224 3.1710116122548033 0.3137912816322055 -0.004407849145220525 -0.010197311588190962 2.5038523468324643 -0.19706217921072566 0.011446403387679483 0.009254096072924899
0.0841944805911521 0.360027922537023 0.22256921234330537 -1 -4.302981956642865 0.6571023001395757 0.0035122517247273 -0.0004638826030046502 -3.689262844918182 0.1562234570326828 -0.0032791115949920204 0.0038643143153890506 0.2637865000672308 2.7006982423378494 0.0037359146509650326 -0.010506836762143701 0.05548065064926799 1.8837591137241634 0.00531459289634097 0.005818701053594902 3.2032250342134283 0.29806267429879596 -0.005258699647246196 -0.008240034808328772 2.5194022156989497 -0.1891182803030551 0.014344728676348277 0.006408866858607915
0.08976069435538078 0.3702673403823074 0.22041848204004275 -1 -4.301712223592603 0.6642069919544631 0.003974425856033444 -0.0008082585765887343 -3.695356013371195 0.15786288202051924 -0.0030152348615170924 0.003304399310521554 0.2793574062510169 2.6937113715099534 -0.0006872756817565282 -0.010301800481938739 0.07676172938332826 1.8787600085496279 0.007579813281081928 0.004939396801897589 3.2231326556844557 0.3009340404337333 -0.0072042414682830895 -0.0064374280442727645 2.5528817120692704 -0.20476094545102752 0.016208965233892897 0.004136413587546194
0.1027044109716193 0.3658481354366676 0.2092163150395649 -1 -4.302096592815199 0.6640582633323318 0.0035623175562570202 -0.0028059138394345966 -3.6954194467361847 0.1605539086324883 -0.0015717607502711995 0.003526000742148972 0.28560336382631224 2.6846843070452007 0.0004011097841363489 -0.011775988551176658 0.09326417951193111 1.868932728399069 0.003732158940438206 0.0048589711661420135 3.250036623018244 0.29115437467033356 -0.0045371906234950715 -0.012096761057774373 2.5794365549901714 -0.20949959916180272 0.014443778383672529 0.008497773938309377
0.1160204715979745 0.36192234199089746 0.20208864288728748 -1 -4.3016485653781436 0.6598728793609288 0.0042454942724806655 -0.002148623306319708 -3.691564543615386 0.15845539233928485 -0.0015937063870307983 0.0016575049058564929 0.29861674517530457 2.6700209807395145 0.00019710733650088116 -0.012588366539632787 0.09452169503753627 1.859292467957355 0.0035941572000217806 0.00476136569943629 3.278511188760091 0.279200017034847 -0.007623640636385192 -0.00721393113004707 2.600475028955292 -0.20771816905631924 0.014877662037660926 0.006310701613616344
0.12071506045944086 0.36707347693321435 0.20558332811890237 -1 -4.297217451184052 0.660306802703029 0.004551288073979833 -0.0015389107083832107 -3.6901953564899896 0.1507712065859439 -0.0017837820438522944 0.001683902973847011 0.3016917755493438 2.655373606773706 -0.002202687007422174 -0.012483471668475701 0.1061242619894065 1.843913366369795 0.00563116714513418 0.003328656615581172 3.291864609616388 0.28577088463343037 -0.008933495007857763 -0.006293766036964382 2.6278637282620423 -0.22067838646902727 0.014147272695544041 0.006207298349838941
0.13399255100308566 0.35560879043237065 0.21212452480146796 -1 -4.293333442965145 0.6587798915147298 0.004100550304963764 -0.0024111651552670456 -3.6874599803531987 0.14726963605917676 -0.0011097950118507584 0.002467621670514177 0.3040016558111729 2.6392334185589506 -0.00012570833179461997 -0.01294979690019548 0.11392422977343131 1.8250303819386366 0.002707593036816269 0.0036052759202983425 3.310021971435388 0.2825311519109408 -0.006972806578112802 -0.009025488526812122 2.6424361579811544 -0.21846733492089088 0.01145374397370499 0.009592040735126615
0.1446973496118896 0.3465040938452711 0.2216684116940491 -1 -4.290018192714908 0.655517326934403 0.0042174893199474 -0.001918195628976013 -3.6835291236394063 0.14345885189058127 -0.0012933495082190268 0.001680427548655137 0.3137646053987888 2.622562005810351 -0.0004034077308390522 -0.012234242747270356 0.1139017644778555 1.8098373677562525 0.003594940533564778 0.004026618116436825 3.325496144688758 0.28307389058907795 -0.009464702561512661 -0.005378293612150621 2.654558864260574 -0.21450110836003122 0.01284873583139285 0.006806200297279071
0.15244055123948774 0.34324060133466155 0.2360245368951458 -1 -4.285518639692216 0.655341558719919 0.004202818229092688 -0.0015491409265716155 -3.681881930190581 0.13778042008757252 -0.0015134266482238375 0.0019281182684377472 0.3153110807242694 2.6103864601262843 -0.0018789474297168894 -0.011272023593701514 0.12442100060326133 1.7945336683773951 0.004966504731423708 0.003736030636277036 3.331657761754612 0.294629331778004 -0.009222002453876076 -0.007107179366516846 2.671462307989203 -0.22020931956892809 0.013011977251095656 0.0071644784303588425
0.1695833436383153 0.3290112569706836 0.25304382049349217 -1 -4.282056273454809 0.6541211210812565 0.0038240883844951282 -0.002031160343479277 -3.679695198503602 0.13484074048073702 -0.0011690582181777265 0.002234580704060643 0.31811423012547824 2.5997647813313067 -0.00015636237145857067 -0.011138738472923477 0.1297072179718457 1.781694651105349 0.002472556134586018 0.004802869223085853 3.3456187498850474 0.29457116949515694 -0.007879119215169064 -0.007853953450151286 2.6796887331830446 -0.2134961448930539 0.010555832994812352 0.009724484812487964
0.17999204608024852 0.31790384766930163 0.26580616892893294 -1 -4.279344456238833 0.652159520610553 0.0037617958267987736 -0.0016833853876824754 -3.6771065837000534 0.13104424840997608 -0.001267929509443648 0.0017567500457149037 0.3251158606020237 2.5907131277929203 -0.0008983661900444761 -0.010430340999812517 0.13095189670936325 1.7740292330398302 0.0037789122747410126 0.005280504171738559 3.3569735054948815 0.2976806714246856 -0.009498403781052933 -0.005479655715977532 2.6920186259219694 -0.21122558846660688 0.012474758423272257 0.006689707460060344
0.19183611461148947 0.3112190387679243 0.2826036896969784 -1 -4.276486308214431 0.6516068050120669 0.003666496529220407 -0.0015856573343374092 -3.675700435341038 0.1271438695278646 -0.0012913080817029722 0.0021758295093059123 0.3256044749446163 2.5849313778715532 -0.0014967836756578203 -0.010069376766145662 0.1408634279480543 1.766045897819061 0.004457769961286081 0.0050677698446254665 3.364133942345898 0.3053996524658731 -0.008651983679088027 -0.008126137579149883 2.7075879392947373 -0.21515920103820607 0.01265265153975972 0.007559339708902534
0.21016142263634463 0.2968846049992403 0.30137396655697385 -1 -4.2740285934815185 0.6503147620070315 0.003618837503944757 -0.001751935388674167 -3.673840099482735 0.1253092549195265 -0.0011814115127229824 0.0022503478798184384 0.33028905116545104 2.5787509919702933 0.0001967275785320242 -0.010335553204769386 0.14533665597932188 1.7595381964534291 0.00275012602533084 0.0057668473767642885 3.3785174863712433 0.3033866511117216 -0.008086854624625564 -0.007856988022615361 2.7167529447440586 -0.20982949172960352 0.011018500855149764 0.008986732124821943
0.22280168036969525 0.2883710869377607 0.31765922851394596 -1 -4.2711062983007055 0.6494994397681502 0.0037546713041597003 -0.0014848193663460699 -3.672306287380276 0.12248526911632851 -0.001350724641699056 0.002053521556104127 0.33823118683220965 2.572802313667806 -0.0005454982476926174 -0.010036413156954492 0.14951200305362544 1.7550891240615702 0.0043162298241254116 0.005710693936144803 3.389101486313278 0.306643234842376 -0.009566167811172976 -0.006031639640903842 2.730503138533056 -0.2108008111433619 0.012394588839142025 0.0068876441171066526
0.234820820649897 0.2772521077476296 0.333367120749909 -1 -4.267982349994985 0.6490926263718815 0.0037367178838988453 -0.001726727033497761 -3.671099207768628 0.12052528868212775 -0.0012767484854937332 0.0025302703397363947 0.341880098430539 2.5681105257648 -0.0005783051643386957 -0.010027866315626313 0.16043596659618498 1.7487360102155312 0.004448129207269376 0.005410257541292065 3.3980018398020224 0.3108356871549627 -0.008292065001734569 -0.00877776311878286 2.7453310063345864 -0.2140178053347389 0.012482428142104079 0.007784580911367944
0.25265580490428247 0.2634302033685343 0.3530285992380392 -1 -4.264934800865156 0.6476298187742766 0.0038752552379593807 -0.0018211870617965333 -3.6690356368644834 0.11946180099245018 -0.0012379208671678531 0.0023300035354925034 0.3500029571153105 2.5623037836607234 0.0005583882869987511 -0.010283066862917547 0.16594890937201523 1.7433240613133592 0.0032411097322412857 0.005917832742645599 3.412369049587473 0.30858744674546035 -0.008256271836201007 -0.007681254828509053 2.7553724724373447 -0.2105216329536379 0.011305013115884725 0.008436637979957936
0.2630927484491142 0.25255004845555595 0.3471836714507157 1 -4.261044917685989 0.6469527890832398 0.004033288541782526 -0.001632276737874385 -3.667423530040834 0.11647084187268297 -0.001379125618217245 0.0021251326345952167 0.35858737668498986 2.5567401507406458 -0.00046588231048245044 -0.010046791212046546 0.17260229603496668 1.7387910087111518 0.004525644403864013 0.005712522301295191 3.422515938337485 0.31156033704556063 -0.009031994877613369 -0.0065292284133478835 2.7703208337237752 -0.21324050110005488 0.012254395694161539 0.006818581971601274
0.27836098270223814 0.2420242087350503 0.3287053055376794 1 -4.2573141032061494 0.6460191288523915 0.003917666003260302 -0.00197359394593072 -3.6656127640886824 0.11412622572370679 -0.0011863024920880805 0.002479416740682831 0.3631768884145492 2.551776058628809 -0.0003834411871414872 -0.010167572598235516 0.18301446806861943 1.7324782070815217 0.004156294624312698 0.005533949627410394 3.4329588935192232 0.31387295680084426 -0.008039087617558054 -0.009071626828136519 2.7840647010922543 -0.2153735601964034 0.012379830908467192 0.007929729759746158
0.2940170336650835 0.22764702180269228 0.3074285999082038 1 -4.253891929968427 0.6439571938225372 0.004008044093851302 -0.0019885715574957767 -3.6629199609955028 0.11190713999698398 -0.0011983950119366822 0.0021477349174830896 0.3711110161660578 2.5456586916751474 0.00026833134874165547 -0.01038607102356863 0.18820501058874495 1.727032764402137 0.003407992127363174 0.005876280348954745 3.446777979843427 0.31201159427162195 -0.008165237282253615 -0.007718092533468435 2.7952666503635966 -0.21326157492022657 0.011699355673324224 0.0078087064387074405
0.30541258942906085 0.21719577227353734 0.28914699235383834 1 -4.249731766991581 0.6429196123672911 0.004087862922479649 -0.0017844200049428535 -3.660938784548627 0.10789678021096383 -0.0013384429313524505 0.0020197512202968504 0.3779189307216413 2.539758801750977 -0.0006327343321309202 -0.010256161111379922 0.19521232675935707 1.72158390258141 0.004481278253384792 0.005573882826481538 3.456465938718324 0.31532591085410755 -0.008801547575672287 -0.006944101698612119 2.8100689476186282 -0.21624656932405384 0.012038379354550398 0.007110329497183288
0.3218508152301249 0.20614051807816466 0.2715264690122098 1 -4.245892684067112 0.6416210858966609 0.003923750512400528 -0.00204512884268393 -3.658804512461694 0.1048743234970324 -0.0011240763499518417 0.0023576818595523828 0.38211964377094443 2.533943988892514 -0.00037807291079232017 -0.010381430481248434 0.20404559458726812 1.7145662525480478 0.0038380092945109723 0.0054799157588982204 3.467294507243687 0.31680049908403607 -0.008075988583799147 -0.009122146896130291 2.8226977010664216 -0.2170807859774857 0.01226026625762594 0.00810263453800928
0.33620981112227283 0.1920463555189884 0.2512403483536608 1 -4.242417839291984 0.6395029890600783 0.003978045173062035 -0.001994533385906284 -3.6560836611005865 0.10204416930651017 -0.0011795852551409764 0.002089564286810659 0.3893071604787899 2.52722234680151 2.2610593263716096e-05 -0.010486608351616362 0.20889533173770136 1.7083644268729223 0.003515164441815888 0.0057142716946873215 3.4797885910023068 0.3164270258115558 -0.008403472268000534 -0.007502000085567435 2.8340077942721003 -0.2156533809391724 0.01164399820980223 0.007780975566061216
0.347530426118944 0.18060244573902537 0.23352343273333478 1 -4.238370082263902 0.6384230542474392 0.004021230827158712 -0.00182006411426683 -3.654161137053348 0.09806045020730925 -0.0013035012480126437 0.0020731520318314142 0.3950885921180989 2.520922567214451 -0.0006429312754004284 -0.010344114842776215 0.2161041569685116 1.7019518347786957 0.004319785529162833 0.005463488438360073 3.488862227290501 0.32018062237440414 -0.008674035764837704 -0.0071470449785585935 2.8479674854674277 -0.21800406465696454 0.011661456134904831 0.007538522881326726
5.0934896 1.9870919 0.20172352 1.9501 4.665881 5.2691607 2.8907857 2.3152103 0.56854546 1.4921135 3.8022664 0.9503549 1.2045431 1.3782297 1.6853043 3.5462804
5.001031 1.9753432 0.19997782 1.9535894 4.733944 5.531974 2.8899388 2.2630243 0.557742 1.485892 3.8458867 0.9399897 1.2528064 1.362396 1.685005 3.6582077
4.969225 1.9657469 0.1995829 1.9539504 4.762182 5.6537895 2.9243102 2.324954 0.5545696 1.4840053 3.8633385 0.93433285 1.237122 1.3557278 1.6814622 3.6875687
4.946338 1.9538908 0.19996423 1.9479179 4.7714877 5.749271 2.9581795 2.3980534 0.55475384 1.4815965 3.8329804 0.9320289 1.2247988 1.3477416 1.673954 3.708135
5.0077033 1.9596652 0.20213813 1.9402671 4.7010894 5.5446563 2.9374459 2.3982599 0.5656473 1.4856391 3.73495 0.94532096 1.218011 1.3544066 1.6720974 3.638927
4.9815726 1.9600375 0.20192087 1.9435418 4.7069364 5.5766273 2.9061084 2.318688 0.5634111 1.4852558 3.7314548 0.94663876 1.2550116 1.3500686 1.6758653 3.6747487
5.016956 1.9642022 0.20256883 1.9441149 4.6811104 5.471675 2.9128964 2.3548138 0.567307 1.4886048 3.727827 0.9499894 1.2224209 1.3569667 1.6766071 3.626323
5.257359 1.9838607 0.20894775 1.9199625 4.4735937 4.7968 2.9240146 2.52977 0.60165054 1.50213 3.4959254 0.98305106 1.1155262 1.389293 1.6665707 3.34054
5.427749 1.9932604 0.21514648 1.8938931 4.3050795 4.326189 2.9150302 2.624273 0.629741 1.5093036 3.238989 1.0128093 1.0978187 1.4045373 1.6553096 3.1565285
5.4756675 1.9934533 0.22066301 1.8888193 4.2573147 4.2038584 2.929086 2.7002292 0.6360114 1.512563 3.2346358 1.0187111 1.074357 1.4116498 1.6533338 3.0826092
5.566477 1.9850318 0.23336574 1.8477836 4.08676 3.8992455 2.872019 2.6906505 0.66247237 1.5121812 2.8995411 1.0528235 1.1658543 1.4059014 1.6347749 2.9873087
5.859066 1.9724716 0.27228835 1.7370992 3.6176634 3.0703008 2.6444144 2.4906762 0.7373644 1.5061705 1.8540642 1.1598662 1.6714284 1.3782123 1.5957956 2.7692735
5.934624 1.9821646 0.2572312 1.7039349 3.501006 2.7655764 2.5539384 2.2935607 0.76362026 1.503746 1.3000181 1.192 1.7565429 1.3660259 1.5774763 2.8033192
5.8764663 1.997112 0.24395588 1.7506905 3.6556215 2.9655526 2.6272774 2.354397 0.7385811 1.5088812 1.6828417 1.1572657 1.6020933 1.3826388 1.5990901 2.8434594
5.8366017 2.0034037 0.24289982 1.7849534 3.7603078 3.1389174 2.688449 2.4428148 0.71905285 1.5126888 2.0355878 1.1321073 1.5198276 1.395148 1.6172324 2.8442616
5.893553 1.9979923 0.25371295 1.7581632 3.6499023 2.9664583 2.6340153 2.3970282 0.7360426 1.5107597 1.7984209 1.1571715 1.6487021 1.3869188 1.6078426 2.7972765
5.888661 2.000004 0.25074717 1.7576139 3.6478553 2.938356 2.6268551 2.3743188 0.7371313 1.5110512 1.7636441 1.158079 1.6357555 1.3870384 1.6068771 2.8046305
5.814042 2.004599 0.24038176 1.7760172 3.7282917 3.0128222 2.6478639 2.3642013 0.724551 1.5134153 1.9296083 1.1391578 1.4830266 1.3950616 1.6114993 2.8454576
5.6457944 2.0206103 0.22569804 1.8596377 4.02154 3.4752955 2.769325 2.4700236 0.6730273 1.5210434 2.7476087 1.071875 1.2022637 1.4220755 1.6509681 2.926886
5.5642204 2.0251768 0.2202931 1.8909299 4.1376514 3.684407 2.8054957 2.4823608 0.65258074 1.5226972 3.0457866 1.0467393 1.1219308 1.4285738 1.6662322 2.9787526
5.5152745 2.0292447 0.21730791 1.9110153 4.2075987 3.8032236 2.8244314 2.4830089 0.64015394 1.5239623 3.229817 1.0319738 1.0808549 1.4330432 1.6767765 3.008262
5.4567704 2.0295868 0.21441165 1.925125 4.2692194 3.9430642 2.8323853 2.4603972 0.62950754 1.523245 3.3539565 1.0202403 1.069035 1.4317778 1.6838791 3.057857
5.3341126 2.0246272 0.20969665 1.9469888 4.3888245 4.2677135 2.8434033 2.4040399 0.60918975 1.5192974 3.5533478 0.9986701 1.0778182 1.4225847 1.6940968 3.1807497
5.2691298 2.0216515 0.20758027 1.9567037 4.445753 4.4296823 2.8471246 2.3728545 0.5996738 1.5169823 3.638721 0.9888799 1.0912844 1.4169312 1.6986728 3.2441328
5.2582397 2.021382 0.20721234 1.9569514 4.448539 4.443718 2.847833 2.3710608 0.59948754 1.5165768 3.6328094 0.98883355 1.1005759 1.4156739 1.6988405 3.2504332
5.219268 2.0189009 0.20621276 1.9603546 4.475239 4.5322123 2.848191 2.3519943 0.59522474 1.5148644 3.6594405 0.9847344 1.1170691 1.4112215 1.7003024 3.2873604
5.2154713 2.0200899 0.20616364 1.9610474 4.472431 4.515205 2.8498912 2.358265 0.59566814 1.5155027 3.6640477 0.9849993 1.1106758 1.4127824 1.7008221 3.278746
5.140849 2.0139215 0.20445944 1.9670507 4.5262966 4.698958 2.8502991 2.3203304 0.5868115 1.5119185 3.7219317 0.97630346 1.1372625 1.4036276 1.7029439 3.3547497
5.16485 2.0156624 0.2048828 1.961828 4.496709 4.62828 2.8496697 2.33552 0.59236664 1.5125362 3.6556377 0.98237777 1.1520506 1.4046097 1.7007719 3.3286293
5.2450705 2.0237978 0.20656079 1.9530895 4.4223537 4.3951025 2.8493993 2.3843439 0.60509765 1.5167848 3.5538676 0.9953635 1.1376573 1.4147811 1.6978302 3.233845
5.297948 2.0281725 0.20732477 1.9444838 4.36726 4.260249 2.8423734 2.3985388 0.6150071 1.5182084 3.436823 1.0067817 1.1689258 1.4171209 1.6949729 3.1870384
5.0753593 2.0088508 0.20348337 1.9636775 4.5311866 4.7911506 2.8404455 2.285802 0.5864111 1.5089077 3.6715856 0.9777257 1.1930948 1.3941126 1.7011459 3.402442
5.07672 2.0081484 0.20384054 1.9579072 4.50783 4.7670302 2.8284802 2.2689679 0.5903676 1.5082793 3.6028495 0.9833356 1.2252527 1.3912472 1.6988231 3.4027286
5.007962 2.0044792 0.20258984 1.9661114 4.5545073 4.9007397 2.831735 2.248289 0.5815932 1.5070741 3.7044687 0.97374225 1.2074171 1.3884209 1.702069 3.4506118
4.8927727 1.993181 0.20041072 1.9708333 4.61748 5.1852903 2.814142 2.1577137 0.569969 1.5010557 3.7534134 0.96431327 1.2720954 1.371397 1.703691 3.5780845
4.816789 1.9874167 0.19877456 1.9767523 4.6609497 5.358265 2.8090262 2.1141448 0.5615601 1.4983784 3.8203793 0.9564217 1.2899778 1.3637807 1.7061157 3.6488357
4.5527115 1.9559345 0.19359866 1.9840088 4.810747 6.0812445 2.7747498 1.9117033 0.5343059 1.4818923 3.9014168 0.9340391 1.4644083 1.3182399 1.7067084 3.9695263
4.565332 1.9623458 0.19340807 1.9915957 4.8175616 6.011064 2.7931554 1.957752 0.53321767 1.485578 3.989731 0.9304234 1.40024 1.3290318 1.7106974 3.9238265
4.7362876 1.9815681 0.19797465 1.9806767 4.710508 5.5077868 2.812134 2.0869749 0.55469614 1.4948075 3.8755429 0.9494312 1.313514 1.3554851 1.706994 3.7120914
4.955175 2.0017014 0.2029126 1.9598296 4.5502996 4.9257646 2.8231292 2.223588 0.5850339 1.5042353 3.6409862 0.9790913 1.2719398 1.3805043 1.6992447 3.4758375
5.208686 2.0281441 0.20615453 1.9435564 4.3712544 4.3082557 2.8389332 2.377205 0.6170559 1.51638 3.4193513 1.0105758 1.2354345 1.4109229 1.6956935 3.215025
5.0781817 2.0081027 0.2038089 1.9356605 4.440078 4.734879 2.7868392 2.1803148 0.6081138 1.5015635 3.2785625 1.0098201 1.4857544 1.3696297 1.6922202 3.4451923
5.018005 2.0014632 0.20279741 1.9365535 4.4768457 4.8964925 2.7756712 2.123322 0.6026744 1.4971702 3.288434 1.0061378 1.5446218 1.3577442 1.6924108 3.522893
5.405769 2.0515852 0.20673323 1.9313245 4.2258034 3.8775098 2.8322942 2.4396884 0.64390904 1.5240958 3.202223 1.0408239 1.3102354 1.4275235 1.6963303 3.0484552
5.115444 2.023748 0.20545003 1.9511116 4.4219356 4.4393654 2.8407707 2.3542786 0.6086946 1.5152944 3.5834346 1.0012631 1.202202 1.4087067 1.6982394 3.2621703
4.3101745 1.9384167 0.18873532 1.9997053 4.9393444 6.5927124 2.777994 1.8241099 0.51251394 1.473933 4.185746 0.9125688 1.5154899 1.2961191 1.712146 4.1681495
3.6786673 1.835011 0.17229731 1.996603 5.126569 8.451608 2.7983563 1.6701217 0.45628163 1.4400114 4.4626455 0.8561125 1.704862 1.1968758 1.6907308 4.8617353
2.8591306 1.6771145 0.13953625 1.9668064 4.521564 10.533205 2.7901745 1.7286747 0.4161425 1.4120969 4.9742856 0.8084272 1.5656356 1.1327232 1.6481634 5.563493
2.7832787 1.661894 0.14436081 1.9600947 4.5058093 10.548982 2.8190033 1.7757953 0.41334593 1.3973926 4.8844223 0.8012374 1.5721565 1.1200505 1.638929 5.571343
2.7088633 1.6477351 0.14246532 1.9555416 4.4120665 10.672522 2.8111966 1.7758787 0.41193375 1.393256 4.9104733 0.7991177 1.5587631 1.1165092 1.6344779 5.6217237
2.1134286 1.5461743 0.1250334 1.9343855 3.4815183 11.483967 2.700617 1.7287421 0.4016827 1.3572669 5.0025454 0.78743666 1.464065 1.0929246 1.6123435 5.8912606
1.942969 1.5158845 0.119301766 1.926808 3.2116923 11.739416 2.6661696 1.7109039 0.3991231 1.3485634 5.0536447 0.7846325 1.4324983 1.087478 1.6052954 5.987232
1.649111 1.4698229 0.10752934 1.921983 2.7403245 12.184344 2.6057472 1.690025 0.39394638 1.335364 5.1284943 0.78058434 1.3780825 1.0768472 1.5989088 6.0932994
1.6510628 1.4631455 0.10600738 1.914599 2.7425764 12.2656555 2.601352 1.6760908 0.39427975 1.3393998 5.211188 0.78038645 1.3626808 1.0809383 1.5943577 6.180367
1.2395985 1.3951042 0.07796843 1.9083343 2.0371778 13.190911 2.4854631 1.6125082 0.3867946 1.3395894 5.5291576 0.77876973 1.2458048 1.0749967 1.5887313 6.4319234
1.1951423 1.4004748 0.070769414 1.9243333 1.9941697 13.337057 2.4843123 1.648122 0.38414854 1.3446238 5.546031 0.7797228 1.2328758 1.0688012 1.5990071 6.3340445
1.0635835 1.3710905 0.054887414 1.916306 1.7443221 13.845573 2.4271734 1.5967731 0.381832 1.3569489 5.8218455 0.7809385 1.1632304 1.0748708 1.5949976 6.540572
1.4243542 1.4204891 0.06412096 1.9169688 2.3569517 13.500385 2.5050285 1.6276515 0.38707763 1.3833383 5.8817396 0.7849549 1.1987175 1.0914735 1.5993071 6.514379
1.446601 1.425871 0.06002292 1.9215851 2.3976822 13.576795 2.5055661 1.633439 0.38671553 1.3920596 5.9474955 0.78655756 1.1886904 1.0933732 1.6033382 6.511032
1.9144936 1.5196085 0.06780404 1.9590209 3.2466564 13.086914 2.6316717 1.7599696 0.3901409 1.4285963 5.8845463 0.79364526 1.2558618 1.1007346 1.6324122 6.1602044
1.9994819 1.5421135 0.06619626 1.9733573 3.4065049 13.029801 2.6546035 1.7943109 0.38999155 1.4391437 5.8859797 0.79604906 1.2659171 1.1008914 1.6430898 6.0522633
2.2317338 1.5888715 0.07161 1.9912689 3.8158252 12.718615 2.7152584 1.8500148 0.39214206 1.4544705 5.828726 0.79966414 1.3074484 1.104941 1.6571906 5.87274
2.3757572 1.609235 0.079873934 1.9901556 4.058959 12.427571 2.7532125 1.8670325 0.39487857 1.4571406 5.7665873 0.8003338 1.3389108 1.109409 1.6572182 5.8291554
2.336879 1.5978432 0.075244725 1.9842432 3.9662378 12.556547 2.7292142 1.836509 0.3948343 1.4611262 5.867573 0.8012829 1.3157115 1.1138797 1.6541895 5.9231577
1.9864422 1.5228972 0.058531433 1.9553111 3.3183033 13.205922 2.6155503 1.7236643 0.39146945 1.4524169 6.1329975 0.7987959 1.2217999 1.1158483 1.6339128 6.295017
1.7164443 1.4516659 0.05640869 1.9125462 2.8155303 13.484329 2.530859 1.5988995 0.39066893 1.4301245 6.256555 0.79292285 1.1703147 1.1193218 1.6033492 6.6854153
1.5320051 1.4077058 0.054700375 1.8892992 2.4620764 13.670441 2.479839 1.5317154 0.39010164 1.4173336 6.334627 0.7902621 1.1357874 1.1213052 1.5865259 6.903011
1.4203534 1.3792956 0.056395903 1.8720748 2.2478766 13.719867 2.4525383 1.4913952 0.39019388 1.4063512 6.354824 0.78804433 1.1207751 1.122412 1.5737731 7.041047
1.4563782 1.3850572 0.063215405 1.8744222 2.3007524 13.740114 2.4982188 1.5410417 0.39058042 1.42053 6.4468603 0.79053414 1.1116467 1.1290966 1.5748993 7.036665
1.2764287 1.3252046 0.10430361 1.8310361 1.986692 13.938278 2.6190937 1.6201346 0.39053112 1.4277949 6.710574 0.78785694 1.085394 1.1458527 1.5385375 7.3881426
1.2408499 1.248667 0.26322246 1.7466153 2.0078988 13.866787 3.1294217 2.1106484 0.3928576 1.4828464 7.4063807 0.7896427 1.1168436 1.1964346 1.4668677 7.8091035
1.1874583 1.1467373 0.4576189 1.6468933 1.9691453 13.679758 3.5422509 2.7640185 0.39767262 1.5329852 8.31377 0.7994019 1.1259637 1.2488607 1.3951011 7.9615636
1.6647426 1.1054513 0.73589617 1.5636177 2.507447 12.646372 4.059597 4.1244717 0.420902 1.6399455 9.755735 0.8438792 0.9552523 1.3395094 1.3594482 6.9169726
2.0484865 1.0243742 0.9764609 1.4254959 2.4317846 11.061756 4.6601114 5.4983144 0.46901023 1.6993945 10.574134 0.8757304 0.5483239 1.456015 1.2625283 6.287154
3.0090344 1.174156 1.0344063 1.4249432 2.959207 7.7905293 4.7588935 5.8664036 0.5289453 1.6795459 9.691079 0.91408587 0.44293904 1.5402461 1.2765297 5.117897
3.4609299 1.2995133 0.9660836 1.48928 3.215921 6.4395156 4.398987 5.5550194 0.5496061 1.6432587 8.970821 0.9413948 0.50995815 1.5379485 1.348675 4.2749095
3.3164108 1.0834696 1.3004978 1.2622385 2.3702853 5.669586 5.2993784 4.5955133 0.46674156 1.7789121 11.467593 0.93974495 0.7490891 1.7601687 1.1422806 4.213027
1.544632 0.611753 1.0198212 1.0465703 1.2757124 3.360717 5.205549 0.25478223 0.3056498 1.4326042 13.0211115 0.87496865 0.23835158 1.4468807 1.0832866 5.483308
1.7444555 0.40963382 1.236396 0.47318095 1.3855752 0.39162531 3.8952644 -0.085304126 0.20120119 1.1115161 10.927291 0.7683382 1.8939135 1.2569116 0.76431453 4.8409886
1.7259411 0.3929038 1.2462591 0.43885005 1.435862 0.15414229 3.7933812 -0.08654453 0.18081725 1.094918 10.965547 0.7421686 1.8757694 1.2411926 0.730862 4.8247643
1.3772511 0.35563052 1.2233653 0.4475388 1.2822998 0.8261771 3.1132183 0.03366965 0.1099591 1.1113459 12.030301 0.6626146 1.2249151 1.2406158 0.70553786 4.947693
1.312484 0.34668672 1.2182788 0.4460193 1.2543592 0.9506602 2.9845858 0.05321081 0.09327478 1.1122332 12.248007 0.6431741 1.1371319 1.2395012 0.6975628 4.9678483
1.0419878 0.3196596 1.2008682 0.46456963 1.2373438 1.4750367 2.6809251 0.16518444 0.029645402 1.1197934 13.199587 0.5653413 0.70703983 1.2482036 0.683841 5.041204
0.83446515 0.28583145 1.1868856 0.44832247 1.1637111 1.8252127 2.2658238 0.22606936 -0.0298602 1.1167145 13.901553 0.49447966 0.45373553 1.239481 0.6478076 5.1108227
0.7801498 0.2801886 1.1826694 0.45234615 1.1576545 1.9370687 2.2117715 0.24656779 -0.04291557 1.1183399 14.087592 0.47864452 0.3771664 1.2411456 0.6453651 5.1286006
0.75320995 0.27925363 1.1801863 0.45882583 1.1631808 2.0018272 2.206034 0.26052362 -0.048737437 1.1203071 14.183924 0.47137302 0.33100313 1.2439467 0.64767486 5.137441
0.72449994 0.26988184 1.1790283 0.4451722 1.1411228 2.0066545 2.078214 0.263775 -0.061558846 1.1160411 14.265368 0.4563073 0.3127405 1.2373836 0.632708 5.145931
0.7469168 0.2759084 1.1797464 0.4529295 1.1528561 1.9868805 2.1566374 0.26036996 -0.053108245 1.1186439 14.181392 0.46643713 0.32943743 1.2411108 0.6418866 5.1391406
0.75755095 0.28026092 1.1794231 0.4606921 1.1563929 1.9981526 2.223759 0.25818294 -0.04681094 1.1217002 14.1304035 0.47416243 0.33500528 1.244787 0.6502449 5.137792
0.7847903 0.28605014 1.1801178 0.46689075 1.1529119 1.9819317 2.3133554 0.24609184 -0.03505873 1.1248423 14.0063 0.48876953 0.36757416 1.2478706 0.65978634 5.1324964
0.80477756 0.2922883 1.1809437 0.47595596 1.1710594 1.9662294 2.4010694 0.24468827 -0.027302062 1.1274759 13.931736 0.49784714 0.3793667 1.2522607 0.6695863 5.125387
0.7806808 0.28795397 1.1791223 0.47349212 1.1580522 2.009128 2.3560343 0.24886176 -0.034189716 1.1271782 13.994068 0.48987055 0.35520875 1.2509292 0.6651667 5.134651
0.7875128 0.29002753 1.17887 0.47691104 1.1527013 2.0175958 2.3967626 0.24369606 -0.029701248 1.1290905 13.942738 0.49559817 0.3635316 1.2525938 0.66968536 5.1347885
0.79219204 0.29447976 1.1784528 0.48640123 1.1671517 2.0357985 2.4617658 0.2471389 -0.026057716 1.1319606 13.921113 0.499731 0.35499436 1.2570069 0.678126 5.1333847
0.76181555 0.2901408 1.1759275 0.48573172 1.1551296 2.0982182 2.4135962 0.25422752 -0.034433946 1.1321852 14.006642 0.4899226 0.31987876 1.2563063 0.6744251 5.145927
0.7650755 0.2940079 1.1747823 0.49464303 1.1552055 2.1346018 2.4791229 0.25274628 -0.029583072 1.1358206 13.974859 0.4959618 0.31625706 1.2603545 0.6830763 5.14857
0.7664603 0.29884684 1.173528 0.5061802 1.1664232 2.1744697 2.5510833 0.25568336 -0.025957268 1.1396466 13.963025 0.5002079 0.30351198 1.2654495 0.69306225 5.150981
0.7485434 0.29819113 1.1711043 0.5105984 1.1581297 2.236963 2.554246 0.2580042 -0.028813567 1.1417612 14.002435 0.49708575 0.28017378 1.2669358 0.6953197 5.1625514
0.7601828 0.30522004 1.1698248 0.5245704 1.1646137 2.2773278 2.662709 0.2550704 -0.020383995 1.1470535 13.947688 0.5072949 0.28064495 1.2731774 0.7090352 5.1640415
0.773267 0.313249 1.1685209 0.5403557 1.1773036 2.3173108 2.7821715 0.25304884 -0.011764888 1.1526341 13.895352 0.517527 0.27904534 1.280118 0.7240617 5.164971
0.7788765 0.31923467 1.1662625 0.55387914 1.1767768 2.3750286 2.8819513 0.24845949 -0.0047106463 1.158183 13.858239 0.52611744 0.27480543 1.2857629 0.73672193 5.1716113
0.8025936 0.32924545 1.1650188 0.57164407 1.1887844 2.4079843 3.038855 0.2420581 0.007724867 1.1647426 13.772554 0.5407519 0.28534222 1.293724 0.7545214 5.169366
0.82587576 0.33954826 1.1633577 0.59033185 1.2035623 2.4438698 3.2034068 0.23485704 0.019649105 1.1714475 13.696419 0.5544588 0.29378664 1.3017985 0.7725135 5.1681957
0.8462617 0.3489551 1.1605356 0.60838926 1.2087467 2.4934778 3.369091 0.22389764 0.031208359 1.17857 13.629043 0.56758714 0.30244416 1.3091938 0.78946364 5.1715198
0.88300425 0.36143142 1.1583108 0.6294281 1.2283081 2.5154984 3.5944345 0.2089721 0.046137102 1.1858733 13.53296 0.5837264 0.32694238 1.3180797 0.8094053 5.1658792
0.90666205 0.37058955 1.154944 0.64642227 1.2391944 2.550908 3.774826 0.19528592 0.05615832 1.1920992 13.477032 0.593897 0.33891535 1.324546 0.82416344 5.16807
0.9392085 0.38201985 1.149102 0.6679444 1.2466621 2.6000986 4.025837 0.17237091 0.06946476 1.200431 13.414063 0.60662115 0.3587718 1.3321521 0.84197295 5.1738076
0.9716268 0.43561047 1.089592 0.7691148 1.1050571 2.8752244 3.8076205 0.1916178 0.11696371 1.2753512 13.308567 0.65731084 -0.1583265 1.3375311 0.89023626 5.4509616
0.9972558 0.4491762 1.0811112 0.7933323 1.1042479 2.9186432 3.9223592 0.18746026 0.13004565 1.2879293 13.242202 0.67094314 -0.20427 1.3431724 0.9072293 5.4801064
1.0244364 0.46318904 1.0717713 0.8180702 1.0998031 2.9622009 4.035013 0.18427281 0.14398827 1.301268 13.167622 0.68542266 -0.25409377 1.3485074 0.9243531 5.5136876
1.0570159 0.47879142 1.0622438 0.8449503 1.0998793 3.0004659 4.16693 0.18023147 0.15927553 1.3151952 13.086591 0.70116496 -0.30360234 1.3545578 0.94317436 5.545221
1.0900084 0.4960095 1.0507462 0.8752245 1.0977223 3.0509157 4.305456 0.17714679 0.17561431 1.3309549 13.006194 0.71777546 -0.36502588 1.3607821 0.9638996 5.586572
1.1211122 0.5114978 1.0401376 0.9018678 1.0938367 3.0918696 4.42752 0.17593116 0.19057935 1.3449672 12.922202 0.73294926 -0.4190594 1.3658603 0.98220694 5.625888
1.1532595 0.52664816 1.0303746 0.92732394 1.0940534 3.124017 4.5533733 0.1748773 0.20484908 1.3577304 12.838177 0.7472562 -0.46655488 1.3707688 0.99996835 5.660497
5
5
5
5
5
5
5
5
5
5
0
0
0
0
0
0
0
0
0
0
0
0
0
0
0
0
0
0
0
0
0
0
0
0
0
10
10
10
10
10
0
0
0
0
0
5
5
5
5
5
5
5
5
5
5
5
5
5
5
5
5
5
5
5
5
5
5
5
5
5
5
5
5
5
5
10
10
10
10
10
10
10
10
10
10
10
10
10
10
10
10
10
10
10
10
10
10
10
10
10
10
10
10
10
10
10
10
10
10
10
10
10
10
10
