23
1.6653421651631646 1.6864340289310378 2.5738104048278307 1 -3.69 0.15999999999999992 0.0 0.0 -3.52 -0.83 0.0 0.0 0.25 0.8600000000000001 0.0 0.0 0.41999999999999993 -0.13 0.0 0.0 3.2 1.38 0.0 0.0 3.38 0.3999999999999999 0.0 0.0
1.5417747436392908 1.6932161190689778 2.5319940910220597 1 -3.718922453024582 0.17604435346626346 -0.00680157303773199 0.012427504431237812 -3.4464195241835602 -0.8170076299103477 0.036758461087178784 0.00978793045678902 0.25203602556580584 0.8600035124381549 0.0013562337017831033 -0.0051632630230562925 0.4183229711700127 -0.12826599399573912 -0.0011861375245417252 0.005453549553171701 3.174483324272418 1.3880175269471562 -0.011822389357267165 -0.0024574121739976557 3.3345736811864093 0.3754581984639407 -0.026755373212675532 -0.004219191179601988
1.2667725272072803 1.4348308772302194 2.5848729260362546 1 -3.775612793257568 0.23908243568094112 -0.0059510710319779815 0.009938679945610306 -3.3423616072106803 -0.7185781825221943 0.004326984602357263 0.028375594867880737 0.235691286923835 0.8711375117105922 -0.006144016900077051 -0.00018109278377278007 0.40189468579461884 -0.14488641564927174 -0.007344698153500424 -0.0018362965990265118 3.0688646769159744 1.4229759935908137 -0.029319586375852826 0.00509590391264976 3.1538209509265993 0.34037590241707627 -0.04086404756390217 0.00505201831262239
1.016063711826382 1.1173175062368896 2.3894837666106086 1 -3.7905444391788374 0.28970530234419467 0.004588530593834624 0.004891111217624675 -3.392908776590061 -0.6343111163707599 -0.01553129189545803 0.010354256206635474 0.17159656832517367 0.8935081455972038 -0.0179210415074354 0.002180852256055384 0.3417177323879894 -0.17466943214854613 -0.017350626421094854 -0.0022798136734421895 2.886320380593782 1.4831354817493976 -0.03938275334690784 0.008673709406441202 2.975666865047966 0.379846383980303 -0.03368846025005014 0.014057709092797339
0.9139265701652711 0.9841169467439395 2.2696573995824485 1 -3.7804431410457484 0.3220633971783371 0.0021585104253428085 0.006403690168816952 -3.4751878670133456 -0.6416526540182906 -0.010049388369728417 -0.003995023640247284 0.049836009741405896 0.9082967801298583 -0.028825284675019942 0.0007705155318548877 0.22432632447460588 -0.1858193371834207 -0.029512664921734044 0.00019117156067433548 2.6948324075418055 1.5319584230894727 -0.03267377371703995 0.0010227759023054093 2.7969970235609836 0.4142314931403155 -0.03994839625935961 0.0046697221244699095
0.8465807855084677 0.8806920793402675 2.2095877726810946 1 -3.822325554762949 0.35814484166662597 -0.011669971005413627 0.012558023497861701 -3.5155300980465185 -0.6603644847976903 0.0034786165609610358 0.0006817745392103686 -0.11530413852541255 0.9151667720340915 -0.06278812398795126 -0.005789280681110829 0.0517395735934878 -0.19061530224647372 -0.06413464975300706 -0.0010508147794554895 2.557321981994763 1.52313729052856 -0.0007721382077473275 0.0009896341485896298 2.582162033868266 0.39883523364544704 -0.015982741205796312 -0.013913722579050398
0.7467062247115301 0.7362749145047469 2.157908172717757 1 -3.934207924688583 0.41810778362876166 -0.037558076280265 0.011577233221779518 -3.5200550952164233 -0.6430393490940081 -0.014648801481705671 -0.0006534559699590305 -0.3012679804050089 0.9361123479671862 -0.057281387063662696 0.006296423592257143 -0.12620544149339885 -0.1775814750514747 -0.04938146425185336 0.0030282984872920093 2.444069322995734 1.474679090260575 -0.024788730206735044 0.0025556992014179793 2.3851503804821004 0.36545113777539817 -0.03474810169874572 -0.015180009098802504
0.6672862090418759 0.6312721954750685 2.1305126913484553 1 -4.04761159161064 0.4978040709155871 -0.021242152154656774 0.01338328348960324 -3.5465115459061223 -0.6021260409191675 -0.014680110463849582 0.007567141674039983 -0.47184240203272143 1.001722767642938 -0.019962649206633147 0.005737541946786634 -0.2616205767256323 -0.1085994667804504 -0.020041119530379233 0.03418284803456832 2.3200709561433257 1.4393076411623835 -0.034506427022939136 -0.02976713061371799 2.238108548551364 0.3450224576188907 -0.036687826099756196 0.01884355874619073
0.6060102049487348 0.5552736073048004 2.106913711735623 1 -4.1080174297857965 0.5735875622262283 -0.012900409458155904 0.008594899004169834 -3.5920726155515714 -0.5499846399981264 -0.014323823554754034 0.009010075787943519 -0.5843579641172161 1.115296391799021 -0.02537314223449624 0.018818749212911427 -0.3712969195348297 -0.011272573535489605 -0.032581825745734136 0.02095935111205518 2.218354797445734 1.4289982876259568 -0.005075104522518416 0.011185003531630832 2.119801069545371 0.3315098527976674 -0.011829578106607189 -0.015019270490770724
0.5391728667564185 0.46598716025006154 2.086476704980029 1 -4.151394025585227 0.6159223690615638 0.0004589099760435823 0.008650669689966016 -3.608681974319845 -0.48482799046472036 0.010382653726008918 0.0219924848622582 -0.6190167693725872 1.2305864971614895 0.011970243094834698 0.023168401053204356 -0.4567524808540746 0.081252508792508 0.001063930625249392 0.0188357715077508 2.1710365171424995 1.4121670990216404 0.008124038401396892 -0.023056747025205042 2.013832034792661 0.31532520472298287 -0.0009731208703682647 0.006951796567976131
0.46968955899541065 0.38514912758594316 2.079310379519462 1 -4.218679791448054 0.6247756048910362 -0.029547208612330504 -0.007183106477082098 -3.595354931785573 -0.4059168132286176 -0.011221923136654209 0.0043192486868268674 -0.620951652876959 1.3263996646334322 0.01668915743825962 0.021854819377652684 -0.49845874380528876 0.16487054192457173 0.013850549094413654 0.017832951869789452 2.170224258421589 1.3955437208833548 0.008035078193898869 -0.023945778350768644 1.936694113640126 0.30558292519058194 0.001125665118912992 0.012625395666741323
0.39997372856821095 0.2984952266483189 2.05363875033629 1 -4.286565599160541 0.6222372308992661 0.002721556356924365 -0.004425791698229823 -3.5793423527869246 -0.32730062964075857 0.005104541099745008 0.028504627625984852 -0.6215528655034173 1.4222135074994173 -0.02150842549833093 0.017567686376532204 -0.5068525776438779 0.2706701864712382 -0.02342904226315738 0.023577162917009974 2.2039061376832327 1.3892642458839934 0.03746104440784895 -0.007597616472004209 1.9127309923800393 0.309737989107171 0.03186696252898252 -0.008184416365531145
0.32765605323463276 0.19833268066566026 2.0079778004996047 1 -4.328201566149396 0.6317835676586203 -0.01619735312120075 -0.002635247452888708 -3.588385268722604 -0.2655788645657826 -0.014416908803525105 -0.0009446974107787873 -0.6075774281327186 1.5405599494587063 -0.014542506126484252 0.01946971292852585 -0.5215970421695744 0.4085219197232399 -0.02518309269714874 0.03222863734537478 2.2632445330737463 1.3812170231341323 0.03337080053240424 -0.01120413152436934 1.9214036647148989 0.3283728429573043 0.027384027020916926 -0.002745010552990687
0.26353989920131987 0.11611998854356495 1.9747277151093363 1 -4.352553697461354 0.6466094341165411 0.0074398354633324615 0.0013233616221208688 -3.604465152375158 -0.21653926330941664 0.002329913500609713 0.021832868712093768 -0.5751874934420598 1.6719063276295856 -0.011431423384386751 0.02960091906743988 -0.5496456804956256 0.55890922561798 -0.024248264986979275 0.025589184568916096 2.331589385492137 1.3652055035631654 0.004404487561893792 0.002468684595698753 1.9216713286981362 0.3490877543996884 -0.01565857971225183 0.006389057051000378
0.19410816144158957 0.03503771609372059 1.92006854879773 -1 -4.377167976471733 0.6478651745768313 -0.01633858944727154 0.0010398574757360182 -3.6082023634180618 -0.16717104003006633 -0.0008094732226656028 -0.0011539407407536138 -0.5486416538515648 1.7972065714803689 -0.013094705885214962 0.021481192965509974 -0.5677299239534164 0.7001158894955508 -0.018721204219179638 0.029076755629714828 2.3971017837637554 1.3269394239349102 0.02730671069919311 -0.014817914631027496 1.9131792322142687 0.35215593468486417 0.01751142419644769 -0.012967287791466659
0.12582798625139907 0.04661490844222026 1.8261991036206258 -1 -4.396449417919939 0.6380893513763397 0.0016094140060357812 0.0028977343694813074 -3.5985675636548673 -0.12226284295580059 0.00830044472602772 0.01313177516940817 -0.5387095102511172 1.9096303222535225 0.015003959184207667 0.019428023525156757 -0.5575337494968924 0.8267890501775084 0.019612186646414387 0.024602255298054477 2.420926809202493 1.2934144613317509 0.020793510377606274 -0.018254079722580554 1.8938549740022506 0.34811889724740164 0.019803437585144787 -0.014351504613257559
0.06875962097716531 0.11023404676064062 1.7711292081607932 -1 -4.399139731546 0.6309353404176956 0.010863192130931506 0.00259605913164933 -3.5899276824517568 -0.10031608451301044 0.006040537019037142 0.012829572940823066 -0.5430553565288934 2.0094603401473363 0.018120220298268954 0.015757824475103856 -0.5485543691204584 0.9328393916234674 0.021813920720544125 0.02116657140107827 2.417723565448232 1.2727677702581786 -0.003213632115560805 0.009753018750346976 1.8605649368328425 0.3470363962068188 -0.018999594547668266 -0.0013033329446255175
0.005109960120483902 0.19811888292645843 1.473329506941873 -1 -4.424612742730416 0.7419763688830243 0.0005988303778452914 0.030612706186625097 -3.7123861923305768 -0.05175081806658288 -0.02647446764587365 0.03389646964464715 -0.5409418602500367 2.167224941236648 0.01795385285946873 0.03553281671234253 -0.5635602532070201 1.1217449356443092 0.01652042423266363 0.05719865735775123 2.4922689548605215 1.30069293935694 0.054799175969104316 -0.014952502678260505 2.002630522638161 0.4521533426999822 0.07882000008218383 0.01830772816936274
0.07810615102946551 0.18578704631695125 0.9922746885923024 -1 -4.57130214168513 0.75453827151889 -0.05471709788799434 -0.018073554897411782 -3.816309051501285 0.14900286527613016 -0.015001755462548623 0.04332763419480974 -0.48764620063847364 2.3794980892260584 0.025154528932409888 0.0174153480209137 -0.5117445131203837 1.4205139258798116 0.028161559044742237 0.08242267079543963 2.856391259819338 1.1776345098992982 0.06866540357429278 -0.06624076492673556 2.3215023812090934 0.5159861211496026 0.07977863584916794 0.01273109898414987
0.15709660008917678 0.17352613769125957 0.6652516337812964 -1 -4.76623480407877 0.6922924853644938 -0.004337738125959847 -0.002317205869027096 -3.944615015136832 0.3714367701071071 -0.04938655645355028 0.039589160683079286 -0.2904967631398474 2.5707776308485584 0.04808099035236453 0.009827750583789638 -0.3467146658204605 1.7116751195665905 0.03646286728106597 0.07114127167450442 3.238355813351271 0.9362163851935179 0.045698872844422686 -0.053977467164746315 2.6214520232692307 0.42226881336063493 0.06349919323198298 -0.022622492955837802
0.19075114897052167 0.20747298494498595 0.4766869918912997 1 -4.822660410059505 0.8057536338382065 0.02163209593605081 0.021313339749138294 -4.104514451734385 0.43766669945500336 -0.03422470484480143 0.016406090514340523 -0.006440432134045437 2.686476198018743 0.0575476929940624 -0.00795937500343362 -0.14204797102346145 1.9194304919058789 0.05259437948391383 0.045984498411747995 3.4576067034846787 0.7503899140776022 0.012798859939454078 -0.048171602425199966 2.840541359280274 0.2344346774073678 0.046857394275317266 -0.02085706906694944
0.27436819568275184 0.19717709049208074 0.3353685902811647 1 -4.765571517577846 0.8781002466095476 0.04083225566184754 -0.009611905359270721 -4.133934081185357 0.49128844366015656 -0.0058054134899370065 0.019606669527652876 0.22266752345258034 2.730411799971302 0.040565427143567805 0.03698883487992202 0.05122611095640739 1.987809896852748 0.025210407133911407 -0.025855390097794754 3.599939408761177 0.5737551979382869 0.05985227551680669 -0.006454795836796725 2.9474008105315868 0.09974165282882574 -0.017563252905757745 -0.043918447458430036
0.3280243250692865 0.19595596621151085 0.2645070005368508 1 -4.643429189328961 0.8243323756320393 0.002996009892957393 -0.0042776099284826 -4.022335443122079 0.4816950212284248 0.05184225300004003 -0.033821924866060574 0.3768628588583356 2.7266239478553347 0.03628245234466965 0.0375269490639342 0.20001944234170388 1.973191673622607 0.013795636089217236 -0.041017502729209995 3.676331335280967 0.46105625703554476 0.04433810400567548 0.013376966083926682 3.0194999511658516 -0.004786159668842216 -0.01800831513809237 -0.046044957551802365
0.81818914 7.7784553 0.81844926 2.5337594 4.670412 11.027769 3.5717003 3.0271683 1.8178456 1.3269812 8.402201 3.1097593 2.261364 1.1165929 2.1586835 3.5289211
1.1541605 4.7482204 0.42277706 2.4245584 4.2942657 11.326153 4.030094 2.5078375 2.486677 1.4688232 8.281572 3.2563534 2.3711357 1.3569884 2.1316876 5.2335443
1.268621 4.857056 0.4436736 2.4321477 4.483547 11.243868 3.943386 2.574768 2.2723093 1.4786208 7.9649563 3.203495 2.4165385 1.3562274 2.1585705 4.948261
1.105865 3.8586872 0.44566667 2.2695007 4.609697 11.502435 3.3331118 2.2376974 2.2909794 1.4666421 7.5253406 2.774426 2.4993205 1.3603449 2.1449966 4.734888
1.113719 2.7267385 0.33270168 2.1856127 4.612426 11.603639 3.1933565 1.845622 2.4551156 1.5033076 7.2721214 2.6565826 2.569187 1.4284403 2.138181 5.0747433
1.1371417 1.3867192 0.1400894 2.0010064 4.351006 11.897828 2.8650823 1.4046869 2.3304358 1.4940634 6.661789 2.2870722 2.6246195 1.4540842 2.1129675 5.2881885
1.3741326 0.95052433 -0.2827648 1.9574145 3.5545697 12.254011 2.8807144 1.4817587 2.006437 1.5263193 6.701815 1.9350035 2.5252218 1.4745078 2.096341 6.169362
1.2170892 1.1629767 -0.24498224 1.8413359 2.9593394 12.354121 2.717095 1.2494199 1.8358523 1.4226273 6.201314 1.6829402 2.5734758 1.3693261 2.0488763 5.6635637
1.3954678 2.49546 -0.6094965 1.8716466 1.6277418 12.465558 2.2453146 1.4016271 0.97416335 1.430274 5.80917 0.8686275 2.4525301 1.2664626 2.0398934 6.0658426
2.030446 1.4272928 -1.0277181 1.9147635 1.8009558 12.585785 3.334843 1.8716936 0.85805786 1.5074735 6.78405 1.4636469 2.2610652 1.4207339 2.0491838 7.5369635
1.8572035 2.2842665 -0.9807855 1.9999559 2.0804462 12.381823 3.2666242 1.7941272 0.4476912 1.4722061 6.7464943 1.6597686 2.0503616 1.372148 2.0905933 7.3607974
2.5597336 1.5643733 -0.9835392 1.8206474 2.198679 12.173512 4.0585375 1.9526472 1.3128788 1.5443562 7.6175804 1.492691 2.5521474 1.50021 1.9471539 8.038336
2.5197623 1.8788946 -0.9590287 1.8429253 2.3156407 12.152157 4.0272512 2.1173487 1.1035714 1.5382373 7.598469 1.4920278 2.4883435 1.4837158 1.9624652 8.023062
1.6507301 1.5621207 -0.663746 1.7300911 2.112586 12.097906 4.154821 1.3140723 1.5745945 1.3492138 7.315139 1.9056717 2.5098734 1.3683494 1.9082615 7.1714597
5.488104 2.6285558 1.3251036 1.7860289 4.5441384 12.083801 4.6816535 5.0397024 1.4153461 1.8223815 9.374742 0.8933661 2.983236 1.744185 1.8462253 10.870305
5.470454 2.488452 0.51993674 1.8155656 4.862165 12.2863865 5.263282 4.4459147 2.1428554 1.8522196 9.629852 1.2448298 3.0279846 1.8248034 1.8144151 11.008859
4.410901 2.1879914 -0.052844167 1.6329331 2.9118423 11.801918 7.6307025 3.5043597 4.533839 1.5583475 11.868532 2.2651968 3.5527897 1.6947358 1.5058243 9.994855
2.0847144 2.0624876 0.3295771 1.3811826 1.7721004 4.8133025 2.1800926 2.1741784 3.991115 1.4271303 12.102191 0.26610744 3.8982563 1.386972 1.3933611 3.7559018
6.1641073 -1.0290961 0.4151312 1.3988262 6.470586 0.030073583 -2.936957 3.308417 3.4920027 2.252579 13.35935 0.5893911 6.18974 2.1342845 1.2528696 6.3045263
4.5904756 -4.561408 -1.1600205 0.5537834 2.4890761 4.6591864 -1.3412688 2.0481517 4.3014565 1.4887531 10.719767 -0.6337693 5.0056615 1.6842299 1.0474465 5.631674
2.5276742 0.8256328 1.3562598 1.0794355 1.8680267 3.0553474 5.0187926 1.2889105 0.57733005 1.1424949 13.2182865 0.9730032 1.5425667 1.1856349 1.3161536 6.064082
1.9922447 0.8369322 1.2455711 0.9913161 1.4755144 3.549028 5.1056004 1.5143023 0.5166723 1.0293298 13.455115 1.2765216 1.2828789 1.1375604 1.2912991 6.5834646
1.9559007 -0.23775339 1.4856383 1.0668321 1.0148435 3.529972 4.9352527 3.5204186 -0.103779435 1.0193204 13.269487 1.1777078 0.6986299 1.1294626 1.3403835 7.1791654
5
5
5
5
5
5
5
5
5
5
5
5
5
5
5
5
10
10
10
10
10
10
10
