3
1.5153466186993882 1.1716287430508943 0.1360147050873542 1 -3.41 -0.09999999999999998 0.0 0.0 -3.5 -1.1 0.0 0.0 0.5700000000000003 -0.49 0.0 0.0 0.4800000000000004 -1.48 0.0 0.0 3.5600000000000005 -0.78 0.0 0.0 3.46 -1.77 0.0 0.0
1.3721661800211593 0.5251670982054548 0.2116819014197216 1 -3.4326778712349686 -0.07525859844501548 -0.0029817432904162755 0.014114599456102704 -3.4265174465377166 -1.104679019757834 0.03736063012775326 0.00044119342946150573 0.5697329184380289 -0.4901643642340152 -0.0004224397819695071 -0.005528078859325776 0.4820422594998961 -1.4830458587594955 0.00034425112175289776 0.004664234446245866 3.536664768481179 -0.762605197960302 -0.012237765491775781 0.0016041556928162084 3.409770475892657 -1.7819268625719107 -0.02695544009494081 0.0032562958319688265
1.066061373102685 0.22865083145766166 0.36340309423936173 1 -3.4694060099464803 0.002056988860368536 -0.0031660058049658856 0.011155037523872207 -3.3006030100710313 -1.036519078744121 0.012143887508633844 0.025832696523533913 0.5579138086418443 -0.475688591424529 -0.0059513311292513455 0.0016994669894959697 0.46036243704232227 -1.4959969879644173 -0.008281638438421248 0.0004037162242495132 3.4440326044154155 -0.6975047148165207 -0.026692701624941202 0.01331354443626453 3.2260014273271658 -1.7648095838182867 -0.03793081923887003 0.01619061566895613
2.4370255 0.25009632 3.3247175 1.1952785 0.20348644 13.762624 2.0059414 3.153337 0.48496896 0.7134365 2.2482638 0.5995085 1.3741922 0.5857675 0.93823373 2.8879995
1.1866336 0.22128248 2.3950584 1.1286724 0.7021346 13.888932 2.116203 0.75012755 1.0648792 0.64609516 4.7040954 1.3911917 1.1434144 0.6019006 0.86987245 4.4397306
0.28255177 -0.8249483 1.4788702 0.9870899 0.8494377 13.371576 1.0558807 -0.7093754 0.6074029 0.4339819 8.523117 1.6978773 0.25000244 0.5655122 0.8023819 7.4997187
5
5
5
