13
1.587335228339069 1.6007873316517747 1.23 1 -3.5300000000000002 0.030000000000000027 0.0 0.0 -3.5 -0.97 0.0 0.0 0.46999999999999975 0.1299999999999999 0.0 0.0 0.5 -0.87 0.0 0.0 3.4699999999999998 0.20999999999999996 0.0 0.0 3.5 -0.79 0.0 0.0
1.4573432873366472 1.5418739889106317 1.2081633558992984 1 -3.556633882061658 0.04735504351367226 -0.012109518938100671 0.002855737839927949 -3.427892271502267 -0.9716305308196033 0.028980689664842338 0.008783967608411866 0.471642393705614 0.13008422632293848 0.0007494900168750426 -0.005338783854752057 0.4996021040391092 -0.8701522110886364 -0.0006805910157984522 0.0052612901470905325 3.446102288841721 0.22220888302802178 -0.0118827164799936 -0.0005172426631034968 3.449230913465657 -0.8088540939043323 -0.02745068437184288 -0.00022271436912078314
1.1718744703898374 1.191184803126896 1.260883772822829 1 -3.5983584601615775 0.11653969124036889 -0.0006267342997950008 0.017895090631965184 -3.3108671651699435 -0.893101816236481 0.01238059470281978 0.02457572078240719 0.45935517035037243 0.14382277310561986 -0.005855967197855198 0.0009154153443791339 0.4779950721538695 -0.8842842926896504 -0.008282742860683425 -0.0005855670392885017 3.3472151393970266 0.27407940715688506 -0.027955771342862 0.009916293903505931 3.264252859536689 -0.8143079159528576 -0.03942172307253826 0.011678173504320837
0.8999484149733685 0.810890689097374 1.0403099547827666 1 -3.6048233961951124 0.17118540679732175 0.0073236041531952656 0.011484127711381964 -3.3460580756100793 -0.7979161662219476 -0.009175255919506017 0.010297485956699517 0.3999726628097342 0.17643250162143342 -0.01771044408779895 0.004969074002529163 0.4134250234808432 -0.9045112963102607 -0.017235184727575136 0.0001824320459824641 3.1755445566935077 0.3626168995969741 -0.03769035543729215 0.014546432533624558 3.0947903112589845 -0.7467675677049467 -0.03085165180675459 0.01891915337896182
0.7666348770869088 0.6066292913748136 0.9433613886188725 1 -3.5938400785025513 0.20308134130853928 0.0018354302064357074 0.005417251726890466 -3.4257146056420322 -0.789819422204726 -0.010926363267408026 -0.0019363181731373944 0.2812745272390442 0.2088369454114607 -0.028611859195445365 0.00483173844988536 0.29984473307529225 -0.8992007364858938 -0.028448501182140266 0.0043202694233387285 2.9928418040357725 0.43860958395213046 -0.0320595120664584 0.00556167929758406 2.9247870166521546 -0.6873367168802945 -0.03841508958275422 0.010152083686350835
0.6742216326526844 0.46093197237813205 0.9384396213994304 1 -3.632316283756069 0.2453640706879452 -0.01054456054318366 0.015056753331345665 -3.4702559662343777 -0.8023834457472464 0.0020340100266986096 -0.000467897575308184 0.12199333934035028 0.23843447105939441 -0.018810923996159676 0.004448927065722178 0.13301014775650444 -0.8778511397958393 -0.022141610492694287 0.008036213021274267 2.855057958248593 0.4484514583313792 -0.04367950478345077 0.0005932553655796577 2.7100153410273693 -0.6692871006661862 -0.06795455750002051 0.0038357297938277825
0.5648500233155337 0.3045014274461747 0.9574532256601411 1 -3.7329930571795527 0.3244209475786388 -0.01843140322691171 0.018001601257745546 -3.4767008733817315 -0.7831111350199536 0.0034651392948827128 0.00996616125880043 -0.05967668523544134 0.2884431488649777 -0.06012283854999147 0.011865909326612828 -0.04472913909177656 -0.8366378076696747 -0.05353414684673269 0.01455462035457082 2.744796189167782 0.4161868464217786 -0.0052972752470191505 -0.007273526309080764 2.51781177365143 -0.6674681564441624 -0.014677597896529844 -0.0067566829129891955
0.45966868795625787 0.1835636804461904 1.0168550503570437 1 -3.8337012475191843 0.42089910717021173 -0.0186644574491671 0.016502022205721802 -3.4976824011687664 -0.7370017998080558 -0.011822132293571359 0.01013891896001122 -0.2176843102700925 0.3830961571132907 -0.03589362831332539 0.018832768710592147 -0.17075863715784578 -0.7479812384265832 -0.029936502293640675 0.025454669692738997 2.6268266492462615 0.39827905876239034 -0.02648539941967182 0.012512190962498185 2.3707433215579687 -0.6692039338677442 -0.03323159380573243 -0.008338936663292502
0.37133063707708003 0.08685759069026708 1.091216334561987 1 -3.882515623001396 0.5024658308290744 0.006213561024284402 0.015624990877446343 -3.5293939106086527 -0.6757755977956295 0.012111515408886291 0.018972975156878135 -0.3041777220787347 0.50988803921779 0.009609009736424392 0.01930506092928189 -0.257279287440344 -0.6329276819386472 0.0027815567726566636 0.030515020694997147 2.525721956000143 0.3992355746393126 -0.025813006889823544 -0.02850227062798872 2.252798938278418 -0.6705432642717939 -0.021760526047363074 0.0236830385874095
0.2892769395519261 0.002499511309138126 1.1677497569414923 1 -3.9167883369711625 0.5510024409444452 0.003896352486445858 0.00790885370564439 -3.539049232271175 -0.6089889130851747 0.011745866306770499 0.021225086167682955 -0.3251797817473667 0.6301969081717751 -0.01957175348265912 0.021941894211609865 -0.3298059378693923 -0.5270997901503099 -0.03199558838847009 0.019382055440488613 2.4735994355829716 0.3980526955820949 0.006633994420452052 -0.0016595846176520365 2.147923194946019 -0.6730284059513696 -0.006519256038827921 -0.007132171556739559
0.2143363338570143 0.08264299650452772 1.1618371632308826 -1 -3.981639757152104 0.5687620637777042 -0.022260329667535963 0.008618432126177581 -3.5161085355712323 -0.538177416579062 0.00615814391003526 0.0056638390120145 -0.3145777434498278 0.7282307707633704 0.033696956028086214 0.01080065403075148 -0.3623999564090008 -0.43663116970464033 0.0298859019660267 0.022032287264233088 2.460293877191874 0.3845216052120586 -0.019047353634117414 0.0028077090260466763 2.063469691188666 -0.6668804098981658 -0.034518104870596554 0.012348164750375304
0.11459793426737501 0.20902100965895026 0.7767361403899626 -1 -4.090977796572959 0.6772147610842891 -0.01890012789501849 0.028537887003907678 -3.570521098193925 -0.34002012714567476 -0.017985226537625604 0.06648691573193385 -0.29426359464846996 0.8264732976147613 0.01435244792375332 0.006791920279194249 -0.32874622821769073 -0.2992130028880534 0.01678817516822494 0.047281729200116994 2.5815613800928157 0.3930553947972186 0.04146886196037346 0.004326619340362798 2.2158296181577777 -0.5718313120200385 0.04462578873032402 0.03287035101673841
0.15514869479556775 0.2836114378227191 0.3374208545506719 -1 -4.320227055502809 0.8019402427511331 -0.048339664783269384 0.009456883232192218 -3.693557672160672 -0.01817506229242638 -0.019130440774230838 0.07839399666587467 -0.1651286077395282 0.910622760259215 0.025077930157127327 0.01499972383981962 -0.22773650942375046 -0.10596976123691437 0.015833863214197177 0.04296006070896209 3.04157424961039 0.3137732897977197 0.09286864388908048 -0.054414057772198175 2.5873332025858105 -0.4910565091795619 0.08298715037742735 0.02609332008837067
0.7183533 1.9354596 0.2695109 1.0179214 0.38034654 13.514214 0.1593613 0.39665753 0.0066034794 0.44010186 2.852584 0.5560776 1.5251648 0.38087583 1.1108756 0.83822393
0.8440056 1.0233617 0.3067567 0.8881483 0.12906814 13.507478 0.37431067 0.49250084 0.5026493 0.43694448 2.8218646 0.5646297 1.6876576 0.42236876 1.0407957 1.2588935
0.5945616 -0.36783075 0.49441275 0.8738942 -0.14862776 13.842735 0.6297509 2.5325718 0.71219087 0.51686096 2.7938895 0.56243 1.4861393 0.41113925 1.132071 0.7095399
0.4787922 -0.64864445 0.62625706 0.8946233 -0.27267885 13.840577 0.8099727 3.636929 0.9281926 0.5646832 2.7173045 0.566465 1.3990078 0.41696858 1.1869434 0.5605626
0.6236067 0.94678354 0.3532429 0.9694178 0.29056358 13.65689 0.3568797 0.85647625 0.45877004 0.41730165 2.859622 0.553704 1.6337626 0.38724446 1.1015476 0.96917725
-0.20638657 0.19066477 0.216618 1.107398 1.0478001 14.185654 0.38709098 -0.15377504 0.10345888 0.358891 3.6630726 0.44615185 1.2626114 0.33730412 1.1492479 2.9749851
-0.55977345 -0.026941776 0.18775809 1.2241365 1.4365282 14.349165 0.5293601 -0.31598026 -0.011246681 0.36588097 3.948873 0.41435063 1.2049643 0.33150363 1.2120429 3.7369971
-1.065198 -0.37776756 0.018652141 0.9958546 1.4056756 14.826649 -0.112772465 -0.9113557 -0.35046554 0.24512315 4.7021036 0.30460083 0.52207065 0.254977 1.001102 5.7314157
-1.0169039 -0.14842606 -0.111875415 0.78137326 0.9038365 15.065297 -0.74058795 -0.84022564 -0.5468776 0.24082589 5.425831 0.27049863 -0.07279372 0.27562523 0.7952962 7.505512
-0.92048645 -0.9888878 0.12006542 0.29081845 1.4571817 14.176175 0.44602078 -1.9435978 0.059962273 0.3623984 5.7518234 0.24903214 0.75386083 0.44589257 0.45064616 10.851486
-1.1117706 1.925695 0.60214245 0.69692945 2.3463283 13.483175 9.531887 1.0938109 0.3095541 1.063611 6.130871 0.52855766 -2.7460654 1.0851415 0.7531382 13.552563
-0.54214 2.8047957 1.6157203 0.936954 2.558627 12.557453 10.718598 0.6589008 -0.335351 1.3360016 6.393818 0.6139517 -3.3150592 1.3048996 0.9025563 14.24548
-0.71337986 0.8412795 -1.3242466 0.6815703 1.0778401 12.669832 8.573011 0.34080753 0.6356213 1.1553869 6.4651685 0.6007173 -2.734434 1.2140517 0.74608266 14.741224
5
5
5
5
5
5
5
5
5
5
15
15
15
