15
1.7719919061180742 1.6929284268117024 1.663069451345914 -1 -3.19 -0.47 0.0 0.0 -3.58 -1.3900000000000001 0.0 0.0 0.4900000000000002 -2.05 0.0 0.0 0.09999999999999964 -2.9699999999999998 0.0 0.0 3.25 -3.23 0.0 0.0 2.8499999999999996 -4.15 0.0 0.0
1.7560211351881196 1.5717333339280686 1.6086196621978106 -1 -3.121489710667807 -0.5013347244821857 0.03323252300236016 -0.01848289462747612 -3.61451862870223 -1.4013195984449922 -0.010061641533195647 -0.011128433482014494 0.49151828880525983 -2.0497693279888454 -0.001772200179588883 -0.004708457925121206 0.09989070619020701 -2.9700550832787975 0.001990267531295221 0.0048512675872859085 3.2070893329053396 -3.198847892223066 -0.02589283456695002 0.009268414379615569 2.821564130434661 -4.1570736959542405 -0.0112475070626852 0.0034936235375335432
1.4386681380186728 1.2906211757756536 1.6538622145701514 -1 -3.041384399978499 -0.6226826621237131 -0.0017328501360858273 -0.028749540196814402 -3.6860639124996384 -1.452569962186812 -0.00823793289492879 -0.008263166270090851 0.4809993255393792 -2.029967917282675 -0.006914434603170988 0.0035897990163437105 0.08063557188230064 -2.9770198229825917 -0.006285059554874048 0.0014116469132431243 3.0369320679841785 -3.1265759818705265 -0.04044949881907842 0.004207981540115601 2.7093155499597605 -4.171863868302481 -0.029424053083402485 0.001415055455853076
1.0698210728062403 1.0224995238889847 1.4947812601795238 -1 -3.107218263893632 -0.6932022020112689 -0.0175507876810796 -0.006445232511492094 -3.7114413829829926 -1.497085693894075 0.0036524481139347366 -0.0050665301965326735 0.4284835792056345 -1.9870746003208462 -0.016771459536472185 0.006616204165238733 0.01316944475454207 -2.984721425607866 -0.01827805323241849 0.0019841987027698262 2.856462558959972 -3.1236424414656803 -0.0354567699192267 -0.005830071160707544 2.5181449803754257 -4.187160464377419 -0.0400830261871194 0.0009767212804859468
0.8885381540649679 0.9037600949817328 1.3513616274115836 -1 -3.1878946721505605 -0.6665811883309203 -0.010490696149485515 0.00615103254803772 -3.707381251573648 -1.529770709137833 0.0007856591319098582 -0.0059963347991326115 0.3173743893799399 -1.948674776828271 -0.028785958493431178 0.006875197721841536 -0.10793951992415618 -2.970497873849382 -0.028454344517020294 0.006138026369408481 2.6751631448444506 -3.1166558648185334 -0.04011906656625174 0.004184072190262535 2.3215040316217515 -4.1905055747121835 -0.031675123926166865 0.006215628926356517
0.7439961807702031 0.8227020987994886 1.283136240690994 -1 -3.2270039454424464 -0.639294309736445 0.0020028876671752027 -0.0002278675136170305 -3.7561872276017 -1.5572760412331674 -0.015854817255974825 -0.010316375846269231 0.14970260940148528 -1.9047578321153993 -0.0548720011158512 0.01884024939649458 -0.27106560189110596 -2.937562700794426 -0.05684913031803703 0.01283559574391868 2.4683743409792784 -3.054569371900284 -0.012029386858138771 0.010601248290562157 2.1915324932064086 -4.153023548364999 0.0032639195467995315 0.005690474513409065
0.5727170642049471 0.712966573672177 1.2337779028375424 -1 -3.235750726298352 -0.6569437537037223 -0.017745390921832412 0.0015963073045193225 -3.879705725506067 -1.5912629954323183 -0.038184723317650965 0.0029745085967289777 -0.02564914365823512 -1.8783998616032878 -0.024891991833791274 -0.003653981912575788 -0.45633981507669663 -2.9171192749946546 -0.02972462509864058 -0.002752011525507303 2.2836906114269118 -2.9838687440675726 -0.025343934628379895 -0.0027503487582648638 2.093287080808123 -4.077574282860223 -0.007780916723808156 0.030797427908012744
0.4498776685946224 0.6222005261740132 1.2213645332022032 -1 -3.2686439312542737 -0.6912952587776414 -0.0057797309708333645 -0.022508680094367177 -4.008766044817254 -1.6428988117151726 -0.006490121463601133 -0.008229620082058985 -0.17268864628673342 -1.9129842736524951 -0.048345800879888004 -0.004155161076200938 -0.6402574689811096 -2.944054042107341 -0.05511559942648669 -0.00032674372783837204 2.149479129919035 -2.932971946738588 -0.0006447076838539921 0.009455321661004584 1.9842127135485477 -4.018424627920702 -0.004006292980583335 0.0013344982845943897
0.3520867664269491 0.5497772597455828 1.2226994315072244 -1 -3.3249441761582963 -0.7307552997650619 -0.022520238418828296 0.0013300465653067715 -4.083756666131767 -1.7022672981680618 -0.02071012715847854 -0.0033936900438260296 -0.2990331934888264 -1.98521607936746 -0.04057463816603951 -0.007497911652100942 -0.7715366889790567 -3.0262714475805605 -0.035307152689262544 -0.012651292294659713 2.042599495470607 -2.8925760148663975 0.0001855367117844925 0.0014744986449923732 1.8924095018130407 -3.985076468375411 0.004967596420534209 0.009535907382469413
0.25559971309080437 0.4703035486961032 1.2367748581396556 -1 -3.361127920567372 -0.7883208669338111 -0.020831042086764416 -0.0005026832454653636 -4.13536728085006 -1.7371348933587942 -0.021313271304621427 0.00440345899372031 -0.4054322238863337 -2.0552283198846544 -0.02893670692157352 -0.018181631843870043 -0.8294530204727661 -3.128722462689911 -0.010510371339525783 -0.008352646282965708 1.9381669752571336 -2.8473625370310334 -0.04795523956995969 0.009232288197642623 1.8439061001696615 -3.9612829791417834 -0.028426075386930136 0.0067694910385830715
0.15788383655608237 0.38849407142643894 1.2635868844265925 -1 -3.364595060362597 -0.8689879331697419 -0.011341171377762714 -0.004375481616480926 -4.201376408350637 -1.7296354015816702 -0.02340088330762504 0.013650867292705265 -0.46700299744923157 -2.1249609149770836 -0.01911011982208527 -0.01773129700042969 -0.854332038297438 -3.2230178741202535 -0.012424630254642442 -0.010115570959837568 1.8680776091421043 -2.8161740669955044 -0.04178947557563062 0.0023224333516662344 1.8523802213759435 -3.9443704618215474 -0.023485428197210435 0.0032874581165605416
0.06720714903208157 0.31867842078454833 1.2705068273514568 -1 -3.3622205022345106 -0.948724706763437 0.004393459840584397 -0.02136398717208251 -4.267415133355204 -1.7087533247730287 -0.006804023633112306 -0.003368217744831173 -0.49234528354562546 -2.2290659697168973 0.005414023250356746 -0.02964581515319136 -0.8711744799378334 -3.3185365709058536 0.00913798925615636 -0.023309783648169033 1.8405917127947147 -2.81797662375223 -0.0034690364166741136 0.005786209649669659 1.8816173973502472 -3.9448724523891388 0.006068143653963784 -0.014688083282808467
0.03028983187259258 0.25014301167149805 1.2528066938297546 1 -3.3858041065837883 -1.0077854866700433 -0.007681165295104638 -0.020350143604537456 -4.310392344872854 -1.7098810248087182 0.005239524486457122 -6.304463684474269e-05 -0.5387281748965087 -2.3578428795980546 0.008444771960889077 -0.03070615146503173 -0.885947932891888 -3.435563075363172 0.017400083348962654 -0.03466645014415863 1.8398737683160817 -2.8436230944651637 -0.016514377061327017 -0.010004570467075192 1.934716016738232 -3.9540401713214877 -0.000795366695720591 0.001259609299063008
0.12536356879197577 0.17899791303170737 0.7128044624813944 -1 -3.417391571471546 -1.0450954383942552 -0.007114438011757311 0.003882964345739314 -4.346951680326583 -1.720918707374618 -0.019432356052406737 -0.0012735115511612917 -0.818353929762746 -2.3627284863468456 -0.05407482917016651 -0.014204323004601562 -1.025450470415659 -3.62234638641517 -0.02179413898192053 -0.03015961187057663 1.960828342532177 -3.0447860216389775 0.04093378363581866 -0.04228134728775703 2.0641264494997396 -4.004399509047207 0.044557350624300454 -0.024476542811847236
0.09110544025467238 0.3263391796082261 0.26979756054463305 -1 -3.4663722420755674 -1.054153909500996 -0.009711304255247629 -0.01293029099299563 -4.439329278986283 -1.740800185961422 -0.016327778162892093 -0.016862903339717728 -1.0710221378149445 -2.4921771966921673 -0.02030549728724888 -0.038400229086086424 -1.1975640193026336 -3.707720960847442 -0.011382238930713892 -0.00911779259071733 2.1827678586194352 -3.2186694923960464 0.04154920760430397 -0.04079776865466178 2.336069224793384 -4.007088580111587 0.04790173365319715 0.04486086648217449
2.576048 2.3828878 2.2461352 1.2071577 2.6712897 13.035145 5.4158764 3.2708805 1.9636078 1.2353215 2.967815 1.568687 2.1839323 1.2609166 1.1076202 6.197283
1.9495037 2.1875062 2.0187542 1.2734329 2.7945476 13.459869 5.008028 2.125444 1.9238851 1.2317439 3.5001168 1.8145269 1.9403789 1.211286 1.0865498 6.6424937
1.7738185 2.111023 1.9461762 1.3159347 2.850948 13.587585 4.919724 1.8939967 1.8474813 1.2307996 3.6744976 1.9147983 1.8132932 1.1972742 1.0926616 6.7768974
2.0751088 2.4353535 2.030617 1.3588231 3.0956511 13.385153 5.513287 2.0035954 1.7880689 1.2481989 3.5644197 2.2488272 1.7331406 1.2269645 1.1315594 6.869335
2.6803684 3.1034193 1.9751306 1.3784189 3.9270453 13.116593 6.905273 1.9005163 1.9547448 1.305853 4.071969 2.915094 1.594518 1.334132 1.1463097 7.630654
3.0160189 2.616346 1.8630561 1.2544707 3.968295 12.789061 7.2881513 2.004214 2.4210286 1.3446468 4.554578 2.8509383 1.8733699 1.4475671 1.0646182 8.19897
2.4142864 1.7972836 1.6360557 1.2320777 4.0554943 13.97114 7.920851 1.8957882 3.4510696 1.3636385 5.341941 2.6096313 1.8515217 1.5326078 1.0831783 8.785017
2.4233885 1.9731433 1.6218616 1.2075388 3.6462097 13.686923 8.264158 2.3951452 3.921435 1.371147 6.19416 2.5032368 2.1690617 1.571917 1.0732051 9.062842
1.7237532 1.1208887 1.5412412 1.0833108 3.9171815 14.065169 8.706862 2.095724 4.285234 1.3223689 8.548927 2.2712193 2.134038 1.5125058 1.0605346 9.142701
1.7467961 1.6986859 1.4600999 1.1725188 3.7290633 14.331704 8.871803 2.4843905 4.6450806 1.340377 8.339958 2.2924633 2.2203214 1.54881 1.1021945 9.264988
2.0359063 1.3411775 1.3934234 1.0820749 3.779251 13.910863 8.343911 2.3001711 4.41294 1.3120977 8.528968 2.3303154 2.2842388 1.5290705 1.0249099 9.1285
3.917811 0.1348257 1.428535 0.87529147 2.9616427 11.759879 7.420896 1.0356818 3.8794093 1.2850331 8.440799 2.755619 2.6603088 1.5184863 0.97203207 8.423874
3.0560503 -1.0551434 1.7866964 0.8422065 1.6658397 11.629215 6.448465 -0.5510802 3.1860409 1.1050572 8.248463 3.3994572 1.6650298 1.38402 0.9222064 9.224911
4.051749 -0.9948945 1.0145038 0.8472599 3.0381372 11.140762 7.9466577 0.13752747 4.3375416 1.2711273 11.329673 3.3259175 2.6508236 1.5334715 0.9833021 9.002235
3.4170413 -1.4479089 0.2889917 0.6063261 2.3249624 10.3575945 5.49892 -1.2724628 3.533759 1.1641675 13.685045 2.8926744 2.1820588 1.384041 0.7121744 10.043372
5
5
5
5
5
5
5
5
5
5
5
5
9
9
9
