10
1.5521042761095742 1.540805321938019 0.77 1 -3.4699999999999998 -0.030000000000000027 0.0 0.0 -3.5 -1.03 0.0 0.0 0.5199999999999996 -0.13 0.0 0.0 0.5 -1.13 0.0 0.0 3.5199999999999996 -0.20999999999999996 0.0 0.0 3.5 -1.21 0.0 0.0
1.4261103826615444 1.4204597319091263 0.753992313635784 1 -3.4968781779425218 -0.0049646681823832806 -0.004508643563635454 0.014496721835194333 -3.4245103742661978 -1.0299654151411128 0.037787759849549456 0.002887092580420263 0.5228819620187073 -0.1300150031475964 0.0007630139397143486 -0.00535254300632854 0.49752546976937406 -1.1300117375935486 -0.0006478579541768662 0.005324967183483995 3.4972177214558435 -0.19169101205633465 -0.011640110009781358 0.0015276680043918248 3.4482527658924917 -1.2200529403349514 -0.027458955929852237 0.002445277037280296
1.1378196849762514 0.9938239899787483 0.8165131770525059 1 -3.539826287139966 0.07173523003968718 -0.003909409859543448 0.010887941970736451 -3.3023442455325425 -0.9530966992462739 0.010056096011496663 0.026750742748533694 0.5118457509038672 -0.11538336562556384 -0.0059093213426470205 0.00128821732333817 0.47614932413066935 -1.142852361077 -0.00782804766402106 -0.00014373349702664039 3.4020892650378007 -0.13178852022176624 -0.027369709930835998 0.010874438049107612 3.2628923225550537 -1.2149176592528734 -0.03883505914702394 0.012928065408018082
0.8483170577286113 0.578823194323373 0.5720497015313465 1 -3.543729731078698 0.12236352915345705 0.005388871536326384 0.003041842386906149 -3.3335790128436424 -0.8621761870295725 -0.013281254188179964 0.01296931484615205 0.45276964767365246 -0.07966625962889873 -0.017793287465833404 0.00578984013155984 0.41251876015125255 -1.15950829622545 -0.017055483675082677 0.0011776296814669397 3.234517644828081 -0.039019159141874815 -0.03709163398817253 0.0157148054689722 3.097324603329735 -1.1431988831398736 -0.029744628669105603 0.019920416849266688
0.6964911979603419 0.3453640242803614 0.4932471383135216 1 -3.5272435010864767 0.1501994902948942 0.0029119565244719223 0.0052284757269668095 -3.4168461802017775 -0.8528925814774688 -0.011691281230057318 -0.0012160019851704586 0.33441596864333434 -0.04150446629596527 -0.0285140377219274 0.006216392081113888 0.2986632726147054 -1.1479377268244326 -0.028563834558744255 0.005897069166729654 3.0556417100171966 0.04585062253122674 -0.03167649575899777 0.0077434316319935186 2.930486799248496 -1.0743490953727268 -0.038039680942727305 0.01287511232823283
0.5873996572105331 0.1952154801725127 0.5535098335604774 1 -3.5612390678401398 0.195961376817803 -0.009092465690343284 0.012770986608613751 -3.4618569778399646 -0.8606005267075212 0.0026934860691705635 0.0023466811049024272 0.1747511687583394 -0.0029227336141331994 -0.05424962573101064 0.014951486215697182 0.1291432497343541 -1.118560295261077 -0.05612337481014093 0.0022873220823958415 2.922737459888217 0.06570259829576108 -0.0008100447716152086 -0.003047683818979857 2.718681985281246 -1.043896853185128 -0.018051950551177896 -0.006148182886788386
0.4565826854115554 0.04620201883505782 0.6646029378103788 1 -3.6571746586653404 0.2794342317513039 -0.008478273275150616 0.016263763933952496 -3.4618265426618575 -0.8401492827470655 0.01488655590466349 0.014628102085697382 0.0021804337484079284 0.05564732438027309 -0.018654676560403788 0.015622601147617154 -0.04261689050411288 -1.0691578535123696 -0.015643382939045318 0.012448494071865344 2.7996485181454753 0.04106494466189248 -0.04993649409733396 -0.00448376328719189 2.5139356712618417 -1.0324650571100509 -0.060411495306901014 0.014378266144481894
0.34336987749373327 0.06255213987240321 0.7980582261382736 1 -3.7518551877162674 0.3791294932708673 -0.024796896352060845 0.018489522754487703 -3.4800151739669536 -0.795463492314779 -0.020521281765155375 0.005696896186324248 -0.1517861743219635 0.1562517928411984 -0.03800513866065301 0.021678679872801913 -0.16385673070486995 -0.9788729920512417 -0.030856119989879558 0.024599569521515 2.6706072384900725 0.03355164403660216 -0.04108613247835478 0.010656156087570971 2.366589824909994 -1.0256142052910242 -0.04595668599981176 0.0044450705201684315
0.24910952184090407 0.14993332130028628 0.8507166379848043 -1 -3.79450499636817 0.4627040459993057 -0.020892989415472914 0.008376724887009343 -3.5130377153690873 -0.7359399592438778 -0.025937245300177113 0.00827566071978825 -0.23923424184780373 0.28387104536978724 -0.012845239063589782 0.01429910112521061 -0.24738101480810393 -0.8627989326850205 -0.018313294437918064 0.03392163975927665 2.569004283757632 0.040042280443441935 -0.034749343801472106 0.004372103519254729 2.2508993762005716 -1.0192139519317605 -0.04439838502755452 0.010295797690218768
0.15947848264776485 0.24527537785499964 0.5266350366572258 1 -3.832626325777042 0.6450869760975837 -0.01879545415440782 0.05941168115135895 -3.571517040334565 -0.5161044577570553 -0.0002702400253904655 0.06094705589469189 -0.23232389787703944 0.3920269265807106 0.010851748094394244 -0.0005613763357091815 -0.2815489230349639 -0.745555676596674 0.010340356290671229 0.04057600553874241 2.6345617631700513 0.08521725345817743 0.06901038907893589 0.0057334258476502455 2.348418423796052 -0.8915747224430446 0.07527082467157861 0.026465118868503678
0.5075345 0.88397026 0.7187177 1.250602 1.0007935 13.969002 2.1791 2.030951 1.2490063 0.76468897 2.5473623 0.7248492 1.5306358 0.6706537 1.2032872 2.7952137
0.02526331 0.54662085 0.4430804 1.3112234 1.2058334 14.071042 2.68376 0.7457447 1.4569721 0.78936386 3.4003131 1.3258789 1.4745957 0.7137133 1.1720351 3.7691855
-0.05808401 0.2931671 0.41770816 1.3102556 1.1511188 14.138464 2.7642632 1.1741776 1.4400127 0.7774466 3.626856 1.3277221 1.3551075 0.7164655 1.1685562 3.8768716
-0.22801542 -0.03698063 0.32331717 1.3194785 1.1351266 14.227546 2.9625783 1.5887351 1.4609582 0.7689403 4.057214 1.3911023 1.2210826 0.72456765 1.1622908 4.066728
-0.4655609 0.38643312 0.28272876 1.2158753 1.1936541 14.351309 2.4525537 0.4224186 1.407788 0.7225567 4.327693 1.3343582 1.2359531 0.67335415 1.093204 4.2151594
-1.0965343 -0.26759863 0.02657181 1.2468272 1.1210155 14.266593 2.1288261 -0.24659276 1.1216573 0.7263273 5.1236916 1.6515734 0.97086376 0.70335317 1.0446348 5.3866987
-2.0917258 -1.3554478 -0.26235485 0.7388679 0.4448619 13.587817 -1.8143287 -1.546077 -0.5617798 0.5313113 7.683283 0.78414774 0.17172903 0.6317309 0.64002776 8.364921
-1.9207149 -1.5125861 -0.29005086 0.65493107 0.5183606 13.381489 -1.4779379 -1.7937486 -0.44878608 0.50515926 8.551126 0.9900766 0.022424638 0.67126346 0.56045175 9.262577
2.518898 -0.499568 0.18942285 0.33445263 2.0021458 11.268325 0.63326085 -0.59190106 1.3992245 0.79777586 9.267041 -0.03394395 2.207145 0.97051305 0.4683361 7.7902126
-0.5537667 -0.20720148 3.610035 0.53926635 2.6852996 13.700832 4.5009384 0.5399473 -0.14804941 0.60191894 9.303463 0.60180664 -1.3281223 0.8361037 0.64750886 12.574529
5
5
5
5
5
5
5
5
10
10
