20
1.809226669763748 1.7396504972476232 2.2677080940897127 -1 -3.15 -0.5700000000000001 0.0 0.0 -3.61 -1.46 0.0 0.0 0.41000000000000014 -2.3899999999999997 0.0 0.0 -0.04999999999999982 -3.28 0.0 0.0 3.0700000000000003 -3.76 0.0 0.0 2.62 -4.65 0.0 0.0
1.8094122053049813 1.6123755323363314 2.2294425101998416 -1 -3.08389611401818 -0.6002487818897478 0.022409080122030946 -0.020529394402011805 -3.642165008033147 -1.464190019730417 -0.012408950656183734 0.002583909361768869 0.40729017853534977 -2.39388168675352 -0.00314948058686549 -0.005649106273594627 -0.05122791006047667 -3.2836306617080195 0.001925200269512749 0.0034999108741853597 3.033217812077215 -3.728459556429874 -0.02373941401263365 0.010026292771530389 2.5875375095136297 -4.653163112082584 -0.01219359198762954 0.0049113949013192375
1.5354355557752886 1.336080782225299 2.2535308083296837 -1 -3.01198438398393 -0.7224538022002979 0.0006572838565919916 -0.027663795009016307 -3.7105537096973586 -1.5089423716986927 -0.008462503426406379 -0.016075157995768717 0.3948690985911183 -2.3767950277205636 -0.006657942464184491 0.003742470199880577 -0.07301236328446414 -3.2937662600674047 -0.006208590587494289 0.001461375307107965 2.8734374282127657 -3.647629961044272 -0.03995429062546166 0.007204656632068904 2.470428647701052 -4.657615348795776 -0.02933562282682957 0.0036611581668208153
1.2053925179642466 1.0827066898198912 2.1273668149151503 -1 -3.08515997819186 -0.793755955073696 -0.01284750595132939 -0.0054036370872563005 -3.7405236266918744 -1.5555464100487866 0.001565196505966834 -0.01364264229367338 0.3465669536224629 -2.329406122197586 -0.015763431280659043 0.008172553191402719 -0.13989063624054143 -3.296564546179941 -0.017421728462338158 0.0034024723437984152 2.690466220686119 -3.6274949853349714 -0.03640747474267791 -0.002145153023362297 2.280873678849547 -4.65881013822802 -0.03904589003740674 0.0038737939859722365
1.0570901784976918 0.9747571797751107 1.9774681845376565 -1 -3.1623598537831006 -0.7672496541748173 -0.014114198467831284 0.006553962587086364 -3.7443169596300603 -1.5889732543476744 -0.001409253205042555 -0.0004440512361181389 0.23888147814529592 -2.281247683715125 -0.028116010513334382 0.009020725598920941 -0.257113506501188 -3.273374145689506 -0.02739295220661349 0.007842641834394252 2.508754172568098 -3.603789241190055 -0.039324256127472534 0.007309504237175711 2.0869735800126836 -4.646540906552733 -0.03114865723096827 0.008697181216804541
0.9398492442825289 0.904238258952365 1.888947444534579 -1 -3.1971244196839708 -0.7364243787594269 0.005378866772383651 -0.012473668965845293 -3.7973333494949686 -1.612240445102758 -0.003659213238639358 -0.005633348794068819 0.07640674188851548 -2.2278981825967685 -0.017971220657692844 -0.003031815217697401 -0.4146341852051405 -3.2317518145127955 -0.01171767040587162 0.002357404319551784 2.308991029733485 -3.529641009445254 -0.0653472161282775 0.025980720892156778 1.9569162179705994 -4.599014913156099 -0.043005177280489956 0.0185894150264884
0.7892340882682286 0.8098462584504255 1.8096079783845525 -1 -3.209099246417992 -0.7518111704270497 0.005703671574332665 -0.019437179937685903 -3.9211000613145828 -1.6393723247912015 -0.015582928454860954 -0.010512527946968374 -0.0985595947404958 -2.1923873790212602 -0.01866561143387849 -0.008005061443620363 -0.6004482286566208 -3.1993523590824386 -0.020821925340792087 -0.0035443554029834946 2.1312596629559097 -3.4497199094256 -0.04550570148603518 0.014826703369656951 1.8635750324768123 -4.520827511818856 -0.02829173680490095 0.02309099503929086
0.6653971672673211 0.7143771911362841 1.7623704580109685 -1 -3.24654845312815 -0.7845621419869738 -0.005811294355574205 -0.022818507285190453 -4.053049986503142 -1.6804837215736055 -0.0071853937429326616 -0.008825736297636883 -0.24836999699683293 -2.216840609472418 -0.044792635698531987 -0.0037454947571958592 -0.7841822403530263 -3.21567234590096 -0.04950873904017127 0.0012441191939239421 2.0014887674958945 -3.380577593341707 -0.015325494349256449 0.021406858039478314 1.7681380380434426 -4.454704034461558 -0.02076073374600035 -0.00403084053537227
0.5682146980714564 0.6414268742405023 1.7325874320809616 -1 -3.304300993630092 -0.8210022293920484 -0.014009109365461302 -0.0017636442678541399 -4.136041156052393 -1.732241233252934 -0.018525627671909444 -0.008181285216717406 -0.38079566218899163 -2.2795612976427266 -0.037389871056528697 -0.004439153941327722 -0.9193926254927836 -3.289588063421014 -0.03418499893839731 -0.013790107727108293 1.8910341473547883 -3.3282899548875666 -0.017487026629443663 0.0011109347508070754 1.6760753920114748 -4.409613251506926 -0.007324347473488443 0.016715745502971172
0.48103208664163466 0.5765326729743839 1.7121584177789155 -1 -3.3458668869844677 -0.8775729014012077 -0.01731702192015152 -0.0010067501550589508 -4.188610683398353 -1.7647601221714937 -0.020889564669286348 0.005467155792151211 -0.48916946710338305 -2.3410302377884618 -0.018086861585551846 -0.030138350289921213 -0.9851523344949835 -3.3924752407594196 0.006387727502225611 -0.007994703351309505 1.7933672914075354 -3.2820266820685493 -0.0003724839064785934 0.005765084591743843 1.622506584403535 -4.386245059977782 0.008637542182148204 0.0009686344775990466
0.3986427802305093 0.5108945164352472 1.6928205526750006 -1 -3.3539619469674338 -0.9568888656646131 0.007686082799762607 -0.027161731894961315 -4.24952533616666 -1.754397206322305 -0.005297736400965935 -0.001103695672014562 -0.5574044835659482 -2.4113314614107524 0.0036644001488855896 -0.024541801363701696 -1.0197196141497051 -3.484678986877933 0.00806453166392623 -0.02101666936360763 1.7179350028134701 -3.2552192719061495 -0.021875534379356798 -0.000613483247627659 1.6161361301435697 -4.372358472483445 -0.005626373628055119 0.006767755071037605
0.308945522000263 0.44701732704342234 1.6571291873425873 -1 -3.359681130287087 -1.0298717750241548 0.0003019224440087838 -0.022164655047184737 -4.316561381032577 -1.7295750505706264 -0.005315960863622171 0.00012095679113012948 -0.603339450473138 -2.5102164233856556 -0.03126912151648472 -0.015434708792025518 -1.0582218821481906 -3.573060831456264 -0.027616724591781164 -0.009061013950355964 1.6938835329082025 -3.2596239600736583 0.02593691477961499 -0.003976494620935391 1.65308533871971 -4.374214349556027 0.03357134971478997 -0.0019687390714017003
0.2119006335823167 0.3829686707465493 1.6074529862715987 -1 -3.387318808907282 -1.0876375627875654 -0.017649862625226585 0.006075133333642176 -4.366481222888848 -1.7245625019536983 -0.016157783671360327 0.010958284333825475 -0.6622144332079061 -2.636956518008316 -0.021444441084915382 -0.025670406155307954 -1.0841504577845806 -3.6882862021182703 -0.009719452203097462 -0.021913178809290668 1.6971177771563202 -3.281842556988751 0.012666335324304157 -0.00988898034289312 1.7202087871165022 -4.38400635023406 0.025526685010173255 0.00613433314971212
0.12336003160503607 0.3148314365307754 1.5745276863199997 -1 -3.4238960238265292 -1.137078448324219 -0.00935480859308407 -0.02404771748238293 -4.401460212558986 -1.7299611031417284 0.00977609717689213 0.00021820927281350402 -0.7323820295600014 -2.7778281434458174 0.002279046623343545 -0.03423208523520644 -1.0919151053172707 -3.826962137487129 0.014104331732517666 -0.03277612029923472 1.692212182576152 -3.301758018114231 -0.024869324265710126 -0.006719191160363833 1.7966486252245657 -4.38829372817085 -0.0032745395715535267 0.0010103375421137255
0.03640227928563405 0.24705355346174987 1.5662304659170552 -1 -3.4453929739558036 -1.1883801726729546 -0.0008886029366330687 -0.015710309175841423 -4.428323221990224 -1.725050519096643 -0.00032282857575513003 -0.00022424870805134393 -0.7871221900195984 -2.9140814221283344 -0.025871193017220635 -0.022238944922060577 -1.1038778724821752 -3.9614598209896412 -0.019212679367307337 -0.018470635624961037 1.6876724313452725 -3.305606488233363 0.015330141548751529 -0.003256330079346617 1.8684224425101563 -4.376296010330439 0.022945078898526552 0.014663709167126523
0.038845305031097205 0.18228440252679715 1.481335241835224 1 -3.448860590147392 -1.2329191331719147 0.0029535939105877363 -0.01863030047055353 -4.441211849062099 -1.7104414645507735 0.0061372908016859755 -0.0032139493584332963 -0.8137563992477093 -3.038199081594143 0.003777091543312648 -0.01962450681571072 -1.126226808449756 -4.075757096366134 -0.0018723589868677466 -0.028850924158881276 1.6677555592863058 -3.300310822892544 -0.0017353580545302616 0.007190085732933917 1.8968580562489201 -4.357225642206618 0.0066547807868642325 -0.00016338628892650746
0.10750992692210941 0.12764136529893141 1.4147997233290481 1 -3.442855933873655 -1.2548612829324501 -0.005340312537545829 -0.00917270365891971 -4.432581853882772 -1.7027632122646905 0.017179531305474328 0.004150211967536974 -0.8398016392048588 -3.1372636402734067 -0.019889291711062906 -0.014041655185926817 -1.1577874352388107 -4.169028144519285 -0.01717160040900071 -0.0118649215802413 1.629808903998649 -3.2940958751929506 0.007304588231947243 0.008419636825724327 1.8925040880544781 -4.338548413323551 0.01287296699065964 0.0024756907587525122
0.1891091911497729 0.05465229181116728 1.1102997048285501 -1 -3.57215859068717 -1.2572817211987373 -0.024795793171583723 -0.008495270351553558 -4.488680391396811 -1.8005066335740247 -0.03101882160153504 -0.03248717622829979 -0.9102683756959267 -3.3141388302785058 -0.0035949784990931995 -0.05945143285773961 -1.196216157066019 -4.316983608171176 0.004528516824152047 -0.0369241020925345 1.7306409436826709 -3.4363550040612916 0.04872769584106368 -0.031217894276387388 1.9543297610147583 -4.39314378347649 0.049823443792177624 -0.021127155292665078
0.17939971300783963 0.15718374691798076 0.688491818334663 -1 -3.7309251562829346 -1.4196002304259618 -0.030358240189303404 -0.03873498104237103 -4.6291876796790055 -1.771944358469046 -0.041589688312605996 0.034408934192196594 -0.9511207741954948 -3.6136637065558355 0.0029953325366378373 -0.0852599791686165 -1.2131962688597961 -4.5314396932922225 0.01828479624816838 -0.02588934474609843 2.017231079648689 -3.584805576477224 0.08187384885511646 -0.041428934288577524 2.338194297345704 -4.375899768649948 0.08325247153081873 0.055403427682344186
0.1612733584639659 0.26867739873714985 0.38869033640337763 -1 -3.916239593628117 -1.5937140854454546 -0.038574194697817234 -0.015395684270664583 -4.7965556057188135 -1.6547449892972443 -0.030027966735788246 0.0009272761301187864 -0.8821102564212344 -3.936021781978214 0.02055267020763369 -0.06764458338162493 -1.0814738397790502 -4.771240659485157 0.04383516695976658 -0.03537219565870696 2.3228960684855107 -3.5852331941532842 0.06766997764488525 0.0003111850956818603 2.7658797582421357 -4.258995569809699 0.056107405299086296 0.039651226813270074
4.0090165 2.1570773 -0.26673555 1.1978393 3.6094081 11.863785 6.938329 0.9981725 3.1375396 1.1140685 7.182129 2.813068 2.8273728 1.4620737 1.4766631 7.778915
4.1100636 5.0196934 0.01220417 1.7381835 5.0691233 11.221424 7.8683305 1.3653926 0.882009 1.0760518 7.3689146 4.3584003 1.6246464 1.3119547 1.7499926 7.2638474
4.6428857 4.4520626 0.44265318 2.1143117 5.2309136 11.648406 9.313681 2.805324 0.31107795 1.1486447 6.2128916 5.101737 0.9487332 1.4578459 2.0091834 7.3803205
5.429926 3.8011541 0.83326864 2.2282414 5.2649574 11.418218 9.867583 3.3961363 0.3777544 1.2239611 5.6762295 5.3472304 0.84594256 1.5862672 2.0887861 7.7297997
5.3265796 5.010294 1.3161777 2.1465247 6.4269533 11.346298 7.3413167 1.3763076 1.6404303 1.0786256 6.0523815 4.625574 0.26251018 1.4190493 1.9971006 7.6752577
6.1132994 4.8975496 3.3477352 2.3917599 6.8936167 9.387987 3.7025273 2.8936758 2.6121283 0.9948704 5.325822 3.8383112 -1.017517 1.2977561 2.119718 6.725361
5.468578 6.4456615 3.4622371 2.5538106 6.32536 10.307876 4.2337866 4.583779 3.443212 1.0669873 6.2794847 3.4078166 -0.9365213 1.2325217 2.1091328 7.1669436
3.6058223 8.215049 0.7403624 2.235049 5.314358 12.300795 8.175232 4.3631654 2.5633137 1.1974753 8.44748 3.7186224 0.90301293 1.2065938 1.8275225 8.372189
2.84453 6.984241 -0.29797578 1.911453 4.7247014 13.264858 9.066093 3.774884 2.8323474 1.227315 9.010332 3.3653514 1.8263733 1.2604473 1.6577245 8.944872
2.9497335 6.806823 -0.24811935 1.9020015 4.7056947 12.929011 8.750846 3.7834415 3.0045736 1.2128834 9.222473 3.3430557 1.7811332 1.2605903 1.658148 8.7706175
5.614551 2.625797 0.1451838 1.5055656 3.55967 9.965539 7.607894 0.7901341 3.4082532 1.230484 6.54167 3.9027212 2.6757808 1.6536369 1.5794817 8.259911
4.2720976 0.008416653 -0.5794518 1.0017167 3.0256796 11.587495 7.7278786 -0.041440964 4.7044606 1.1385026 9.756792 3.0770926 3.036356 1.6463118 1.3660998 9.101145
3.5757563 -0.22914314 -0.7736862 0.9144294 3.182798 11.841519 7.6539793 -0.21308208 4.7506213 1.0605681 11.787542 3.0654655 2.6531045 1.5623997 1.3225285 9.408226
3.9381971 0.17119169 -0.4079404 0.82782674 2.6703875 11.858292 7.111273 -0.08698869 4.2758737 1.0488983 9.740827 2.803264 2.6550727 1.5500706 1.2738794 9.233217
3.4141452 -0.43650007 -0.7781906 0.8365058 3.0110855 11.732973 7.2786303 -0.5239568 4.596836 1.0106404 12.34594 3.067893 2.414545 1.5276114 1.2677865 9.6671715
2.250379 -0.54185677 -0.28578734 0.64937484 1.8848557 12.217992 6.539192 -1.1340296 3.6702456 0.84449947 11.787714 3.2686849 1.2540967 1.389898 1.1113428 10.980693
2.1290605 -0.5870137 -0.5127764 0.60494304 2.203017 12.243501 6.6754737 -1.1338658 3.8182082 0.8300899 13.307376 3.2397132 1.20572 1.3664231 1.0873573 11.1500225
3.3070722 -0.5512347 -0.83024454 0.82881665 2.9967268 11.591023 6.9954157 -0.6128571 4.596005 0.9906601 12.634876 3.0405264 2.3002224 1.5101988 1.2513858 9.736335
2.954508 -0.6434617 -0.81679463 0.74707925 2.774882 11.720514 6.794264 -0.8923414 4.30674 0.9388751 13.195122 3.0989313 1.9725804 1.4621801 1.1800903 10.304507
2.0555458 -0.88333225 -0.8594825 0.5807427 2.2056773 11.925532 5.6336937 -1.5136936 3.5667326 0.8027861 14.327741 3.014882 1.2294005 1.317877 1.0074086 11.350291
5
5
5
5
5
5
5
5
5
5
5
5
5
5
5
5
10
10
10
10
