3
1.5166825425658188 0.7763893981070259 0.07810249675906704 1 -3.4 -0.10999999999999999 0.0 0.0 -3.51 -1.1 0.0 0.0 0.5800000000000001 -0.53 0.0 0.0 0.46999999999999975 -1.52 0.0 0.0 3.5600000000000005 -0.84 0.0 0.0 3.46 -1.83 0.0 0.0
1.3694811319669864 0.20435990233154908 0.1945465228475174 1 -3.4258982177518593 -0.08648156018797559 -0.0034693200724909643 0.014126227300188216 -3.435924472631913 -1.1119811470189354 0.03762465686051972 -0.0020178265715736143 0.5800062990075121 -0.5294135711334871 -0.000580615359931188 -0.00531060100403781 0.47015018498827743 -1.5225624992961486 0.0003637442055950224 0.004941291012463921 3.533426713356615 -0.8223565566314821 -0.012845533765467087 0.0015562872754166512 3.411428034190042 -1.8432480284631425 -0.026348274251319227 0.003208460083599386
1.0596039048768826 0.08909178262802614 0.3661865207363775 1 -3.461099290921977 -0.011912611342366652 -0.007387370135622131 0.004295702617781316 -3.308172000017059 -1.0485494872614518 0.007653160629138709 0.029594992021604847 0.56669307668869 -0.5132299499571367 -0.006151409887951814 0.00202092360430493 0.4500689023477289 -1.5336825641744036 -0.007684710184201827 0.0007892610690725475 3.4399365745863744 -0.7570213200290921 -0.02644785998539262 0.01338914719089817 3.2296405800075343 -1.8251007895168654 -0.03775160648834541 0.016573637112144417
2.7717342 1.2672005 3.19647 1.1031903 0.05749321 13.891456 1.9124943 -0.4037621 1.0323464 0.9364382 0.62753963 1.086597 3.1672072 0.58100474 1.5484873 3.3632174
2.7176785 0.9973297 3.2424212 0.9516512 -0.4110427 14.025247 1.5652875 0.1044333 0.93786705 0.8584995 0.961442 0.6439086 3.0731604 0.54438114 1.4785774 3.2511477
1.7127366 -0.24847698 1.4502919 0.7611449 0.32185888 13.017061 0.27932876 -2.259977 0.83988565 0.7785013 7.678521 1.3052157 2.6166763 0.61171305 0.94119406 6.379854
5
5
5
