9
1.549334041739615 1.504966248081164 0.6300793600809346 1 -3.46 -0.040000000000000036 0.0 0.0 -3.5 -1.04 0.0 0.0 0.54 -0.20999999999999996 0.0 0.0 0.5 -1.21 0.0 0.0 3.5299999999999994 -0.32999999999999996 0.0 0.0 3.49 -1.33 0.0 0.0
1.4164272967246023 1.346275901860514 0.6216597316159975 1 -3.485694059380961 -0.01660347860179745 -0.0038425770610156316 0.013744522068787925 -3.427021692399915 -1.0443639736850017 0.0372461603533608 0.0016275534177841323 0.539221623036843 -0.20851485724423213 -0.0005122368406750503 -0.004742667124961993 0.5022751635578908 -1.2097380682304806 0.0005253780479507388 0.005443230935506858 3.506973452057572 -0.3173882712770326 -0.012004861171499976 -3.5519282786250495e-06 3.4391441152660107 -1.3427820034173568 -0.026648758907987062 0.0017018016199312012
1.1241533558546877 0.8939897055900881 0.6872089227992871 1 -3.525528075908066 0.05712422773134462 -0.0035950699037464594 0.010502372417590035 -3.305205206288479 -0.9713724250094727 0.010480143583449474 0.026442342263330615 0.5243322960613872 -0.19067540524109294 -0.006233240719530469 0.0021379708389061905 0.48381923925227976 -1.2198866958800942 -0.008009997260038974 0.0005140407383700061 3.409668192999516 -0.2626331616580885 -0.027334632791069957 0.010583432193581209 3.256695159828304 -1.3395399454019334 -0.03810782716186333 0.01292471319694595
0.8319327968331861 0.4778013928655186 0.4320350219217582 1 -3.5289745718009233 0.10729141596914449 0.005230205637733224 0.0029576825402252566 -3.3339537389611626 -0.8809057880694542 -0.012803955366441553 0.012947386890042822 0.46776014484720374 -0.15103069928273816 -0.01711945867786839 0.006729420310198313 0.41676885915326434 -1.2323684403564779 -0.018186510362018633 0.0018601342704027378 3.2437868997631423 -0.16811643519717778 -0.03622953831521145 0.016423289387111822 3.091371760432481 -1.2662477972038222 -0.02966043218982494 0.020328044592116908
0.673647183554441 0.24128471729551512 0.36489125725168386 1 -3.5127768831409716 0.13453249443088544 0.0029389700931245107 0.005013318397075963 -3.416273521044584 -0.8715461900328254 -0.011787887363672981 -0.0012127341143137807 0.3529818213506415 -0.10902580180616095 -0.02834803010931982 0.00697997171606699 0.29965030391717473 -1.2171682446058183 -0.028865261719697773 0.0064742822302843485 3.0681835054649156 -0.08015889387825392 -0.031257783579213355 0.008138415048147931 2.9238684159622617 -1.1951901073933726 -0.037821604049701744 0.013297011879462594
0.5793632526507154 0.149073052697084 0.188715454564207 1 -3.5497580956977046 0.18512338576777365 -0.025685123268452313 0.02277032272553163 -3.4673600991954165 -0.8819754310009665 -0.015789684898656654 -0.007098546455789192 0.033931799740597235 0.024452134365810396 -0.09518520795989165 0.023481226283605112 -0.007929160273971725 -1.2544032588415863 -0.08638518984997053 0.004540909694408705 2.968053909379935 -0.04829575404603326 0.004036954804871212 0.0029539136714511853 2.825829642249447 -1.0351684717286362 0.00328589054441593 0.029317082047468607
0.6072563986091746 0.12004999584784022 0.12593217687184025 1 -3.67046482727474 0.31191381343605595 -0.018541240678079277 0.02868941775722966 -3.50099568886754 -0.8733942425408363 0.002331314080253364 0.01133222261690332 -0.29025261947780656 0.09279444259825587 -0.06434961106966451 0.004800413453137626 -0.27539109121638283 -1.1673855301614482 -0.052317403233402164 0.02678129406563865 3.01627383275725 -0.10477007372178793 0.011432254526030316 -0.02418630476376656 2.8136537586832713 -0.940673957071698 -0.005145373160057682 0.0074182633301229685
0.5433362472351055 0.016348043173529662 0.01711077107827088 1 -3.7882143714202905 0.4849564647326361 -6.960623348645917e-05 0.031559641156206644 -3.5528026693342527 -0.8105246525636413 0.0027973362821446038 0.029017952836139463 -0.4070882291188571 0.122681512825902 -0.013381110512122332 0.009546866634704125 -0.34845474847863667 -1.048145311866835 -0.010403862321725934 0.020820181611954237 3.037491308480795 -0.1569600565408772 -0.011405362620423465 -0.034170862775562576 2.789859329177383 -0.9864412023285315 0.005041730322368084 0.007393396481810175
0.46353718864811116 0.07314924637918076 0.10651287313668091 1 -3.8534726480481436 0.579472706703025 -0.013127735709234083 0.007645211130499551 -3.5604881306911196 -0.6783896786437925 0.004958778526876987 0.022329524696190824 -0.3426652807637316 0.20827790432177262 0.012009512408899033 0.0237109790552337 -0.3027635491945153 -0.9447068344925268 0.0021126053582938044 0.021127191919855456 2.9778333720089245 -0.16560282327419396 0.0017813469578822454 -0.012437678657122007 2.738061235286418 -1.0384483495874484 0.0012798484473378509 -0.005676916603046003
2.037819 0.1148448 2.9894798 1.5291102 0.15893269 14.891081 3.051088 6.1987066 -0.06385207 0.89729667 1.5186954 0.56374454 1.7612767 0.8178786 1.5715295 2.4304175
0.6532121 0.70800877 2.4155638 1.0920067 0.10868454 15.1074505 1.8006654 2.5609868 0.31805587 0.62445176 3.3156614 0.960382 1.3763623 0.6618422 1.2536064 3.756616
0.2480421 0.7374315 2.3249714 0.9621048 0.004612446 15.244278 1.4384052 1.8215704 0.3787263 0.54225016 3.818127 0.9941 1.2188756 0.61218905 1.163565 4.1296363
-1.1240869 0.20774841 1.2161639 0.86887443 0.54922485 15.128154 1.8282331 -0.44685197 1.0027719 0.41577446 6.748275 2.0623934 0.7520711 0.5827404 0.94678783 6.259079
-1.4914489 -0.83121586 0.09706354 0.66907907 -0.035253525 13.988394 -1.2116641 -1.80387 -0.07395691 0.30079794 10.191085 1.61743 0.37448734 0.27616453 0.7257123 8.27833
-1.4619741 -0.5989876 0.38254714 0.8207536 0.3369856 14.331982 0.22831023 -1.3690856 0.4549061 0.37127626 8.913891 1.9920093 0.5528345 0.42460656 0.82945955 7.644525
-2.0985847 -0.6382923 0.48992777 0.64214194 -0.060970783 14.518675 -0.50001955 -1.741535 0.01624024 0.21357155 9.6849785 2.0156977 -0.13054067 0.34684658 0.70733345 8.469879
1.79668 -0.9455023 -0.7954521 0.40225327 1.8930235 10.56177 1.2688535 -1.8178034 1.6420677 0.39792633 15.250059 3.1926837 -0.07004917 0.75962067 0.36837912 11.896193
1.6832306 -2.1313329 -0.05678153 0.38647377 1.6773992 10.272083 1.863409 -1.9835625 2.1118748 0.46541 14.784683 2.7408125 -0.35215455 0.8722948 0.43864763 11.888919
5
5
5
5
13
13
13
13
10
