58
1.772928929160462 1.8110451667710368 4.412131004401388 1 -3.9699999999999998 0.31000000000000005 0.0 0.0 -3.58 -0.61 0.0 0.0 -0.28000000000000025 1.8599999999999999 0.0 0.0 0.11000000000000032 0.94 0.0 0.0 2.4800000000000004 3.0300000000000002 0.0 0.0 2.87 2.1 0.0 0.0
1.6885154000465068 1.9297063798886203 4.437984546287888 1 -3.9693877538056883 0.31008299158478536 -0.0063958555801581045 0.008622153736779466 -3.5794118671239343 -0.6059308621233928 0.0019353239446337246 -0.009349549357596037 -0.27644157642238554 1.8608852460545218 -0.003110875614591266 0.012795488216537275 0.11318582882498607 0.9417526977541681 0.007249622159605335 -0.011171326654892306 2.5306603792703273 3.027809741327734 0.02099892168673371 0.016947987331758854 2.90156745723632 2.140135292393734 0.02628047273265055 0.0037968165752360217
1.782916412597175 1.9618809477761638 4.494370870998789 1 -3.968331161727909 0.3105219611475649 -0.007797799164447113 -0.005052691919680967 -3.579373630687588 -0.5991542768485537 -0.009947762865246828 -0.0007329795858822923 -0.23317925799158257 1.8635157980158454 0.009298716626954445 0.01315868733649714 0.14740382269747077 0.9709156826588716 0.01649999556738284 -0.0025606130729832963 2.766637841179806 3.0827237032347563 0.04818698365362094 0.04869128371572515 3.105129696432547 2.272435647532687 0.06824248315673899 0.0005930730207649726
1.8330022573589093 2.0199770250627096 4.508107306270783 1 -3.956786924068428 0.3117590843619036 0.017083599673710474 0.0016035346931541185 -3.5757651206387866 -0.5808476890924812 0.01233778601798403 0.014289106888691123 -0.0743429628753498 1.8942096954386929 0.03388738922118481 0.023280306908334967 0.28192819093098276 1.061608463778902 0.04085493039488017 0.007479802605788512 3.0886195755356356 3.2056451776810944 0.05183736408485812 0.05655420624649033 3.417630540878231 2.416993232097524 0.07622988234264906 -0.0025339002049295824
1.835174150609953 2.0317502095238926 4.494515497262112 1 -3.9291053525794726 0.3065136496192331 0.004228296878713742 0.003558628901433804 -3.5629353438957163 -0.5390516928766561 0.00495571596102373 0.004303191153727952 0.1799615655564839 1.97853923657676 0.04460121357155769 0.04151952830834209 0.5227390907370077 1.1822021057754126 0.06201873717708379 0.002667673079507075 3.403658427134334 3.3366351805724754 0.04882802938542094 0.05679272727326869 3.7277218427542635 2.547792994434101 0.07177558601222522 -0.00616700306345748
1.8172110763193856 2.0946329557237684 4.486943865219102 1 -3.785098503766508 0.3421167522500741 0.06380567668565285 0.009799419977787289 -3.553094279238964 -0.5167142721697661 0.005614419225549189 0.005021078310815226 0.4533307115472809 2.0813870495254725 0.06699767274857775 -0.004592315396365398 0.7829234737465054 1.3015387541610046 0.041585655435665884 0.050304125009211595 3.6326523453133 3.447901982540804 0.000556555499284626 0.010175376732724485 3.983252641226331 2.6280500288669684 0.020405031591398268 -0.008074634281342042
1.9551291316299473 2.352762170559108 4.438071942167724 1 -3.5027782020665104 0.36364900458720983 0.03128536975691138 -0.007459095101975263 -3.4877477650545847 -0.5609715247323341 0.010043561760968295 -0.011326763750196929 0.6642766181153537 2.1800762680673844 0.020854199963048433 0.04159943843297911 1.0011658499976193 1.3878742927760945 0.04714758359718203 -0.011916022664694052 3.59081302692778 3.4422513175851126 -0.011412657068856873 -0.005895272848477977 4.057106591056208 2.529728884142704 0.007762026537744969 -0.039035363442985485
2.137325101512234 2.5116151203350254 4.336112361949406 1 -3.3846820144344245 0.2907494232279546 -0.007985077991808035 0.00048601979329229196 -3.405088783772298 -0.5523188793703278 0.010112594100044591 -0.0011290745765570633 0.7246643563855413 2.2470457558755927 -0.0038609395257503 0.020906941443177438 1.113974912224771 1.3942934655744668 0.01698272593420702 -0.01831994524928358 3.4982636990835445 3.285042757583409 -0.006411119280647985 -0.02586443831251311 3.9503985404726603 2.3058018966070173 -0.015613397430883793 -0.043905465661807766
2.1305205629665167 2.4886230341912943 4.160482278411578 1 -3.399424752202213 0.2793982769078278 -0.02340256679416003 0.012657106948453456 -3.345677023473971 -0.5010364545787864 0.004891245531402697 -0.006545662229089062 0.6392181010399538 2.23228068096139 -0.039087361393848344 -0.021488169939057396 1.0584177604793314 1.3162822422406122 -0.04120415876330635 -0.023421795904115597 3.3421032592882236 3.1030020397760962 -0.05232775425064499 -0.04524024678721986 3.7660778222067357 2.0952376031092497 -0.05107902002088219 -0.031169329780293253
2.1187212341661046 2.4722110418825314 4.091096919937224 1 -3.49123011882679 0.28016664961955695 -0.03032764528708251 0.007187020463740649 -3.3571209389221064 -0.5000435676220114 -0.010324691842428107 -0.024242998525333185 0.4412937873528975 2.1271444458245212 -0.03709806191007148 -0.028658256010414166 0.8584785508844073 1.184968180988935 -0.04071868101966156 -0.02223842505882348 3.100001921123983 2.959014032030924 -0.05768256322545228 -0.033298997501489284 3.58492486277499 1.9874442317796084 -0.04438195745139044 -0.010333689781514614
2.1291969713948395 2.483666931999455 4.075985758992297 1 -3.6105515022141783 0.2431105862714249 -0.02222403332689512 -0.018318306064022804 -3.4622012515594043 -0.5791644842672066 -0.03053153926882851 -0.009232729478691727 0.17573670284393028 1.9415845099485542 -0.049507312498929576 -0.06061356468028245 0.5726476386587045 1.0032987360500636 -0.06830855081487644 -0.027190610764742842 2.8095128032466974 2.8311994406573042 -0.04189942590298845 -0.013048465207990023 3.370626722744908 1.9163983336900374 -0.031771032507860175 -0.007603168066224894
2.0935994903431463 2.4506234183784814 4.0645950333242205 1 -3.75297684368 0.2154716396571621 -0.034821036227488285 0.005376528701524702 -3.5715358327049302 -0.7275426355590191 -0.01447409913574723 -0.045485305059966744 -0.08937393827993745 1.7078976381800337 -0.049483484703391555 -0.06581144671904393 0.267580936560619 0.7656907517806841 -0.06878289387778548 -0.035366944605269394 2.5122363406711834 2.6995283357081568 -0.047635677653709345 -0.013061310806288397 3.0963223280533887 1.814527726757594 -0.045603588813423954 -0.01944807874908585
2.0314138251560423 2.36630456310668 4.064978794893718 1 -3.8758231121771916 0.18647605760702968 -0.032529107095635536 -0.00900899945714654 -3.621617480628886 -0.8821585605259714 -0.01622385803134893 -0.031404231217674855 -0.35634634042170266 1.479492620963975 -0.05068539073027399 -0.05826943688010991 -0.018314978416118954 0.5175938838114584 -0.061352764827089845 -0.029985529330025434 2.1960760027799298 2.5647857403896404 -0.04977953849222084 -0.014306233596655327 2.771535971770353 1.679193485813396 -0.05126082243331989 -0.01965985368510523
1.9570416755385207 2.269599094674176 4.090869485548201 1 -3.9294067986139707 0.1512109984325365 0.011376193887067143 -0.008155823526711556 -3.6404270955199918 -1.0121296101092083 0.004142689884056684 -0.01588552707919088 -0.6169100029861347 1.3148068773363297 -0.035685001243124966 -0.01987221428758553 -0.24760332105290672 0.312476754360522 -0.026486386290556753 -0.03154052053238002 1.85025363012375 2.4203884836426046 -0.05813463870555923 -0.01681375642272694 2.4361168295966467 1.5320814552774977 -0.04943423459008428 -0.024748248413128206
1.883448577468312 2.196311504313653 4.1224163318781 1 -3.9109198350950605 0.11107973778669344 0.01941798669729315 -0.011093723804871084 -3.682568098731904 -1.1110729625004674 -0.004050711191393242 -0.012242418764208604 -0.8203498660274318 1.2168606356205243 -0.017408419694699893 -0.008857073421132457 -0.40608027431351257 0.15592294176790933 -0.009931163078400779 -0.022941703653209796 1.509414416275316 2.2714845616346184 -0.044293449563764485 -0.013561498324101647 2.136601841237738 1.3776716176227732 -0.03530573132188461 -0.019582077009363735
1.8564102784088101 2.1759652760536006 4.133609241778477 1 -3.864655409720153 0.05003273150778442 0.022540973154295197 -0.015955186656261784 -3.7404855047386842 -1.2013407200028339 -0.0004520547437070479 -0.01605565024133991 -0.9397714556682586 1.1449310735166334 0.0015861764685276766 -0.011384656208855235 -0.4987208800964851 0.026226726825560487 0.0035949415596180576 -0.014240381857319361 1.2465994394571176 2.145598561257685 -0.01728577101340517 -0.005267089750804678 1.9144573647490963 1.2251658321730146 -0.013108106474225932 -0.01217229823414714
1.89480558713985 2.2165512631741398 4.113967851640874 1 -3.8432297296135496 -0.04769963556653267 0.0016105413308444179 -0.013932952830913226 -3.7799816750141506 -1.3088513166804798 -0.008655595513379926 -0.03452840400693419 -1.0147014780192927 1.0478569679537482 -0.006333440015094515 -0.010595773682201916 -0.5477346329195316 -0.0882007660972528 0.0071994724168551495 -0.025373577502683674 1.1029715345175513 2.0429563313908425 0.00028442728739552873 0.00012821900567689531 1.8050051929370312 1.1083330700293788 0.011368002433125739 -0.007224700137340174
1.969141508913085 2.3047018923544162 4.077747374224996 1 -3.8271964847628546 -0.1667021274525584 -0.02368846841377308 -0.02852274242295031 -3.8221044218311224 -1.4226149552875493 -0.027490934047403832 -0.01623831823844958 -1.0537199485676458 0.9278806767190295 -0.015943401127235135 -0.03426697167841493 -0.5479646019291375 -0.18239683471293655 -0.010994761275096368 -0.021023371543094242 1.0540932096328905 1.952540838259028 0.013863434632925886 -0.006040965491533809 1.8087771367908143 1.0635507419559755 0.019114886482778384 0.012651929933411864
2.0710345415227653 2.4254080143573886 4.046005981555056 1 -3.791249158287882 -0.28954640705906876 0.016454975941498123 -0.028959551669496365 -3.900333109459628 -1.5128476328973752 -0.007177707824041646 -0.011131622519963663 -1.0417791469472442 0.8012832463623569 0.003788596346421553 -0.03135332284688409 -0.504687952806016 -0.2717843136720468 0.005203696797200626 -0.01956390392488024 1.0677958916270933 1.8899231284769602 0.02771987017429981 0.006712892126857099 1.8808063522880571 1.0838270117768771 0.027950905123461014 0.02724739603312414
2.1942781084053053 2.559650056503034 4.0318686377028925 1 -3.740349675979687 -0.40119938369874153 0.0022429735471153085 -0.013461263373699843 -4.003524692814423 -1.5603184319758538 -0.026155811650728174 -0.010489940224964696 -0.9694225476666274 0.6575423219474372 0.0032306328806946108 -0.03934201727259191 -0.42651277407501276 -0.3711034236881722 0.0025836270834621207 -0.030083752865476182 1.1227235516839054 1.8679285205644924 0.011473747304475826 -0.015063991974817812 1.9713024149748994 1.1403269312573814 0.004231742125483131 0.014287575196716477
2.297866366579548 2.6648505303605874 4.039093830071403 1 -3.6998198835115286 -0.48896393237445346 0.017334120244801715 -0.018311034586518102 -4.071129041591323 -1.5787588017900478 -0.002107892803946094 -0.0022051463431738425 -0.8625074546247053 0.49953251659943976 0.011489843937859182 -0.03893500359858412 -0.3088186377896749 -0.47895507611412724 0.015087730585400323 -0.0279108830042819 1.1832871390965192 1.8839863919923872 0.016168007257495485 0.014324965464430532 2.063505957287389 1.221455532511171 0.022731138793090244 0.0254648930257348
2.3513124466816935 2.7367792760740617 3.996408635038675 1 -3.6770147605250814 -0.5353914750501829 0.009519083291771802 -0.008756193250052563 -4.097145934026104 -1.5771161006458652 0.004933125235275135 9.47230274861246e-05 -0.7508709461818799 0.3360074544126217 0.018072674696653183 -0.028636734179341396 -0.17331500668865019 -0.5897347724868591 0.02803972509910233 -0.026975618040394656 1.207590194958601 1.8977024647538472 -0.009991139733122559 -0.018834956633619237 2.1307780970059573 1.310503110873059 -0.0007319625613767889 0.001110770962734342
2.371188849978724 2.7652855767937603 3.9446925579765497 1 -3.6613144651670133 -0.5490789770706985 0.0021708233909261583 0.005422764053635215 -4.080217626837799 -1.5608034102628987 0.0010777869550160969 0.00103101039603473 -0.6510565626650298 0.19451650626060935 0.014113001331343234 -0.02238319532177121 -0.05204443661778768 -0.6990542538855102 0.023549281459445945 -0.02887735510149075 1.2002658571416065 1.8960975034536447 -0.0219471728156874 -0.029157146201032654 2.156085176178382 1.3801278393216583 -0.008521421659443496 -0.015208711101355115
2.389004266080234 2.781230661657275 3.9067800512638837 1 -3.634645041164294 -0.5279889482255895 0.012910785740618722 0.006068629407902048 -4.0467555259460815 -1.5221775927774948 0.011051604076286074 0.0052641588179360675 -0.5583790397907444 0.07809360188645531 0.007369247426636083 -0.017533302304682613 0.04001722446558453 -0.8074627357882314 0.015778242886256743 -0.031419308016126274 1.168750140674189 1.8885906313826428 -0.011107635008231222 0.00985384252833743 2.1460497093025834 1.418275613783626 0.00796406118895527 0.006140431342850614
2.413863968859487 2.802387197212154 3.872798496628576 1 -3.611797070384654 -0.481278647159022 0.005271270249537692 -0.0012941225319939992 -4.010331938869987 -1.4730360182014353 0.016541895010946373 0.02124336816005748 -0.48787913202813193 -0.004901274880201867 0.0019793096497763684 -0.01146162376950838 0.10140075756667066 -0.9006482718431796 0.009395441325875801 -0.02557918535225535 1.1228530977978917 1.864754460760707 -0.015557747649667133 -0.00021774177794468136 2.113656928110154 1.427081816911468 0.0037389851804412832 -0.0014764398987108865
2.574110230307521 2.885437915774347 3.768754370412262 1 -3.6941719765503644 -0.5238307981429084 -0.013575753453646991 -0.017080353317085246 -3.957970507142381 -1.5440766188684767 0.007188315847889233 -0.03130868014604255 -0.3849876831419854 -0.17806613037683539 0.04700676910318928 -0.04538904475741865 0.19132568739606715 -1.0433073578661913 0.032547062683308536 -0.027009460054919616 1.272816078361724 1.851712454024975 0.05515865068664695 -0.010331579714393725 2.172932784150233 1.4430185467708578 0.0190626709168621 0.014501089554492967
2.6237669112816526 2.885892316788803 3.630626651276305 1 -3.6754392923698793 -0.690856148348755 0.011981900719906189 -0.054271054972242445 -4.040526783350558 -1.588208668723316 -0.03063541506866123 0.018017296554301933 -0.16885976190888208 -0.4423490095453917 0.04389652549328782 -0.05937935294623763 0.3542064530863298 -1.2331279701588356 0.03248259410846211 -0.033626651394909536 1.556774198811219 1.9651558196480834 0.07596130801385481 0.021962420544514763 2.381493555640266 1.7330177871696804 0.007213461659073207 0.08441854055267485
2.650699338814172 2.9306862030973946 3.3970497446414494 1 -3.6364502130389287 -0.8988650053499362 -0.00797583897217559 -0.026332739289792705 -4.187282816515149 -1.6039574733833182 -0.01686037347449511 -0.022283107255996748 0.1247243454692768 -0.6344869039436944 0.06403617232381922 -0.03253753391531516 0.6349085329541078 -1.3210177676938963 0.05699506794156799 0.005635828012979949 1.7321410296336195 2.1432082994407695 0.034668577858229174 0.03683876815989462 2.5547282705150947 2.062592069250963 0.01068427770277754 0.04669300435168289
2.715073462295447 2.9981076401412174 3.238938414888792 1 -3.720378025095081 -1.0264432111913069 -0.015429149139849756 -0.02109441746446529 -4.137978365128616 -1.7116583452432192 0.023352392793768263 -0.01768615237118884 0.3883027066145619 -0.7051105893983487 0.0530903580425568 -0.009767109259816838 0.9359577503828493 -1.2874452865402366 0.042980233997355816 0.02375378258014596 1.8033203024898299 2.3164791435746817 0.018302570461140488 0.02122763247491517 2.637602369207383 2.2134359526737577 -0.0035806896502238277 0.022920790710702663
2.7072734126753204 3.000646345744615 3.155883930367347 1 -3.7232403159907355 -1.1046745266526052 0.00600190771410456 -0.019959225934443103 -4.053562900439382 -1.7524721057120285 0.018803432280505294 0.015448684000850605 0.5627565451877334 -0.6751659233480305 0.0332760434338415 0.0033873224952907822 1.1343661298987824 -1.2241504681131565 0.01802072619576208 0.020344105117646588 1.8238252273293805 2.361349800855958 0.01377272102690075 -0.0008734977022036281 2.673443741880061 2.316491233716951 -0.006528288471242663 0.015344342554728534
2.735146625615478 3.0285194194005127 3.107132643730265 1 -3.671414057066212 -1.0621316970494974 0.005970553881336881 0.0073757055804356715 -4.015978399953303 -1.6839913545015979 0.018467176183045303 0.03227594840772702 0.6490832365228592 -0.6238661916392549 0.01763659639438913 -0.0003140927648074155 1.2294889360946772 -1.1911115346591505 0.0027110522813960265 0.011835542466100765 1.8442937614293404 2.3728758901359304 0.013782586750721072 0.0030104163642222163 2.700325493294928 2.3260037848819595 -0.006476864579041678 -0.009858630420628768
2.7411155646129775 3.0341800957730523 3.071502488458538 1 -3.599506978893286 -0.9548172631316088 0.007526975563591179 0.015870999284206967 -3.9552095307017576 -1.5750405743429734 0.019500273169479942 0.03014390008091988 0.6686698579993093 -0.6193278017933739 0.00399558486084494 -0.010236977746978784 1.256372034071144 -1.194605124465006 -0.008904777184470724 0.0027185777042166587 1.8611615445279561 2.3560096856209674 0.011701157144147049 -0.015029493466334112 2.7195002747780297 2.2656049819168884 -0.007651018193991478 -0.009534364053967435
2.714216620299526 3.0173253743112856 3.0494806513507187 1 -3.5557062288279755 -0.8374623914351724 0.002095187219030001 0.015489907758707198 -3.894885927032343 -1.4888898382100284 0.01373970389371991 0.01990476813524692 0.6377834770820856 -0.6510800386379234 -0.0029328646759938376 -0.013052685420945283 1.2177667158175058 -1.246343187378455 -0.020412670735594947 -0.008119133433605569 1.8726341311931058 2.2577025912419697 0.011279136322143477 -0.0211286845392193 2.7345759630548665 2.2101836990602086 -0.00803343626702853 -0.01687993054164634
2.7199983208586103 3.02288275279417 3.026103473783113 1 -3.546754825090537 -0.736058298590859 -0.0008864342498595681 0.013649221146496367 -3.870907867111634 -1.4373855383223 0.003919733863367513 0.011104744743221234 0.5919722444652598 -0.6950626823587637 -0.0056842719822237445 -0.01502676776510819 1.1317156782557873 -1.3374751829283955 -0.024308257389483168 -0.012569918640962862 1.8835521517149676 2.169086006535527 0.01040043665113589 -0.020241976924647333 2.7421247532378263 2.077019762092913 -0.01001590518629731 -0.03184051585075658
2.694068313500967 2.9969008804204966 3.001330069724478 1 -3.548909445045527 -0.6629978558139131 -0.006988752786114164 0.005184333129185963 -3.875880738572501 -1.410237062613329 -0.0013993936153332102 0.012238446587106131 0.5263495782192669 -0.7569551450545848 -0.011165442510484404 -0.017518255828080198 1.0425976225556646 -1.4309551141672268 -0.020344406621727595 -0.012004320461676148 1.886676377331069 2.0337656667922857 0.00785745153667132 -0.036048008019900435 2.7443328986907076 1.924463052987297 -0.009208674165148277 -0.02785206048973031
2.661613798809164 2.9727823450118604 2.972890496436543 1 -3.553840123396879 -0.6254369347374092 0.0061062052302015 0.006210203711819642 -3.887918387887303 -1.4019844994630648 0.0005524014412149093 -0.006834283525613591 0.4595064805734159 -0.8261281981027699 -0.006625102575402027 -0.016060166902852807 0.9637282308302133 -1.5255659019979821 -0.01833229616713357 -0.015606165800260342 1.8853828219930708 1.8651160570162153 0.007922524005801783 -0.03109732133112497 2.7482262534564263 1.7680951139107441 -0.009169393475118786 -0.03555598195370241
2.638846211759319 2.9556847804327213 2.94013131668366 1 -3.559843777695522 -0.6206746058935346 0.005358584868064601 0.002434012131767027 -3.8982687934510416 -1.4086901008388537 -0.00114843378849234 -0.009793613820890482 0.42729330601157756 -0.8967338299334305 -0.0022853619112636267 -0.017716586459239004 0.892061726766971 -1.6354705720438436 -0.013206266466700606 -0.01877155041594501 1.8865312696718721 1.7230598164733362 0.007551403209099829 -0.031245493840084234 2.750684537353143 1.5727906481964813 -0.007596611540813272 -0.03634529820527501
2.5516563938461623 2.9264428533665874 3.005804154240733 -1 -3.5809944648037892 -0.572288693104048 -0.006082688042027493 0.004403781577323658 -3.7944820473885192 -1.4722877968052297 0.05542652147261928 -0.002768412236285704 0.5093349536744194 -0.773721459184031 0.02423892467668603 0.020369348512068328 0.5404282719135942 -1.7786606550462891 -0.09628437594076845 0.012071599188089619 1.7854865165031146 1.5562332508207493 -0.024386749633436393 -0.05120977708286748 2.7023286105950435 1.378319098513341 -0.029205135503798975 -0.04644994100891005
2.5806470320850727 3.0449826237935 3.028616985315379 -1 -3.579222012274717 -0.42214781549519476 -0.00919934314526317 0.00895412498896965 -3.622659638113615 -1.4441971796977715 0.019392067857179243 0.04906460921054244 0.39453928386940884 -0.6241821631875949 -0.0705286624462928 0.03396078339323799 0.21207851051028648 -1.7157155366537564 -0.049620666391351535 0.014623010571373204 1.6195911594090457 1.2871811301586797 -0.03421928945332516 -0.052575782263640986 2.656232380035129 1.0600277115378436 0.011732849390582764 -0.08800726555797944
2.6357535719782392 3.048236959079133 2.952323678868575 1 -3.6170282482883533 -0.2533872435560778 -0.011213796933840992 0.0170661376386609 -3.6959130297725817 -1.2640426508596594 -0.02230737315964243 0.04836830666033407 0.06572438763778266 -0.5260411176034416 -0.057102504911260545 0.016756768084250792 0.06213490491557305 -1.606095613249968 -0.02126124698386523 0.020327736043371573 1.578552405310436 1.0008660281559019 -0.016336896054391935 -0.05541081233134428 2.612479777130834 0.6201600485100807 0.007211655014915309 -0.09996144036821854
2.444574041648622 2.8648033144409335 2.906346484607229 1 -3.659712388676951 -0.045180310342236796 -0.009381874438854774 0.03616496449932239 -3.8238552291016084 -1.143443664051691 -0.009103549925807487 0.023890624721211617 -0.17509231621052113 -0.4287594935603437 -0.015216125631719358 0.022071848077364915 -0.1697038229692307 -1.5249794860214316 -0.05666117739042678 0.01909633756637827 1.5557554457160352 0.6909970082611585 0.002108474705926705 -0.07297556419308718 2.556801468177098 0.21185150859553703 -0.036713906638107474 -0.06722335507791513
2.3241949634510433 2.7495118002841026 2.773219996031263 1 -3.773852860444237 0.1635706745083425 -0.03734343612159971 0.037278409018651315 -3.8203563296867546 -1.062207809158842 0.006816484496296918 0.019459836543467945 -0.27430399707822684 -0.35611295565724155 -0.007628224874993756 -0.00711581603570462 -0.5365455794012495 -1.4317721817980158 -0.06522451596602279 0.030507534927210193 1.5280793568491724 0.4536875049984337 -0.01946902148390392 -0.06598281167522152 2.4654851395564776 -0.11545803203480942 -0.035118532845163794 -0.07781689770429495
2.351039712104333 2.707496784285542 2.6894486111746754 1 -3.922952424942128 0.3391867352448541 -0.0025324173780224 0.03293647471233108 -3.759641329751768 -0.9220587630814893 0.01925564926234188 0.04504461638826442 -0.3171876530438036 -0.3741950405733826 -0.0004851632525873598 -0.01673648406239541 -0.8096128824495432 -1.3898377827455355 -0.02103965250145058 -0.0031183090529642485 1.4887024465330239 0.2628466070380395 0.004998359314893966 -0.02637637333869114 2.3649008160945257 -0.3646146304202278 -0.018887135784016067 -0.033615117059261214
2.2651444645257564 2.630201261777672 2.623052528078147 1 -4.036156372582039 0.47805112908578606 -0.007412225464118766 0.021166834603962893 -3.7404906616147473 -0.7279838503255476 0.016731569967840264 0.04256513847476402 -0.3963542364325576 -0.42403285385738654 -0.01497388443308872 -0.02306538555486814 -0.9209867968404577 -1.4201417397350415 0.0008974272047839037 0.007116758146037825 1.4484549888480318 0.06765953098291733 0.0057510329681234 -0.016559890727037577 2.293782577538206 -0.581194428442292 0.007626057947284718 -0.028870816414418392
2.145918324311547 2.52574243309631 2.553435505722219 1 -4.12365345588819 0.546902938990024 -0.004025495109437017 0.012476441747247819 -3.7261145329514695 -0.5671293041324701 0.013789212740889388 0.032272220123846146 -0.42717279852985346 -0.4462462116991125 0.009633771305375073 0.005247697756105558 -0.9867687588718632 -1.3999601162943578 -0.022028356148810616 0.004509183078494345 1.4229411834200443 -0.10478583503595984 0.014681101664076619 -0.03383389927212863 2.259818540621472 -0.7745939811884492 -0.023850822325098532 -0.020972245042717313
1.994491226768633 2.277813692112685 2.5155910239826484 1 -4.192283597719477 0.5778234626513195 -0.004245909966047159 0.0026796311650393026 -3.713923689401509 -0.4515629647340884 0.008810941255798593 0.025571415315499023 -0.4873168688322185 -0.3643452235596505 0.0025988340416734637 0.0173818975167202 -0.9247304048602119 -1.414417188004829 0.02706935379545178 -0.014035907059354202 1.4088753544270292 -0.20062965853216208 -0.010558004568568292 -0.002914891522226442 2.198268390121175 -0.9849976374280197 -0.011373493854396297 -0.05655508770072315
1.5578019818623738 1.8241584401365225 2.582447900855834 1 -4.245194866596461 0.5882507074152139 0.00022986180721479765 -0.005120915671517455 -3.702833119873494 -0.37002490909508967 0.0026836115228093833 0.021060703994661666 -0.5323748461005371 -0.29191168365055375 -0.022725420524880205 0.013845120514745467 -0.9079539817081987 -1.4043984413446458 -0.025072708372623615 0.015139030556159705 1.362252304596839 -0.20638593018338647 0.014594094323896661 0.024655429239282885 2.0538029324972813 -1.1722578495836973 -0.016555001065484905 -0.003037647906349644
1.2343835344902947 1.4233308878138848 2.5706254957533274 1 -4.28479097789846 0.6244227165483018 0.004715656518099413 0.010914830670086584 -3.7294295309951684 -0.34096644548004107 -0.0031520882184941715 0.010534334524351131 -0.5610801713060636 -0.2403787662973933 -0.012573503433178854 -0.003951828777572029 -1.0099849135683923 -1.3315589770558633 -0.011973212347427719 0.032455285563169685 1.3032579078240945 -0.12685631666770258 -0.028059571914584223 0.014098329298945876 1.929110201073211 -1.1348379503547785 -0.028679349516520687 0.008207376644539474
1.0819899534364223 1.1883063114761896 2.277277089217718 1 -4.307846606437638 0.7032341998607383 0.003672222680088715 0.01845183051877395 -3.802471299145361 -0.34630385869689506 -0.0007060267357113801 0.006044803733661584 -0.6383271208159838 -0.1719687496808836 -0.026157736622927592 0.016294562038459227 -1.1013741614562602 -1.267258874807626 -0.02100155811048584 0.013425286573476032 1.3323170492337182 -0.01526304143102275 0.0018347568662193817 0.013558522796812862 1.8544481936249841 -1.0592330895333453 -0.03021482210331601 0.005027535121425539
0.9793528713138703 1.0145104031526422 2.0309404838051797 1 -4.335002412077583 0.7516892589658406 -0.004869558923656328 0.0026468405492480773 -3.8386443396205125 -0.33672471106962265 0.011227887540337102 0.012596367442587316 -0.7160023892408947 -0.10869789303470334 0.0003776076850203758 0.008751970945896774 -1.107755226385462 -1.2294058697996415 0.018819839630353684 0.004537051199370269 1.4495062739093747 0.06759196642372256 0.031358513394785584 0.0025451742525994595 1.789784647398852 -1.0097853873627751 -0.013998252813712916 0.022618889136578696
0.8220925911888011 0.7833267030929414 1.79608021229656 1 -4.39735276864147 0.7324738026620241 -0.0014957541745146035 -0.0076309267519574925 -3.822107508875969 -0.2999981840519649 0.011842242559878131 0.01621910633138171 -0.744319834702273 -0.03747941371831531 0.019691935948011212 0.013087447513821506 -1.0432303623548598 -1.164890211968076 0.03136419048040733 0.01701428372214601 1.5939522612153745 0.15310512100259843 0.046212484080786584 0.02576485507681357 1.7859861342018197 -0.9510603493033287 0.02282325252306025 0.013532198483354114
0.6492394597182581 0.5475464595994276 1.5951942901788196 1 -4.435595684578366 0.7115450487104937 0.00032149413454211125 -1.1379497799928612e-05 -3.80186397053224 -0.2707263048026394 0.011421573876449424 0.00926613183538854 -0.6967536925693611 0.08447287281524907 0.036297409069962955 0.02270881898357132 -0.9413887889216062 -1.0363555820068209 0.04006515084279577 0.03237520389553679 1.7514543306775838 0.2534030231844977 0.04759869130699013 0.020415177103846473 1.8262476454297722 -0.866910123862674 0.02573773200978896 0.01782596583277458
0.5154403057984712 0.36187480457726723 1.4557064965099678 1 -4.42559841772387 0.7090491259453509 0.0022535093419084173 0.0020347727611380994 -3.801953418593667 -0.263935716440742 -0.00614437985013061 -0.006132538030445327 -0.6196350400139901 0.2588315237171095 0.03320280373882941 0.03669644211895458 -0.8357382686719506 -0.8571079781185901 0.034610952952038795 0.03411618012745428 1.933862865483225 0.33468326351413036 0.06073054858814214 0.004255063357662965 1.888802486146962 -0.7882611312497254 0.0377704811093313 0.017271084733455937
0.40868281244833143 0.20097018379928497 1.3284899410751367 1 -4.481109766957307 0.7713601330665727 -0.035385754902123104 0.02432633151970793 -3.8761501149738007 -0.10316693752278694 -0.016360894711968756 0.045408115499373826 -0.3712237384937831 0.2887136702311417 0.08175027090369424 -0.005501461931669124 -0.5915659504556361 -0.6553310525984857 0.06995426830969656 0.021925753174892357 2.1597508231398423 0.391268852459014 0.0716637517427216 0.012459824503599802 1.99701287739469 -0.7444504743551014 0.05277164448130675 -0.0015336085511217148
0.32100924420554994 0.03852814755660523 1.1413564393886535 1 -4.628357391616772 0.7889269542341435 -0.03309112982658761 0.002158702965240163 -3.9622729066936193 0.14940473682855293 -0.00883134958277177 0.03125942197529337 -0.12732271097506764 0.3163589729332956 0.023980508600558798 0.007729777594219669 -0.35694392265211494 -0.5657172718132635 0.03768335009672554 0.0318261123216977 2.4837138156719654 0.42794117386828523 0.0917216674536879 -0.004622651844809299 2.2192919120131522 -0.713106080568642 0.0691317459946983 0.004319674417422051
0.2952278097962613 0.0739053495465373 0.9219077041733614 1 -4.666842812371079 0.7762983045477727 0.0005470339316809691 0.008406661334851379 -3.971458324448121 0.22747202015638246 0.007194297068609767 -0.01487659381106643 0.03796508548828115 0.4359716741033268 0.02369002588975199 0.02168248671211479 -0.16748386874447174 -0.40309239211407555 0.02984091195732491 0.05916984144848835 2.834570554143757 0.3912361657850507 0.041415366919591044 -0.007780324590045898 2.4503411430077584 -0.6746778248770966 0.011540448090067455 0.017874352023265365
0.31557340109966986 0.12657772828989694 0.7526172132271598 1 -4.5510071774671434 0.7666630001890529 0.03901800202096945 -0.017905853033636725 -3.9205429727706305 0.13883032700330178 0.012866545655452012 -0.013809113610864173 0.17914640398469395 0.6380560319573336 0.026930249192230284 0.04245965463111205 -0.0560459171519474 -0.16971757958829292 0.0211871181114303 0.04842049314085081 3.138750204983465 0.2924011858818525 0.06956016027992568 -0.03806996194047194 2.6295454962464557 -0.6762490568577777 0.05486803892894394 -0.015046003019166726
0.3337995778952886 0.18468388322186252 0.21464543825116528 1 -4.450041746219646 0.7586633749180487 0.018271610540476886 -0.006689152168644665 -3.8780779625243302 0.08408808019076552 -0.0050012003880265145 -0.004460068950890624 0.14442327149764012 0.9334367338567491 -0.0037814822685165797 0.050821804810778234 -0.0391755471130848 0.01339176502945838 0.00922116007392554 0.034235407354845246 3.358451644522165 0.250977451370306 0.060136322510232355 -0.01979732772740486 2.961287138962269 -0.6037541569227662 0.1104100383274435 0.012004023658733227
9.177145 -1.1966448 0.3997321 2.5423932 1.6552114 8.918322 3.9367146 0.5412173 5.436183 1.7128452 10.993131 0.91191936 3.4716458 0.39272594 2.0887277 5.314949
10.343674 3.4677572 0.8722886 2.9257066 2.3293684 7.2036476 3.3671427 1.651277 2.6707883 1.6644953 9.873164 1.2240816 2.6176171 -0.27271986 2.280657 2.9942217
10.334459 3.633996 0.8767611 2.9409547 2.3816514 7.171869 3.3859735 1.6948758 2.591299 1.6622401 9.97827 1.2444205 2.5784795 -0.28857613 2.2886405 2.934413
10.701216 4.2916393 0.9684925 3.0185819 2.5255432 6.805758 3.4123135 1.7520486 2.1298838 1.6743551 9.461406 1.464139 2.427212 -0.35622764 2.317441 2.7599263
11.584717 5.09222 1.2728285 3.1486268 2.6185403 6.37599 3.855081 1.9863338 1.6643069 1.714951 6.5676007 1.8333154 2.2564492 -0.39598322 2.4025931 2.5638947
11.547437 5.184675 1.3125144 3.1751528 2.689613 6.519257 4.1756277 2.137539 1.7776902 1.713661 6.132401 1.8730054 2.2234573 -0.36894822 2.435247 2.5727096
11.590707 5.152733 1.3092833 3.1668515 2.6612132 6.464698 4.0786247 2.0943213 1.7289273 1.7166364 6.1833878 1.8637911 2.2334816 -0.37629366 2.4257996 2.5647254
11.604427 5.113299 1.2935996 3.1557136 2.631771 6.404642 3.9489567 2.031815 1.6827662 1.7187562 6.344466 1.8462844 2.2465358 -0.38591504 2.4133759 2.561678
11.474657 5.206729 1.3433139 3.2146683 2.8423226 6.738743 4.706647 2.2888668 1.9487205 1.7161508 5.812996 2.0184915 2.161725 -0.30093884 2.4715898 2.7183733
10.999604 4.3399453 1.0385611 3.0520573 2.5666802 6.634578 3.5738058 1.6825727 1.9969282 1.7036846 8.7236595 1.6794345 2.381415 -0.3271613 2.3279488 2.8936973
11.049997 2.9570882 1.0340948 2.868442 1.9230468 6.9043303 3.0321155 1.451547 2.6173983 1.720269 7.6143913 1.1567924 2.792942 -0.2540171 2.2575572 3.0316548
11.604242 1.9155083 1.3315642 2.7614264 1.673904 6.9113464 3.300867 1.7773385 3.0298018 1.7425754 6.238405 1.1452911 3.2063196 0.053546667 2.1469047 3.7487168
11.587311 1.4400947 1.3089832 2.6962798 1.4749675 6.966455 3.0508652 1.6544995 3.1946979 1.7472572 6.186337 0.9857904 3.3414884 0.07801247 2.1087353 3.8379602
10.882897 -0.44303322 0.92851424 2.5393434 1.2012854 7.621583 2.9489634 0.7351991 4.220433 1.7696586 7.239993 0.8591033 3.5798085 0.24136949 2.0422957 4.649306
10.847253 -0.49002886 0.9357377 2.5176272 1.226881 7.600916 2.8627903 0.69374347 4.215957 1.7596145 7.295487 0.81900704 3.6071215 0.26015472 2.0223212 4.667286
11.03365 0.25767803 1.0273341 2.5839334 1.2276368 7.4350877 2.7900813 0.9611871 3.8459373 1.7545795 6.4770665 0.7554084 3.464048 0.106363535 2.0904367 4.094333
11.0834255 0.7914362 1.0698467 2.6396556 1.3811302 7.3831387 2.878143 1.1319222 3.571756 1.7401204 6.384255 0.80578446 3.3071985 0.028970957 2.13134 3.776887
11.025698 1.2774882 1.1011366 2.6828587 1.6048412 7.3036046 3.0373256 1.2746322 3.374411 1.725239 6.9044857 0.92983747 3.2094617 0.028998613 2.136308 3.7362247
11.170826 2.3118265 1.0271935 2.9828835 2.6764061 7.007025 4.5126753 1.0851903 2.7822597 1.7678895 8.401598 2.3465655 2.5696926 0.13377714 2.2198758 4.542304
10.69783 0.47650146 0.9572649 2.61283 2.0449328 7.829572 3.4130416 0.8666742 3.6236207 1.6787959 8.954361 1.1692302 3.1156142 0.22329354 2.0523245 4.23499
10.534642 0.8750415 0.90446365 2.6982238 2.3189862 7.8453455 3.7782135 0.91498923 3.491538 1.6795232 9.593029 1.4388545 2.9209092 0.20511222 2.095775 4.2774625
10.546248 -0.25062227 0.9026247 2.3499193 2.0365686 8.275142 2.3945327 0.24495053 3.6717248 1.5625529 9.597017 0.46454525 3.2208798 0.21021175 1.9204972 3.586183
10.245863 -0.301095 0.81163347 2.3357716 2.013036 8.193121 1.9865035 0.20930552 3.6152368 1.5419436 9.766431 0.25088394 3.2219553 0.12732005 1.9252856 3.3883996
9.569406 0.6282153 0.6738355 2.543672 2.6316671 7.9175863 1.9391853 0.69424033 2.8409138 1.4830968 10.692103 0.39036322 2.6918778 -0.14767122 2.0563965 2.7586741
9.47797 1.2013254 0.70534444 2.6255186 3.0448265 7.560546 1.7173156 0.7789787 2.183146 1.4397182 10.785953 0.51652896 2.4053106 -0.26876664 2.0828 2.3944955
0.4779272 5.7239676 3.7844372 2.971279 2.6015677 6.1981406 2.3902578 2.32278 0.45480394 1.5104487 12.12817 1.6458613 1.8749774 -0.18440199 2.24206 2.2508826
-0.5375161 6.2410803 3.9386895 2.9547503 2.418826 6.0405345 2.3660908 2.195248 0.48498058 1.5215429 12.185627 1.664814 1.961307 -0.15682745 2.2379093 2.280909
-0.3669629 6.651806 3.4667423 2.9199877 2.2762833 5.9409213 2.4636276 2.0908124 0.6272309 1.51539 12.379564 1.578683 2.150207 -0.17054915 2.2172978 2.187069
-1.216928 7.8660874 3.9443111 2.918848 1.9782643 5.595582 2.4798813 2.6307654 0.4622867 1.5380385 12.700909 1.5414127 2.3686817 -0.1010313 2.182458 2.1707
-0.7681513 7.238625 3.7472343 2.9646015 2.0483844 5.850734 2.7297237 2.767763 0.5830374 1.542469 12.552468 1.5872927 2.2560692 -0.14286637 2.2301638 2.1923642
-1.117619 8.197916 4.108127 3.0277967 1.8799269 5.7670374 3.0374234 3.8004131 0.45936644 1.5744755 12.7613735 1.6009494 2.4086258 -0.07854056 2.233944 2.2051988
-0.78950167 7.8058214 3.8032274 3.0248845 2.0377731 6.033998 3.0767622 3.47876 0.6604227 1.5792422 12.772176 1.6588805 2.3526435 -0.07365918 2.2457755 2.3395567
-1.2723355 9.055748 3.820932 2.9371982 1.9931118 6.189074 2.6054668 3.809357 0.27472746 1.5131965 12.698914 1.4628286 2.4430666 -0.019484043 2.1200974 2.2739782
-1.6277556 10.694603 3.9282146 2.7872462 1.8142586 6.1031065 1.9081389 4.011814 -0.26861346 1.4075662 12.535636 1.0831387 2.5867584 0.0030667782 1.9474367 1.9952388
-1.8987064 11.657627 3.9626563 2.7061281 1.8726912 6.1140156 1.5890428 3.8039503 -0.33575463 1.3669039 12.303068 0.90749586 2.6707373 0.052779198 1.8842062 1.8978171
-1.9652357 11.894249 3.9232235 2.6783314 1.865246 6.214553 1.5334623 3.768635 -0.35213006 1.3449624 12.149757 0.8500831 2.6569588 0.063192606 1.8632278 1.8991871
-1.9424934 12.032005 3.889482 2.6610584 1.8657796 6.2847314 1.4860786 3.779111 -0.387352 1.3281041 11.983279 0.8077264 2.6423497 0.06572032 1.847559 1.8877912
-1.7158232 12.949849 4.046371 2.6862648 2.1327214 7.048669 1.4377912 3.730564 -0.64677113 1.319463 6.2533894 1.3160254 2.0581973 0.23295712 1.8728181 2.6771836
-1.9418159 13.022202 3.7945254 2.6658916 2.2647908 7.604371 1.2898201 3.702745 -0.61305124 1.2917451 5.914504 1.295942 1.9198668 0.24336505 1.8610092 2.782486
-2.7314649 13.299392 2.352404 2.8081298 3.8401744 10.786626 0.8155997 4.256168 -0.07595003 1.3287774 3.7632003 1.1953664 1.6961119 0.27265 2.0147097 2.366363
-2.6641607 12.90066 1.2489967 2.4908292 3.4239364 12.240061 0.2843026 3.4403625 -0.6979857 1.0158442 1.6294699 0.7790017 1.2419672 0.10809183 1.7403879 2.105482
-2.9128962 11.028963 0.7723348 1.9617745 2.9676342 13.250877 -0.6443391 1.6478896 -1.2180201 0.6020441 -0.7234359 0.46306765 0.40132022 0.18833518 1.3435717 2.9110699
-2.8491836 11.608004 0.7242664 2.0005493 2.6898656 13.08428 -0.51503694 1.6990814 -1.1867694 0.634711 -1.4204345 0.5014571 0.46706027 0.13991237 1.3709725 2.9694562
-2.6202712 9.554949 0.5506382 1.7970393 2.2982314 13.94495 -0.5698942 1.705582 -0.2326287 0.6529186 -1.6366096 -0.146379 1.1442295 0.28326392 1.292538 2.7286553
-3.1179829 9.119879 0.5087328 1.6107249 1.3854723 14.0948 -0.22791564 1.6912848 0.9974946 0.7105787 -1.5721502 -0.42860103 1.4598317 0.52341676 1.2441887 4.014203
0.26112413 0.9875884 0.96260285 1.7629797 0.42961884 13.540853 2.4632607 4.838597 1.0998298 0.82354367 -1.0892115 0.3722993 1.5263798 0.67714095 1.5740452 3.659246
1.3936105 -0.39573145 1.3212456 1.6991035 0.65515184 14.311153 3.242852 5.940385 0.6188544 0.74329233 1.2750936 0.5128288 1.3657845 0.80541587 1.4877071 3.0723557
1.3508358 -0.4967451 1.4366782 1.680816 0.5774431 14.327364 3.1204274 5.929887 0.46833706 0.71692526 1.2757177 0.5734148 1.2157216 0.81529653 1.4602499 3.2365956
0.831203 -0.12041712 1.2746491 1.6770698 0.51081276 14.1318655 2.9407582 5.5563536 0.7067492 0.723927 1.1155262 0.50917304 1.2259362 0.7923467 1.4834774 3.4984446
-0.5785675 0.99353075 0.9533856 1.6936677 0.42944145 13.708257 2.2104 4.5060964 1.2445585 0.75180244 0.32482386 0.3078704 1.2927754 0.70669234 1.5441289 3.9936643
0.6271491 -0.045856 1.3100243 1.598418 0.439723 14.116892 2.83954 5.4159784 0.6403879 0.6758996 1.4100728 0.5426537 1.0064213 0.85684764 1.4117694 4.0100102
0.46053743 0.9148321 1.0894608 1.1678128 0.75803137 14.245372 2.180488 3.4311795 0.8628619 0.5595336 2.975116 0.37444222 0.8959508 1.1720668 1.0837424 4.995798
0.65409184 2.076955 0.37078476 0.63881993 1.6912932 13.94051 2.6011765 1.024112 1.9668192 0.53635323 6.4491663 0.3296157 1.1355833 1.7796793 0.75864387 6.6322546
-0.44649887 1.6673441 1.5635781 0.33419204 2.098588 14.134655 6.2157125 1.3329805 1.068265 0.54006135 7.4595056 0.5263978 -0.11775416 2.4384315 0.5907215 10.174558
0.7444587 5.026904 2.176797 1.2427881 1.5108767 14.770025 9.055863 9.800555 0.22550583 0.61496437 9.740387 1.021307 -0.40527487 1.998518 0.96023154 8.657633
-0.05282688 1.2328138 6.203064 0.97468626 -3.2021294 6.791598 11.0597105 7.0758224 -1.1549749 0.49540627 10.873043 0.13130844 -1.2735081 1.4553171 1.0967224 8.996686
1.8874671 6.865124 6.9844494 1.3271348 -1.9198093 4.2398005 7.7016754 6.2008657 -2.0281358 0.50653005 8.891649 1.0416937 -2.1978545 1.2411305 1.1190387 8.312914
0.6967983 -2.4464264 6.5344543 0.5960741 -0.7859416 3.3421648 3.876873 -2.753015 0.036657095 0.48702133 15.07258 1.7943531 -2.3780391 1.8120208 0.83010554 12.051701
10
10
10
10
0
0
0
0
0
0
0
0
0
0
0
0
0
0
0
0
0
0
0
0
10
10
10
10
10
10
10
10
10
10
10
10
1
1
1
1
1
1
1
1
5
5
5
5
5
5
5
5
7
7
7
7
10
10
