10
1.726666130842076 1.6438265049967193 0.8811923740024084 -1 -3.24 -0.36 0.0 0.0 -3.55 -1.31 0.0 0.0 0.5599999999999996 -1.62 0.0 0.0 0.25 -2.5700000000000003 0.0 0.0 3.41 -2.55 0.0 0.0 3.0999999999999996 -3.5 0.0 0.0
1.635860714917713 1.5111592846323054 0.8382488299370356 -1 -3.1690422796577424 -0.385480842086695 0.034655357935480975 -0.015570021275725836 -3.5835003070968843 -1.3242965088547145 -0.009097945558151287 -0.011993617035041945 0.562725047572596 -1.6176445906935506 -0.0011632147626468832 -0.004374058455614425 0.25007014092105173 -2.5674559488743585 0.0017126444225416737 0.005955587929291718 3.3678775446461096 -2.5242994026297207 -0.025585381973619068 0.006389356331546352 3.0693788299822016 -3.5086701374809346 -0.012410843571728131 0.002757312845307185
1.2008345297643717 1.2204683924846074 0.9266845927234544 -1 -3.079303005626794 -0.49927186893853315 0.0006083666336298661 -0.028642699518205382 -3.6503126609484906 -1.3816019962963597 -0.007477976798728334 -0.00889303082755118 0.5507905746411881 -1.5970132345009795 -0.007235686446583879 0.0028528416692709894 0.23187102759609957 -2.572889917154982 -0.006222319494308691 0.0012602513077930207 3.1949874284123387 -2.469264284667125 -0.04081045771066623 0.0005437684800710125 2.9560327166763356 -3.5326841332429284 -0.02952485977712647 -0.0012225567814727386
0.7649686333403748 0.9356452565907908 0.7171939111342446 -1 -3.138825490585848 -0.5741609609398163 -0.016797867529372915 -0.007677297404915977 -3.671455945128551 -1.427641367992534 0.004137088434909704 -0.004579800463728866 0.49417683963643455 -1.5594908755122923 -0.017464564668640024 0.004795929326048127 0.1658741767352101 -2.5872024606217847 -0.018107734088272646 5.484487364436179e-05 3.012078004360342 -2.480978181014433 -0.03543014925482413 -0.008520879675387928 2.768281388268697 -3.5653531284413904 -0.039516867716751135 -0.0026130621885963323
0.5106870956004248 0.7882042799099714 0.577098925922614 -1 -3.2205544384712375 -0.5538175557928264 -0.010800293976044643 0.005285556715733891 -3.664247764083888 -1.4588454615953206 0.0013355504956033097 -0.005762106070644516 0.37881682588548937 -1.5311516252610218 -0.02948462946741924 0.004197929147114978 0.044726542900009214 -2.585823749719119 -0.028634366066016027 0.0034941885798793603 2.8294001048669672 -2.4879180760626873 -0.04012136192609442 0.0009781346549655456 2.5741359205570102 -3.585205560405092 -0.032030214759729045 0.003682268306757667
0.3340071302342334 0.6804280124761736 0.5600919714210637 -1 -3.2616068048862106 -0.5304565860379666 0.0018906506627160364 -0.00013683385273250553 -3.710433877749091 -1.490373065321208 -0.015046264881590802 -0.01192537701063507 0.20959436213434923 -1.5018044542516815 -0.05408509372152132 0.01634707239282811 -0.11902416139987171 -2.568131086124382 -0.05744975810552793 0.00518776753761597 2.619488733409267 -2.4434162932437906 -0.010472339890523472 0.008610926757406235 2.439620704188955 -3.5577562276233605 0.0042397215121308535 0.006412650386815891
0.1715478795104569 0.5555676317499424 0.6055002860829789 -1 -3.2699664838994895 -0.5492383286896939 -0.014925012894476274 0.002248809016705277 -3.8314101676862538 -1.5365586019159763 -0.03928310153229707 -0.005872583578135651 0.02974966030616777 -1.4886426099427987 -0.03465674844789584 -0.016692392554710254 -0.31047343358192236 -2.560719362725261 -0.03145160692583388 0.00956459249367115 2.4269479175845596 -2.3882549241380717 -0.05197172145226769 0.006204219594911238 2.329370270013329 -3.4921031859503664 -0.03753236517302945 0.020528362610903142
0.0512168198455745 0.4449456929419136 0.7010342757439402 -1 -3.2977112071073567 -0.5895711736102444 0.0021963755742409365 -0.016893999483958685 -3.953643861023605 -1.6000659707352058 -0.010066225384844217 -0.019547709983635808 -0.11084774408793052 -1.533708328228072 -0.03905618870406843 -0.01082318643226756 -0.48816546352182044 -2.603717352626138 -0.045403147875757485 -0.008494084483032368 2.2868599411692774 -2.342122126499919 -0.03092148608959893 0.012763701486929117 2.214410777820116 -3.440532578714089 -0.029720036674502095 0.001912957798433458
0.04405994570276139 0.3499972955989489 0.8073636829347738 -1 -3.3516904364871314 -0.6328201083150609 -0.02719525564178247 0.0023062470421948214 -4.024396040750247 -1.6640598339071802 -0.02295819974052695 -0.0021585285842931016 -0.23225171421898327 -1.6189029301605213 -0.00881171548878747 -0.02084395821368662 -0.6101893877524609 -2.697264966298663 -0.0033888257116426474 -0.027799522090775748 2.170686802147465 -2.3083572839186735 -0.02304599114701842 -0.008769533800232251 2.1141312706037496 -3.4144079580822253 -0.014116575994935519 0.02366746168861647
0.12380453577324471 0.2702120533773021 0.36868661161948174 -1 -3.3608890337334993 -0.5984085596151136 0.01579706034963952 0.021728097010576104 -3.990582062205641 -1.717044255592246 0.036093816013830785 -0.011491605870874555 -0.4114640232002893 -1.5830680112938302 -0.025228052022142757 -0.0030092136382343015 -0.933364083658486 -2.7976160679030384 -0.05416662992775943 -0.01103625671054386 2.163734486258809 -2.4631616516968586 0.015507806384962908 -0.032716195855076666 2.104088198221218 -3.4430145037244837 0.018452379853275757 -0.02798979758500842
0.69093037 1.6677158 0.85564494 1.3070046 1.892767 12.294087 3.3023121 1.8683057 0.3893394 1.2876425 2.4357333 1.3006071 1.5190151 1.025598 1.3914263 7.3148074
0.72652006 1.7673354 0.8646391 1.3557793 1.8607969 12.205798 3.3132432 1.8193307 0.32340294 1.2967854 2.2145004 1.311077 1.5388627 1.0275298 1.4145267 7.2049313
0.78050566 1.667202 0.87021583 1.3628983 1.8428397 12.18818 3.4970315 1.6076756 0.40128046 1.3037888 2.2232008 1.3412902 1.5972512 1.0378432 1.4133437 7.1850414
0.71366835 1.9498281 0.85148907 1.460788 1.7932558 11.952208 2.9630888 1.6626062 0.029392518 1.3020895 1.720777 1.2107456 1.5477009 1.0152458 1.4520967 7.0094705
0.768363 0.5175586 0.77402097 1.4623452 1.5086417 11.916306 4.9087534 0.052559853 0.87956226 1.3869542 1.2122293 1.6149253 1.8542352 1.1826388 1.4368994 8.129745
0.031956196 -1.4969277 0.3874631 1.4795283 2.0292568 12.679627 7.871393 -2.0704718 1.6313435 1.5242639 0.7520714 2.3644047 2.0115654 1.3892046 1.4432874 9.907291
-1.0269418 -3.466401 -0.057158545 1.2321388 3.68856 15.108805 9.172972 -3.4935212 1.7126087 1.543478 2.4023266 2.5141516 2.1840293 1.3576107 1.3093536 9.397834
-0.65680265 -2.8207188 0.08450492 1.3076305 3.1687121 14.424565 8.83474 -3.0052156 1.7466415 1.5416327 1.97366 2.5169904 2.1387649 1.3688197 1.3530679 9.456758
-0.6208544 -2.0829105 0.063119665 1.4951574 2.3907824 14.590119 6.527394 -2.6009746 1.13555 1.5069143 1.553422 2.4000573 1.7071 1.2476811 1.4518272 8.163817
-0.69133186 -2.31814 0.054268137 1.4376026 2.5928593 14.661427 6.9371133 -2.7569318 1.223347 1.5038905 1.7333736 2.428204 1.7522937 1.2638289 1.4160917 8.437269
5
5
5
5
5
5
5
5
8
8
