12
1.5759416626798868 1.5807959934815616 1.06 1 -3.51 0.010000000000000009 0.0 0.0 -3.5 -0.99 0.0 0.0 0.4900000000000002 0.040000000000000036 0.0 0.0 0.5 -0.96 0.0 0.0 3.49 0.06000000000000005 0.0 0.0 3.5 -0.94 0.0 0.0
1.4444548236864792 1.5034013755998343 1.0421983397036778 1 -3.5363357937132016 0.027892480906355654 -0.01209513576136625 0.00310838562646471 -3.4279236256726393 -0.9930906027284783 0.029190171586199336 0.008190239765491134 0.4916662817415016 0.03751520100781214 0.0005397582682473614 -0.006181598057490568 0.4989474305872639 -0.9632650089754307 -0.00045107900410665806 0.004472778930896487 3.465923458834956 0.07238700105222096 -0.012016628405780045 -0.00039803680320726204 3.449252119051721 -0.9580539631271378 -0.027242315412094147 0.0001188664115190901
1.1569967185616705 1.1304016122322844 1.0938358755398487 1 -3.577106272250693 0.0979773059038076 -0.00038220118882854783 0.01797012670585892 -3.3087935511801727 -0.916808773819274 0.013004450771300625 0.024403828671212713 0.4785992706832616 0.048405780377007934 -0.006049964130631084 0.000809393744422458 0.4790503409958182 -0.9791934720461265 -0.007854236958717844 -0.0005109592041238932 3.3676538952308137 0.12497768141191234 -0.02772674642521698 0.010146702773615228 3.2649434302636795 -0.9614875325826082 -0.039173522978980704 0.012070333985948103
0.8814723681347637 0.739444231386809 0.8689888176788972 1 -3.5829341087500572 0.15335283948251166 0.007491847127249658 0.011560133684805813 -3.341741157007804 -0.8199386327476981 -0.009008757683953941 0.010794811829205522 0.4194735406228851 0.08253434218921596 -0.017479711124735717 0.00557090968112515 0.4149305600238691 -0.9976110709049164 -0.017358557447007227 0.0006558757372166144 3.1981161920425087 0.2157600562140538 -0.03725794340235046 0.015285425165710223 3.0962688717455675 -0.8914707827862308 -0.030600243528283264 0.0196050483966422
0.7426866578004432 0.5235831446333192 0.7773932563045901 1 -3.5712812465763126 0.18647034488525627 0.002571708454829669 0.006702766694776525 -3.4216425151307543 -0.8087205634904169 -0.010236761471177767 -0.0019766715990241802 0.30239247671550107 0.11800867230469447 -0.02832717836091614 0.005408425694626221 0.30008595065595234 -0.9898596494702788 -0.02865195385019189 0.004794153476463576 3.0174430835810524 0.2963680117161078 -0.03189155883085179 0.006539645407008254 2.9270392767194187 -0.8272085334075128 -0.03819758676497375 0.011285621815366978
0.6441944351503592 0.37291306226853865 0.7890453527120991 1 -3.608946313298813 0.23020040885391024 -0.010168124604588153 0.015209749750288198 -3.4671309592318043 -0.8197787717411501 0.002106782559955829 -0.00048412176705167273 0.14441499084042775 0.1505106895079027 -0.02410873476280986 0.0018649600960282818 0.13329185969503765 -0.9661478978763448 -0.027095871392147322 0.011402932493497333 2.8797551138952384 0.3099357437778456 -0.05043760895591606 0.0002287834760897195 2.7130898626928923 -0.8035440993636978 -0.07544112100116226 0.008455859411862417
0.5275765253859928 0.2144732166731878 0.8341326848705826 1 -3.708225574966633 0.3104396937048408 -4.696003593557957e-06 0.014098634782399894 -3.472605130783928 -0.8021166205457394 0.023210312368828784 0.02044031247525372 -0.03766961194840768 0.20293628469021652 -0.04531457216380351 0.007925519318075102 -0.04397755295159467 -0.9221919663924796 -0.039964547818672015 0.019827544494161773 2.7693752558822275 0.27647648504220146 -0.030400488384021884 -0.024703526328940576 2.5217725469851766 -0.8000678951651728 -0.03781771723934863 0.015220384560486007
0.41554184638701985 0.09470251004877633 0.9212737709911707 1 -3.8057083946869508 0.40642544098086764 -0.017465293491908486 0.020801538708429018 -3.49085041117456 -0.7563062655909276 -0.008800493048219105 0.007712091394294799 -0.18635787211308408 0.2999231251708143 -0.0032492165254377828 0.02047055168752958 -0.16226570186153744 -0.8314151510895512 0.00029436735172596457 0.026973984886399145 2.6450420393047747 0.26302255760975535 -0.040515964803158486 -0.0021262713086676235 2.368620952987185 -0.7993969928252598 -0.04242939177526619 0.010990294317413983
0.3304213972857745 0.0031347762432849765 1.0100614234083096 1 -3.8544731138272184 0.48839612618465966 -0.02494988821506141 0.008512286425950599 -3.523074696544694 -0.6977284430442854 -0.02992218567792434 0.005027662630939219 -0.2790679128832716 0.4298073613014832 -0.028337471227670927 0.023214509601428936 -0.2546463741738636 -0.7109509290543279 -0.034454549236508966 0.02643621576246987 2.545290032729132 0.2706248380257201 -0.019784137769997663 0.01554848444542635 2.2566775681689215 -0.7953298605661497 -0.03178699645690338 -0.006484617385831109
0.2446742099905763 0.08477419135215951 1.0738220877716262 -1 -3.8879375222836647 0.5425335110321989 0.0013811716452229762 0.010162577041692399 -3.5347319672892437 -0.6294147668178451 0.014292157314135294 0.019989300097543756 -0.29151397977269067 0.5506693917460066 0.016814169977141153 0.01911614195145346 -0.31807042488148074 -0.6020295444196301 0.00550089017256207 0.02101770889889833 2.4955683267965494 0.26696582782567413 0.015356187702540363 -0.010912296818909093 2.149073321917376 -0.7989587878395208 0.004810859647329367 -0.008150647438088535
0.16285018300093795 0.16429519859947134 1.005437321802469 -1 -3.9556653607778802 0.5621145454910703 -0.02135440996867556 0.001916752037240484 -3.5113694319774127 -0.5554579317708308 -0.0004141606371638896 0.009926353038790282 -0.28339030487330064 0.6502000531212146 -0.014369629091978649 0.014529678606810679 -0.35344642625127864 -0.5091588088025522 -0.01855308859694551 0.025285387899239845 2.4892069086738147 0.24807266233009662 -0.007966539244874707 0.003251679161138797 2.0677354389897307 -0.7949152731035538 -0.02514057070751391 0.005376070495388413
0.07547118031693699 0.2834182660791211 0.6287093203112574 -1 -4.05964192500237 0.6982058602870769 -0.03695845381806454 0.04792477832147997 -3.5730071353855655 -0.33933073427892535 -0.026235608015782085 0.05130549283421931 -0.25751212854127736 0.7504653678981301 0.027709568967843542 0.01072583602319677 -0.30553306275538894 -0.3683513785955763 0.03246779625612332 0.041049674443421176 2.6333084582842092 0.2593803084128765 0.05672594368471779 -0.01807744841542631 2.259422901600609 -0.6824305440277938 0.08320290399695218 0.04544639891396324
0.6997962 0.62033176 1.45841 1.0332782 0.6692486 14.541224 2.7210045 1.3644085 1.6143465 1.0304257 4.213909 1.2106644 2.480981 1.0654817 1.2780955 2.8542142
0.6896057 0.52967644 1.4283817 1.0457357 0.6651354 14.522697 2.8016315 1.32061 1.651731 1.0354991 4.214238 1.2659515 2.478401 1.080266 1.2799144 2.9536948
0.6855521 0.35988665 1.4297678 1.0624583 0.64096355 14.5016 2.9094472 1.6003053 1.6341949 1.0375615 4.220702 1.3103884 2.4216132 1.0864422 1.2888604 3.0364614
0.8448992 -0.22824955 1.5757626 1.071035 0.4826126 14.488576 3.143665 3.7661154 1.4164059 1.0395652 4.058821 1.1319234 2.2524211 1.0401983 1.3301818 2.7187738
0.6180291 0.7048626 1.5662119 0.9401151 0.5558877 14.700379 2.2411947 1.7875726 1.4542384 0.992756 4.3354187 0.87418103 2.4229908 0.9893252 1.2478261 2.5569687
0.27429962 0.3514204 1.308687 0.9934994 0.67251825 14.582109 2.3042433 0.85445595 1.5188572 0.9993286 5.0102863 1.2328427 2.322752 1.0541189 1.2266489 3.3718557
-0.27485943 -0.25812483 1.0329897 1.0580379 0.7097626 14.580636 2.8501089 0.19275475 1.6318843 0.95922196 5.968895 1.9063177 1.8478321 1.138365 1.195553 4.7628803
-0.3491521 -0.43568468 0.9854038 1.0288429 0.6750493 14.378369 2.0758686 0.060410023 1.3269321 0.9719235 6.1089807 1.6732814 1.9154305 1.0969422 1.1704719 4.82539
-0.81217957 -1.5871549 0.5400708 1.0898545 0.78653383 13.680491 1.0038927 -0.9648943 0.86109567 1.0313319 7.2686224 1.8302708 1.890202 1.1368858 1.1136441 6.225931
0.7838354 0.087819576 0.6121538 0.43628812 2.5733838 12.809562 1.7291338 0.53281665 1.5694196 0.96825874 11.220339 1.1658244 1.4738472 1.0480442 0.5971942 9.560837
0.83187675 -0.62449646 0.79336 0.31529355 2.2413886 13.036904 5.5224996 -0.7467158 2.9350064 0.78161347 13.193623 2.7874246 0.27235073 1.2283549 0.49342084 11.821115
-0.6585183 0.45923138 5.2704296 0.9249158 2.5294404 13.187669 8.199848 -0.07616663 -0.54182297 0.995872 10.292502 1.2647214 -2.616383 1.2163444 1.1022286 13.595613
5
5
5
5
5
5
5
5
5
5
10
10
