59
1.6798949765321574 1.7280961096036702 3.0486882425069313 1 -3.75 0.19999999999999996 0.0 0.0 -3.5300000000000002 -0.77 0.0 0.0 0.13999999999999968 1.1099999999999999 0.0 0.0 0.3700000000000001 0.1299999999999999 0.0 0.0 3.0599999999999996 1.79 0.0 0.0 3.29 0.81 0.0 0.0
1.6094233245684353 1.8539831203391919 3.0789274750168727 1 -3.7858497994177407 0.22220082108203232 -0.016879011153752472 0.023778570057542095 -3.482778325975672 -0.7474774663504782 0.011448700888757997 0.004963889851629263 0.17027218388444965 1.1094362158712632 -0.004427280359692733 0.0061108039482639254 0.23619389102456623 0.10609080002339222 -0.02613277639150944 -0.015290797179479884 3.102204307255712 1.7750419200133583 0.01880869303470642 0.010547920019826634 3.317471661824386 0.8427840448801938 0.020578767930891393 -0.0012527396361365975
1.7241005140613457 1.9116230878514355 3.096605663230902 1 -3.835478172930918 0.3356198526087897 -0.014501353951762304 0.026175333064623066 -3.5371090698309358 -0.6357317108790466 -0.03561104419860864 0.020443580652636614 0.1406691014678092 1.0681980337927217 -0.008416614182754672 -0.01790166390108922 0.19030804445191318 0.09572223838119287 -0.005392882959388305 0.007826964743710899 3.303311311800427 1.7705448040688587 0.04100531028955677 0.010683113868663989 3.5039375064301517 0.9320344715669888 0.04672859782022661 0.007550393738602917
1.804914256620046 1.9897130649470751 3.096638610179041 1 -3.8955229059986807 0.466718484993246 -0.010904625502340226 0.01385638616316474 -3.5949949811144024 -0.5159715481958982 0.016998440267493684 0.036600465006603175 0.23775217560305606 1.040262626403989 0.03910433947498047 -0.024397285020792206 0.22934766989952404 0.12858154471474736 0.0072619149505810535 0.03327760842614775 3.558789663006536 1.8047057750020592 0.054050575169162535 -0.010218369213450103 3.7741183419621134 1.0103598623047962 0.04511308218991157 0.031082667816182595
1.8584038930476185 2.0638159374786964 3.0983079744837365 1 -4.004658649023052 0.5090460523362259 -0.020474587127705526 -0.000524243037627407 -3.5491764319199266 -0.3640386216916288 -0.008050066980294923 0.02335641253797401 0.4528512616514755 1.045122541385815 0.04688328171817486 -0.025661549407678355 0.34063032248985525 0.17018072564355724 0.035888605940488205 0.032781986146216954 3.810075097762663 1.8577216615946832 0.05076559961478887 -0.007360189086742807 4.0201582581722235 1.0609253841851811 0.04084301698309768 0.024647697052113456
1.9029744749255173 2.122303160474091 3.0564595187188783 1 -3.997799391252024 0.5374765778208785 0.001136132991416526 0.012803172155613027 -3.5446668061992272 -0.24131313314087044 8.905123146860962e-05 0.006974088979097551 0.6449778885886994 1.0525882738643508 0.03555825312502214 -0.021664971683284292 0.5455905126458189 0.18766774501501948 0.03434536213054685 0.029020441969107927 4.011128663145282 1.892982488420604 0.03706933860198365 -0.0104531875653423 4.242331055488187 1.096438780928314 0.03553893279715113 0.020336472070561416
1.9335278131631528 2.2382986405624474 2.9871076038478086 1 -3.824847567884463 0.5452737231250806 0.06138430585486931 0.02252484231839323 -3.5431610563275493 -0.31012594816438177 0.017011966898417455 -0.049333920077673066 0.8015013290234467 1.1176405128232072 0.030998973571282572 0.037424498005114576 0.8257779246955845 0.2617437000396219 0.060941462969859785 0.010666132621565745 4.119781941616722 1.905225505220447 -0.017045592947033797 0.016680026498645594 4.412033861543998 1.0747504574850932 0.016489563957202264 -0.04080123273603755
2.1056788080766893 2.5461873445037355 2.918603854440545 1 -3.4728497448933124 0.4893818974890485 0.06896192012467305 -0.06236236496088492 -3.426051488149426 -0.5142596576142691 0.011717406625241351 -0.005460267925292361 0.9216178006863727 1.268766057113376 0.009926089838902434 0.02545970103637124 1.0601517019449282 0.40554309217609985 0.02678179058246108 0.03468434218690676 3.9739747659389497 1.8575033987244889 -0.052570626126908715 -0.03485046903496478 4.376018930361402 0.9159693334338197 -0.04644717041792382 -0.0371555010863959
2.254342937994114 2.686572542740765 2.7384092818336105 1 -3.3093397710715706 0.265265520474822 0.005339623272838594 -0.011954388760128228 -3.363374168364296 -0.6262390088039218 0.01836647101295254 -0.04765747225132399 0.9406602214152349 1.4346154014808894 -0.0048914467679591084 0.04268771781874084 1.1338605779612498 0.4946126373627462 0.0009629882319366814 -0.0067794020089407755 3.7812038729652535 1.7501312907988038 -0.04199809194058029 -0.012126656862697462 4.163769300057073 0.7176891491206936 -0.051531893053869376 -0.04395945633545025
2.153221673622525 2.5887270710223795 2.6662978031200693 1 -3.3061115441094193 0.13659405244027356 -0.00641862179410795 -0.03533141056132102 -3.3451642349995554 -0.666504563059942 -0.007086440056544116 0.020140460260429274 0.8500592982639121 1.5113230421033954 -0.04718322971283955 0.004096055105518916 1.0307615720838328 0.49233946711694254 -0.04957781356394186 -0.01424245318435797 3.545594571550563 1.6719314513512904 -0.027586598302152897 -0.002449037082080361 3.8743124470105528 0.5918447216137359 -0.03762260023647422 -0.010535630447095122
2.061210998683229 2.4629113979431363 2.7140192619388523 1 -3.382714972807025 0.08325410860173332 -0.023995946956297063 0.01357891019225108 -3.376179783884907 -0.7256501597607299 -0.010203171846424218 -0.0491159175125122 0.5963256416004237 1.4538566698450586 -0.04694938002775901 -0.03573672682761883 0.8119818437179962 0.41656562224685456 -0.034018312309024586 -0.007019076229306795 3.2770349798442684 1.6269003613319604 -0.054997307492917216 0.0031516624308591014 3.603867424404772 0.5618054104736712 -0.046077038732102865 -0.007506040784202785
1.9975951220015746 2.3685053046680573 2.8379286412002034 1 -3.4819859331352605 0.0395818523505147 -0.028189456526788587 0.00518899385041355 -3.473731474894983 -0.855834558558047 -0.025165881223400053 -0.04926954511286054 0.24560486381559965 1.2700071643416684 -0.061832472925230524 -0.04331783213583164 0.5380554359561875 0.260273026887911 -0.04893001395695338 -0.03780656800560565 2.9877427067240747 1.6178154485392824 -0.04843808910399734 0.011094539400983662 3.3580774433158096 0.5980476991541694 -0.036647366669030595 0.008962760700244824
1.8822597187506205 2.2523842940157417 2.9752456102091176 1 -3.614022880242926 0.010282415986984539 -0.03961050439058194 -0.0011487512828572523 -3.5949087498081744 -1.0194063970189042 -0.029495413283600072 -0.03516461825270299 -0.06302987015565087 1.0277140623868664 -0.0605481368900486 -0.04164880563166122 0.24544511820025772 0.02706651693198281 -0.06123525731115898 -0.05904348566180582 2.671056261113332 1.6267182802236357 -0.06594621639647333 0.008904868681863427 3.08145295728338 0.6285029014081849 -0.05892938300996564 -0.007506847633927985
1.7562356286804983 2.0861527525426435 3.025993341189367 1 -3.7206841966152706 0.000824372466196488 0.0028474226888899248 0.0009260173988981796 -3.6620751259247406 -1.1713030925670649 0.0034155406336738303 -0.0286349008977822 -0.3059353746191267 0.8191074250913 -0.05392742452175904 -0.03804061841698964 -0.032727534455426976 -0.21085873265480048 -0.060267077386458125 -0.04289697831926244 2.3505175820594424 1.6154618003697938 -0.04495333742476955 0.007952377830919588 2.7523245118801274 0.6220699598503474 -0.04743440149692989 -0.0015347440869936616
1.662645254363917 1.9402506885057582 3.1128536511471765 1 -3.740371372408295 -0.021412598893398083 0.02149098231925044 -0.013232710566524917 -3.7123887850868598 -1.2704278388678218 0.0009275847593563438 -0.007001705114329306 -0.5107344127446249 0.6884567514601629 -0.05531447939668888 -0.021593256693850704 -0.23681390840508065 -0.38793312343288755 -0.0458767744781537 -0.034888951870729934 2.0267347542436482 1.5726442143234634 -0.039381392799569585 -0.008424866438119084 2.4309948231614475 0.5696057949993703 -0.03736792885073244 0.0010155074760738111
1.5999464492665503 1.872532812987034 3.2075543488050413 1 -3.7140514258159065 -0.08037205222209942 -0.015803596168897142 -0.01610782138268754 -3.7708518201455936 -1.339101373810027 -0.024673206107188816 -0.011909690268949056 -0.67065689440102 0.6168128563201223 -0.023202093109566294 -0.029037516449602764 -0.3408082679298374 -0.507754045629729 -0.020750320858448093 -0.0030791823196677556 1.7179680502025603 1.487722139785892 -0.0839524215411894 -0.03768136956738642 2.1907388297897867 0.4790273232427882 -0.06767571497402312 -0.02970321598491196
1.6208331551184694 1.9181378103238131 3.271153042468682 1 -3.68783614233449 -0.16846411043809872 0.013697664637856696 -0.023040794769328424 -3.8231736426596195 -1.4086158762403158 0.0015662746835877449 -0.012903131864376163 -0.7639700710720474 0.5561313349315642 -0.026613568577586847 -0.017802748841530013 -0.3834076281639147 -0.6038789126240786 -0.018666594449765976 -0.025018438912676154 1.4972326617786784 1.391706696768527 -0.056531501921388866 -0.03694520421196362 2.0638733434822116 0.3860715161598358 -0.04254757467656188 -0.028045540311110766
1.7392195124485412 2.0507007235129002 3.316566311031638 1 -3.6757178594347764 -0.26537760281023215 0.013711615673117582 -0.025644033234369243 -3.8789115143526525 -1.4814227815127647 -0.0025398506338847153 -0.011567955421608503 -0.8025391661312975 0.45572506320489437 -0.025268628568366123 -0.028688612606764367 -0.39801825763112486 -0.694491935592155 -0.019506631622938943 -0.02817704093206809 1.4092607736052516 1.3080292091770422 0.02436346560794811 0.008759929266546083 2.033121767690168 0.32061687812500606 0.033875625344768165 0.0059816529762900215
1.8793773777338147 2.2128926952794843 3.333732081798439 1 -3.665230531336582 -0.37292368758588235 0.009723841424302828 -0.028129480908667216 -3.955076246034988 -1.5510205399571233 -0.009465737273463323 -0.009474064929744553 -0.8096401502169019 0.32451034389773614 0.016841757377349734 -0.025875268405652258 -0.37800227861804725 -0.7908238213149789 0.0206560135735041 -0.011401124478374474 1.409793162681531 1.2343475890894382 0.02924836033896329 0.004093657879373244 2.0825786367206156 0.2956139800873743 0.03656871416117329 0.016245957424811212
2.000293836864675 2.3628833891370244 3.2854681970631856 1 -3.641616500480268 -0.4900068747887315 0.0110280297495046 -0.03416442712893357 -4.051519925080204 -1.5987120703047983 -0.0074510677857104034 0.0011430468807369087 -0.7854882854826974 0.17529911536104614 0.01996680010315089 -0.028005706392516608 -0.32826585717988443 -0.8952763877190483 0.023368157359104524 -0.01620044074948609 1.4448494786766517 1.1803025728222445 0.02162160176808885 0.006288930904853771 2.1801869979144266 0.3265358173190329 0.03287701536765552 0.020516261611874764
2.110194271494986 2.4943370487164493 3.267350255442505 1 -3.626007628502842 -0.5940829411745081 -0.012470488803631524 -0.008878697837148588 -4.133954237409917 -1.6270559724572384 -0.023963477495804957 -0.002114980530018429 -0.7269828605009319 0.00947188039026936 -0.007629622466825688 -0.048967855086843926 -0.2567502149108636 -1.012718162785121 -0.010478731015614879 -0.03191638727469225 1.4794362437107944 1.1654967408307004 0.03137497495738105 0.021756865260853436 2.2748139878165787 0.3925143474853907 0.03088734779895163 0.03786033846897241
2.193991057296276 2.594499648850221 3.2801844240424542 1 -3.6150223809762747 -0.6603240458364996 0.005344975146528264 -0.021675712383108763 -4.179425716468067 -1.6339859091706468 0.009332569329897514 0.00963182108514436 -0.6433956811087453 -0.157702995834208 0.014359497835627632 -0.03469179143558565 -0.16973883184690752 -1.1456589921222529 0.01368453823016225 -0.027937775731753878 1.4979124666036494 1.1705755165775837 -0.008463356786150341 -0.012206012561097905 2.3374754048532695 0.4663935677657358 -0.00042474903916641044 0.004388499058137523
2.2206608443034535 2.6300799488464803 3.3050325266196228 1 -3.601200329526153 -0.683825533084133 0.006289586817448531 -0.014965972376740293 -4.176619661708163 -1.6235600745712473 0.017751434650450915 0.014723717035511945 -0.553508828042752 -0.308660899671083 0.03363691001627528 -0.01683189317561058 -0.080334301121467 -1.274441487339333 0.035015460430454365 -0.018963980011400674 1.4868338515314754 1.1639575601019523 -0.010851367447648617 -0.005070338730002857 2.361578334562834 0.5199985680159871 0.003730240623595474 0.0011744116212226222
2.2258227277469715 2.6393406105233006 3.3319250191366145 1 -3.5785803201158117 -0.6703860500250922 -0.0034855417107330783 0.010368634705346963 -4.146109034015329 -1.5963843730956924 0.0025002380539356807 0.01149583231968495 -0.4845373393472894 -0.4348400382660358 0.016659459748891194 -0.03246594032144783 -0.006861183271802851 -1.390886803506888 0.005962488432068477 -0.009112284516137992 1.4496108095780302 1.1423924458937953 -0.017961937656720495 -0.020998710439927105 2.357623224720717 0.5518515015361822 -0.01318980391987799 -0.006985399776889358
2.251590903934612 2.6593553106439516 3.3069660567865165 1 -3.5517446855184063 -0.6290810972990915 -0.0067255966608395085 0.01919773732121531 -4.098695720488075 -1.5582521979921955 0.0002619253862029963 0.01231096537631948 -0.43659832820557565 -0.5267623867166591 0.01796638390014972 -0.005700436560223716 0.04380683701607069 -1.489128337049305 0.02035276739362868 -0.016671943112359082 1.39458323419146 1.1120123391344525 0.002584724267704846 0.005157484040423443 2.3309532857718596 0.5622324505111662 -0.005342511605991775 0.01694037791399635
2.270767406146717 2.687229841199256 3.2804689174917754 1 -3.53220409253914 -0.5723045219315898 0.009205203071808912 0.0076684132423788754 -4.050490903146446 -1.5189771117134696 0.013438963142769414 0.0037139119350368273 -0.4076661178076044 -0.5887577972175728 0.029922490953352063 -0.0009779328650234287 0.07000483650908684 -1.5636466269078286 0.020709277148149123 0.0009589013990463982 1.3366941456627268 1.0617232401403398 -0.016752467966260128 -0.02243616050831517 2.2992982450988366 0.5412690486375222 -0.009560748014252737 -0.01617268086451842
2.29431632377586 2.713268692432168 3.256395582262185 1 -3.5280873531664763 -0.5246423653061554 0.0003302043635621298 -0.0019358384701019264 -4.019426804357347 -1.4909272969715683 0.011798705561534333 0.012071507490445057 -0.3985297859680266 -0.6273583037260965 -0.01910608799201011 -0.014510629433178247 0.06726998198757794 -1.6174981538420634 -0.018646843864219213 -0.015927395500015165 1.2915136148181032 1.0005302515575578 -0.021986604993959137 -0.028319795016265227 2.274183973765947 0.5084276811714605 -0.006047817395293052 -0.025732129112641375
2.330589797148241 2.753376352254825 3.228864838271383 1 -3.5326276009391204 -0.49785272931120594 -0.003431387290233144 0.011686948323200518 -4.012547161125901 -1.485979861063955 -0.008622923318031543 -0.00794076582795292 -0.40526839654362945 -0.6450583413380264 -0.006885604173594162 -0.011304070247991752 0.041010405975355546 -1.6555680422544925 -0.016641057715412327 -0.0006527470515927478 1.253468489454197 0.9370310734697276 -0.014940824874330473 -0.028468906035302857 2.255731581610606 0.47250078375157445 -0.006589354634000145 -0.021552533459580102
2.374257124122783 2.7944857227983446 3.202494783013917 1 -3.545127353988743 -0.4944534682956321 0.004401631611510152 -0.003044062141564414 -4.027635363192292 -1.499170605106194 4.260963586797881e-05 -0.008927263448345869 -0.4166001149048322 -0.6476724819780666 0.007954024186199934 -0.0004176217651226258 -0.0021493168160011678 -1.676778682453672 -0.005116967196570649 0.005993224361600366 1.2344057072932317 0.8786953193327436 0.006799460641053211 -0.0008165148786183005 2.246960845595149 0.44129139788496885 -0.003089042360351467 0.005785646570734354
2.4078502401360407 2.8291696077427892 3.179813297372116 1 -3.560322393851608 -0.5083681264137918 -0.001472005058019317 -0.013585832920344217 -4.053006234246339 -1.5234199251584601 0.0025277796376742268 0.0026880635588422234 -0.4359160154775257 -0.6448523336048604 0.0008397990314270784 0.0069943040053177565 -0.05520152453845295 -1.6849093247843756 -0.002953613513401912 -0.0027862166516425257 1.2206219526809328 0.8242883941523336 0.006985741167331586 0.006626308977184102 2.240035736533967 0.4060427624668046 -0.0001802123797178777 0.008573850557805983
2.4393609302563792 2.8681440606741737 3.169566254726196 1 -3.572817738939394 -0.5316324090493323 0.006545135965313844 -0.016963470918008924 -4.082016115108627 -1.550862048876429 0.006617859622470253 -0.0016345056017206087 -0.4636163226959287 -0.6388657548186236 -0.009783294520446045 0.006673025699104839 -0.09714557019418546 -1.6872037161115894 -0.005557829790443704 -0.009593691920897256 1.2053217511950276 0.7756237862074453 -0.007360866390732796 -0.0183141482951004 2.2345785118747603 0.37582000444426233 -0.0022369833356916773 -0.013032328206680543
2.4988685394972365 2.9094855289298427 3.107621501853161 1 -3.6600432197088923 -0.6821794017006724 -0.006288487013264506 -0.061421319321516996 -4.122109165302475 -1.682953477126175 0.003010907854732063 -0.03022636657888073 -0.21968172664094432 -0.7151691213274131 0.06495123387213117 -0.016358663736997653 0.0014635452409468286 -1.65647731296046 0.058690771908615845 -0.006418735450691149 1.2391738800455894 0.7992356350844758 0.04560242751853894 0.017543610610877322 2.2720721340974084 0.3738814553952774 -0.0018272594457159723 0.017345965378067325
2.571974518681186 2.9810585699227987 2.9328780825574365 1 -3.7191300467515633 -0.9862704280138317 -0.011367285954658845 -0.0731415659183885 -4.245612734520234 -1.7541360681984357 -0.023057495013619252 0.007618261813785868 0.051261241472700725 -0.8521643571556514 0.07943276578192826 -0.02359692579199031 0.3445910835896333 -1.7036562321891782 0.08723603178181231 0.003357443600509295 1.356567014296357 0.8602005468074181 0.01753239685767817 -0.018970363408299176 2.4226502283389504 0.47242421939544554 0.02250418322072359 0.01952243684012154
2.6087710692312434 3.092985047083731 2.790050867273803 1 -3.788113184253466 -1.2177989136563527 -0.017318102307492412 -0.025555247792626645 -4.357713188625095 -1.7889556625875231 -0.004663796918023192 -0.013013721704151259 0.34960677218172176 -0.9697786977158869 0.06851292346389931 -0.02721423949991482 0.6741164739444594 -1.7627285372405734 0.054403377988533036 0.004393814066319167 1.4742223899804436 0.8741997965439607 0.02517370712629986 -0.023562648179622836 2.5936151538866783 0.7181829334413412 0.024992021236169996 0.034548801354030885
2.7956535799319253 3.0069917701512368 2.580723512431647 -1 -3.8296502062689175 -1.271040409751588 -0.0054347880772365655 -0.014046356856965682 -4.29742840479343 -1.8556854487963288 0.04088757133161633 0.008965010820851226 0.6087605926385837 -1.0544735710444308 0.05115400720903355 -0.029100729567630296 0.9208972799799255 -1.797721587501356 0.029903723076131195 0.020320491934271757 1.6230203517135502 0.9125019045845009 0.03305566911009752 0.031963639685120726 2.728147928166412 0.944461789038858 0.021975760012124118 0.04987004109282987
2.9776381494198154 2.8577695288264082 2.458321947933438 -1 -3.7599399627320933 -1.2296692593219944 0.01206293433694441 -0.0020176574645120564 -4.175880594652302 -1.8246633011084321 0.040744716276486855 0.03616035184128075 0.7741658537672755 -1.0709244628396615 0.03453916523112607 -0.014329540813223598 1.0858484340606207 -1.787453599248975 0.0108208862153301 0.031583149829986085 1.7794463908182836 0.9950644352554483 0.03387014707925774 0.014783101164794102 2.8517760199171107 1.0670830691597968 0.016711689478075234 0.015082301085518474
3.0290084808148325 2.8087387277028744 2.541910461916122 -1 -3.5569595530689884 -0.9923735622764016 0.03516659349294361 0.06469636017980397 -3.886636560384052 -1.7716371869276708 0.08609617027859803 0.021372900604510317 0.81731886594459 -0.9491331326793054 -0.007412958603519945 0.025023479707636666 0.86581005899827 -1.8998367974274482 -0.06823232463727166 -0.02764270863640028 1.8944480875070093 1.0357685465238968 0.010452861289826624 0.016463624315174383 2.950958449671611 1.1120122708124818 0.015582006442642241 0.013664799557146307
3.0390760808628356 2.8016354050108694 2.5891189811522577 -1 -3.3869096939734122 -0.6313120269480581 0.010427309721273304 0.05812981017149088 -3.5127838547696038 -1.572682656092005 0.05368422135053469 0.07091670867289927 0.6947339023194727 -0.8986633536469215 -0.028078354843467632 0.003751156369018691 0.5575547989905809 -1.9686943040112066 -0.038520718088167344 -0.0024207335827995686 1.910116714190468 0.9767791380957305 -0.0011470350874079977 -0.023686889398049436 2.948565417316374 1.0399377962702636 -0.026661833740594363 -0.0338304708016988
3.005242684471556 2.8460209804676255 2.620577323801015 -1 -3.4112638903428225 -0.3279829787761581 -0.018676763059806294 0.0436794359432922 -3.465915903700592 -1.259952547607908 -0.016181688252912392 0.05984177680366869 0.45168526546142385 -0.8576920499508445 -0.05582472696320223 0.0006962113715750142 0.37027589791983306 -1.9435950119462837 -0.04433071676068076 0.02945780431839933 1.8090262198307334 0.8522900952706212 -0.018017208377078743 -0.03907665292393092 2.840581142494478 0.8167798045345747 -0.04550629840716092 -0.05813542663043221
2.8339834020278465 3.0050936081659207 2.6694492649304915 -1 -3.5165948822040876 -0.09066967588623542 -0.01585362767098278 0.04704868973677568 -3.6193691475205427 -1.0627378476725955 -0.02648830085112603 0.024387110677180406 0.20873952701881748 -0.7853307467594914 -0.045232091371271405 0.01878599382111152 0.17085116393971767 -1.8493631079911186 -0.063632120795122 0.02188910569672952 1.6491697098679987 0.7054848619768639 -0.03266781969935419 -0.008563997988925733 2.695108177993621 0.5258227505081261 -0.020230094072926745 -0.047182141200561925
2.6143607709322163 3.051444534750558 2.7201896315693075 1 -3.6183044265877653 0.13784551475536566 -0.026889076158674516 0.0501094212615772 -3.7120897456841373 -0.9735501396285812 -0.005942757047142243 0.00835837617832753 0.02479847535208446 -0.6770598009767491 -0.0644203005673925 0.020903091276070457 -0.2000918098943565 -1.7081297478794857 -0.10068553248277068 0.03804645042546077 1.5243059653320197 0.5728384368574178 -0.01283716206303424 -0.00034549603013399365 2.564855537212308 0.24713236323769316 -0.01373819343970989 -0.04310484725197971
2.4313121034518357 2.8503865901981933 2.826610718438463 1 -3.785559679319386 0.3214941074184987 -0.025888621370583613 0.021848515464335694 -3.6766639924136677 -0.8852437300723198 0.026439845284318857 0.032649923026922205 -0.1417689521921055 -0.572277337732659 -0.020145842878372986 0.01599744949435435 -0.5782545551263163 -1.5505213213931237 -0.04964687945369982 0.02276832040079644 1.4544881309630968 0.43332661725377974 -0.007384997954585615 -0.00995496354990715 2.450743906555533 -0.01169975996256667 -0.010671221096024319 -0.03498103786454586
2.3173545345387643 2.7305836883463894 2.7853359209173387 1 -3.939311241809831 0.4735115257558775 -0.02263268670970956 0.02092370295937904 -3.6478789057274503 -0.730935561020261 0.004227514562323825 0.040761990397337806 -0.2975994366515895 -0.4697344220666595 -0.024563155643310523 0.026545156745337865 -0.8086933262523694 -1.4532851599594419 -0.03696104427559319 0.008676054225826558 1.3942577609870934 0.28175092784768685 -0.0075088592311042856 -0.01646288732151376 2.3385775773400903 -0.2431991281948297 -0.00925035593351979 -0.03455556728082458
2.274811933762804 2.6686763752251235 2.7292654016341893 1 -4.047483085022467 0.5909129869029415 -0.027644962298339064 0.014230724477310943 -3.669234732613798 -0.5683435313188356 -0.021776766242701123 0.024735259056033958 -0.4015694883695744 -0.37257841150029236 -0.029680512616494382 0.02532910605589838 -0.9300423414677264 -1.3613641218649797 -0.040154196127973135 0.029729337227115547 1.3506536863924978 0.13566773204680938 0.00688271162971721 -0.008697620326936828 2.24884906019001 -0.4568833230277005 -0.0012498060104921584 -0.031198067400793526
2.2362366678032997 2.5880836698109038 2.661119888423997 1 -4.123067897363576 0.6675335208040589 -0.02876792778462267 0.005189209662516119 -3.6939939646609803 -0.43790805106816433 -0.020699737448233516 0.015215452183958837 -0.4018896723775569 -0.3063682846111262 0.004486333398068906 0.00878599682015044 -1.0506564344396363 -1.2182664367657015 -0.02297316590023769 0.03189974499146543 1.357532399294433 0.005882846091795235 0.015526921972603455 -0.007315011486436056 2.1995851935456914 -0.6622217004258402 0.006918152606156478 -0.031289042198815356
2.135060503392331 2.480321071636428 2.595997913470634 1 -4.212836382060068 0.6891229296937491 -0.004056107616808295 -0.009652866952161927 -3.689095935231282 -0.3306223979164117 0.006956723926582021 0.03307798192692211 -0.3830630284823604 -0.27096136883105726 0.01779238193612058 -0.0034715780138343754 -1.1491770382720756 -1.0756226147822348 -0.004535203379329111 0.015476754376535087 1.389894858117482 -0.11103582131025391 0.01580837183748051 -0.011556335474672889 2.170948261640122 -0.8533862172524194 0.009310803260518636 -0.02598022024494134
1.9470885827263495 2.2218801083264688 2.5807294723799554 1 -4.295367648339977 0.6825980156788023 -0.023560111415841523 -0.0027681024512854323 -3.6721006647916328 -0.23631762482623875 -0.005890979158316376 0.0073719953149984805 -0.47946305612031015 -0.11115918966954474 -0.014480501251825623 0.028646858199469768 -1.0714113048141258 -1.0959569569016607 0.04327196854176819 -0.011939276214515664 1.3904381047821817 -0.2014924770715708 0.0008053894219907237 0.006363509057160441 2.109729020822641 -1.0269793138308765 -0.007408344970005166 -0.032068174964897375
1.5247566506329522 1.7922619125247825 2.614611031516866 1 -4.357845543146693 0.6779003322388675 0.003902236816844658 -0.007164068363306572 -3.6683663798698287 -0.18148059531026128 -0.001754730378260956 0.01732977912115899 -0.574393472889307 0.04317809554320706 0.007736274661187585 0.016038395328724437 -0.9933808378591586 -1.0644276214365307 0.015428812973703653 0.017890726404936795 1.3131192750414824 -0.1812856970192246 -0.02934019078178779 0.00976707716926193 1.954762258224866 -1.1554746039045196 -0.04699839541009598 -0.012484757508485048
1.1927271988300578 1.3646955137236594 2.550563684599078 1 -4.398396998455906 0.7230104696709687 0.006243426221340415 0.021368848510165184 -3.714338866379598 -0.1948658724934591 -0.006241425510352099 0.0033855944430869304 -0.5921210470337117 0.13588616714166557 -0.026278630286568475 0.027300327160798568 -1.0880115944575586 -0.9363471077912915 -0.05400982163301783 0.03368563774309919 1.2719032771451468 -0.03451944587527245 0.024483612245346606 0.04994587809490084 1.8187865503386957 -1.0868482649341165 0.006878349935428296 0.029092021620809275
1.0122609726012235 1.0942170105699949 2.2523259412030887 1 -4.414889273040818 0.8090040480492553 -0.011000854176577632 0.021186831047833508 -3.788305525514117 -0.21662824692935678 -0.009988808753370187 -0.008086799486568416 -0.63601774054424 0.21903051564508513 -0.02913509759994471 0.021452570126171737 -1.2083659587021183 -0.8385086854670739 -0.02391355837214152 0.01999321932662627 1.3406101990200119 0.12589071312102296 0.022454692004803562 0.01714883174894205 1.7372448539757244 -0.9850808665471983 -0.02456347027959594 0.02399190244228066
0.8815685118706901 0.8917997737816178 2.0103976212055583 1 -4.448194968599831 0.8244221928822961 -0.021876483016298146 -0.01499849796614532 -3.805535517733874 -0.18021044185004365 -0.012907722292136981 0.0010264178138539755 -0.7238169203460023 0.30566906546620976 -0.0009107741989480321 0.01460115563166594 -1.1916927067026957 -0.7919953340489387 0.027125991677783817 0.0034860802738193447 1.4809137725801182 0.225989400901349 0.03147692396798352 0.02454458076994462 1.682117209296437 -0.8960504668357409 0.00362349109752811 0.012659259941711826
0.7053053106062108 0.6450567058150587 1.7865506895525733 1 -4.514738023055219 0.7722501929651417 -0.0009531395910753315 -0.006833733787094485 -3.7763886862252107 -0.12028862674262819 0.018634966444463174 0.027360567306353813 -0.7710152173589129 0.40641166442444354 0.017324867653093202 0.010239998652416519 -1.0961924291629637 -0.714719272890523 0.04090866298429041 0.024933720452506886 1.6247303272996874 0.3228856775002089 0.01129133927336427 0.02797492016077511 1.6988064120010868 -0.7959478027340628 -0.007755940208731714 0.014171412899210506
0.5283887724506179 0.4027049853520175 1.6118732934049018 1 -4.579932101628031 0.7449050890220561 -0.003478292499093515 -0.001893019750668786 -3.770994842549379 -0.07948237645175737 -0.007218038880734373 0.008133184616092474 -0.7324114054738717 0.534996149696874 0.030687344926160712 0.024940322025352346 -1.0006217779157827 -0.5738195502330288 0.03189761581466055 0.03328795560455386 1.79507568614937 0.4332904654228569 0.04151933368677942 0.02733084162743597 1.751316725828178 -0.6819027171284805 0.014822809752539919 0.015386004420733358
0.3937032316620825 0.21998726046219705 1.5242153593152932 1 -4.591126328677692 0.771114062190974 0.012987047341590691 0.010574208652617633 -3.8003251372021056 -0.06210211506749874 -0.0008056008201684818 0.009588326213070627 -0.6510505297555236 0.7115043602631492 0.03535650769408334 0.03387151036270931 -0.9162618328619927 -0.3761369124918881 0.03470516858590137 0.04147440997123549 1.996598592469609 0.5052076276117954 0.019205481393120734 0.014226954855584308 1.7977068919695531 -0.5870712241282563 -0.016028010007977933 0.018999646994580677
0.26735156383868247 0.05413395897273062 1.4781405323793266 1 -4.556410794307089 0.785214327708956 0.004287237088852213 -0.004181587691192657 -3.80556829588833 -0.07627115217378577 0.0037357424056732613 -0.010359340998433289 -0.5714595939613645 0.9240792992841531 0.03514326780999298 0.0376998358722309 -0.8137391563363328 -0.15989670005697876 0.043675198839596016 0.0397961950020739 2.179009799159841 0.5225928794360006 0.05502040884162107 -0.011124608438720375 1.8403813303221233 -0.5249039722374401 0.037576429603938435 0.003198896065415296
0.14889345508316698 0.10557376412017755 1.280160562630724 -1 -4.493871213889137 0.7240725472724558 0.017338864029379078 -0.013384343983152676 -3.730646495283694 -0.10931703070456478 0.026560377830369956 -0.005793348236744345 -0.49755507724915304 1.131696835506696 0.028054263194674457 0.040732666530065964 -0.682748789548286 0.042006911585500406 0.03862960577975125 0.03242320116254081 2.310605267400158 0.5231539788345769 0.013745931732446577 -0.020055073845511338 1.8852963718769882 -0.4746506385465895 0.011523707811325393 0.026247920280763667
0.024410082933508753 0.2666805410417972 0.8683244176534854 -1 -4.476772840843951 0.7345222609972315 -0.006382978045938462 0.008045627715250359 -3.7582487656776227 -0.05930741463268152 -0.033096037670298804 0.017290173069682953 -0.39327907545522844 1.3216769337632286 0.025211168393849726 0.01937200990814988 -0.5694972282918145 0.2649512455715801 0.027101698494208647 0.06350550547108191 2.4864117420447824 0.553419598008654 0.04462595231677173 -0.001985889342955488 2.0754419729011735 -0.3743000059211107 0.04575626659395948 0.03526873450915943
0.018463599937698034 0.3485663402410016 0.3684638838861884 -1 -4.562029375484835 0.775044241735076 -0.03562933821480954 0.0026879083260785332 -3.8452242888813872 0.11167455261639603 -0.006193674224161196 0.038118808180718194 -0.24593108679209053 1.480321848641804 0.03775224119862834 0.03689448885584022 -0.4312542745036607 0.5036980026239211 0.03571060219924079 0.03529768550618578 2.9111613626514883 0.4411823418721199 0.07707400226290885 -0.05431609261306726 2.392701332773415 -0.31806243604329454 0.06455023701654843 0.016359523942747638
0.00023930855009802768 0.5033991882737704 0.05146944085429457 -1 -4.6837898641370055 0.7434106352451737 -0.022886173771389854 0.003285142083116116 -3.8974846413877096 0.28688947685550414 -0.00608558958654448 0.014726961542611747 -0.040895294923462444 1.596898079081336 0.05028735955370083 0.044674715686700665 -0.2155288477348032 0.7162079005803659 0.04018200378139233 0.01718679847361371 3.2927876498651525 0.27390605547240443 0.07214152287563504 -0.013136298584332979 2.6786057160488186 -0.38629749422461157 0.04770287921026738 -0.03771778641721224
11.527749 -0.78237724 0.19135183 1.6506815 2.8245475 12.051548 5.416106 1.4025197 0.37268114 1.0491993 5.844564 0.70181966 2.5902848 0.74913526 1.2752285 3.083314
9.700514 0.6294546 0.29475164 1.7882977 2.0153952 12.591046 5.35528 1.1645501 0.36130953 1.0755966 6.1197653 0.7267904 2.741456 0.7272086 1.366045 2.615695
10.487823 2.917883 0.8693945 1.7318074 3.2172384 9.667118 4.749146 2.1038973 -0.9444895 0.9843559 7.3587003 0.746136 2.813626 0.56216395 1.2531154 1.3377194
10.020839 5.206394 0.8005144 1.938463 2.9200015 7.707706 6.13337 1.0700974 -1.0750983 1.0817027 8.242296 0.8723426 3.0064814 0.49342692 1.3940694 -0.5316863
10.25062 4.9437513 0.85693544 2.0249705 4.057967 7.75767 5.570886 6.16165 -1.0278327 1.1511177 5.963111 0.9231133 3.1532164 0.44109535 1.5026082 -0.35478783
10.484296 4.9625673 0.81381434 2.1376872 4.02012 7.3498893 5.670162 6.5389466 -1.2863402 1.1613499 4.9540505 0.9934962 3.1784394 0.45086515 1.567689 -0.07220411
10.571837 4.9820485 0.815313 2.1899338 3.8823307 7.1464334 5.6820593 6.5182676 -1.323834 1.1677562 4.468434 1.080831 3.2311406 0.4574206 1.5978441 -0.019253254
10.736549 5.0123754 0.8363364 2.2373476 3.7317917 6.814279 5.672174 6.4759336 -1.2612181 1.1781584 3.9729264 1.1647868 3.336304 0.46672332 1.6236472 0.0061206818
10.743349 5.0635705 0.82822233 2.2401023 3.7643983 6.8188586 5.651882 6.376461 -1.2628765 1.1755441 3.9480276 1.2341955 3.337867 0.4661051 1.6205189 0.036105633
10.617033 4.719802 0.8802453 2.186832 3.7093797 6.574451 4.797768 6.188231 -1.3981745 1.1384327 4.2539825 1.2655015 3.1881285 0.4337982 1.575585 0.25967455
11.138338 6.0336604 0.89893717 2.1386476 4.1892858 6.9584775 4.897291 4.3126793 -1.4730694 1.0766653 4.5983973 1.3235853 3.262025 0.44355953 1.4751973 0.31853962
11.047219 4.7412124 0.92886597 2.0168405 3.6222389 7.1021485 5.0295687 5.8938494 -1.1288083 1.1039817 4.8720484 1.3945389 3.3375955 0.4635688 1.4611516 0.18395662
13.26358 -1.4400291 0.7883687 1.4165759 0.5986748 8.165003 5.7273774 2.8846838 0.66041803 1.0797114 5.987859 1.4505713 3.557151 0.77508986 1.1663241 2.0251107
11.447839 -0.98824644 0.4181732 1.2868514 0.963779 9.172117 5.285855 2.0398366 0.9709103 0.973686 6.287114 1.4368746 2.7304869 0.757229 1.1136199 2.5256963
8.698965 -1.4802151 0.6492886 0.9356973 1.9995136 6.267738 3.626355 3.5058882 0.39630592 0.85944927 5.4198956 1.4508749 2.2503989 0.67076933 1.0509331 0.94240713
9.290273 -1.4262276 0.63183385 0.8345506 1.653589 5.2645307 2.7503076 3.747374 0.63741267 0.79482436 4.387396 1.4779441 2.0238273 0.70293176 0.9867916 1.3611221
10.433053 -1.4658489 0.4636221 0.9726918 2.6319003 4.6305256 2.8780975 3.332722 0.7082099 0.85518384 3.793959 1.5367855 1.8092003 0.78382266 1.0319211 1.9222107
11.535795 2.5552073 0.19340026 1.8499117 4.775243 3.095439 3.1512246 2.3335865 -1.2449181 1.098514 1.7756743 1.61169 1.2787459 0.8142593 1.4881274 0.38978338
11.602289 4.207747 0.17511344 1.9712932 4.6608505 2.8415976 3.0194554 1.9325709 -1.3490393 1.1021612 1.8304453 1.6407695 1.3057418 0.7637843 1.5275189 -0.19603348
11.681352 3.055726 0.31270915 1.7707459 3.9680643 2.7285466 2.654049 2.154012 -0.41680527 1.0662936 1.8089745 1.6696255 1.7193607 0.7853683 1.4131682 0.20261383
11.818115 1.4766526 0.46033823 1.524672 3.221043 2.6250637 2.13941 2.4201462 0.6405059 1.020978 1.6437955 1.6943924 2.171366 0.81359076 1.2776531 0.70596504
11.743282 1.1626701 0.5072473 1.4463654 3.0132132 2.6146731 1.9643775 2.4567049 0.95343757 1.0029147 1.7968965 1.7108676 2.295346 0.81147254 1.2300143 0.81542015
11.48861 1.5431643 0.50214857 1.4746268 2.9526556 2.5807378 2.0181785 2.2764013 1.0016787 0.99769974 1.9188013 1.7213886 2.3266566 0.78896224 1.2384186 0.75747395
10.428043 3.9731557 0.49426204 1.7077318 2.6524014 2.3897235 2.5208373 1.4922092 0.7732928 0.9985088 2.7881966 1.7151806 2.362213 0.6836134 1.3260157 0.43453407
9.615215 5.362539 0.62059367 1.8276614 1.9786203 2.1391695 2.8210845 1.2531439 0.7578361 1.0007068 3.7349524 1.7121766 2.5551686 0.6250136 1.3567321 0.49868727
9.254368 5.1142254 0.6265622 1.8024646 2.07853 2.1538625 2.744021 1.2587817 0.78243995 0.99457145 3.7545702 1.7153778 2.5446506 0.6201681 1.3516546 0.51020193
8.431817 5.327369 0.7647495 1.8264004 1.7835453 2.0649257 3.026101 1.3852451 0.8174732 1.000449 4.1697106 1.7190666 2.7046328 0.6149603 1.3653316 0.62147474
7.6559215 5.7198505 0.8889709 1.8601173 1.449923 1.9581484 3.1876192 1.5067806 0.85645664 1.0020385 4.6854906 1.7176361 2.8568532 0.59303415 1.3755074 0.7528839
9.324186 5.245679 0.522768 1.7941996 2.3294454 2.2775896 2.6153579 1.094297 0.93111885 0.9792175 3.4686446 1.7429622 2.5069656 0.596473 1.3446641 0.34979677
9.737711 4.199724 0.4433474 1.7138313 2.7965426 2.4446564 2.5397978 1.2170036 1.0251484 0.9788312 2.5859869 1.7636992 2.423218 0.6470386 1.3316969 0.29203987
9.928339 2.9042487 0.48797548 1.5748929 2.8822103 2.563126 2.298232 1.5495175 1.295169 0.9670501 2.131206 1.7773789 2.4913695 0.69660795 1.2768052 0.48845768
11.22044 1.032589 0.5502339 1.4198315 2.897803 2.5539203 1.8074137 2.0257583 1.1969311 0.9727652 1.5147042 1.7920048 2.41034 0.8055774 1.2071702 0.90731287
11.063135 0.6697173 0.5812096 1.3572888 3.0148418 2.6746738 1.8091079 2.4173977 1.2232617 0.97899854 1.822217 1.8021817 2.3828962 0.81065583 1.1861626 0.87184715
9.041958 2.4378507 1.1858263 1.3502011 2.8947537 2.840849 1.1128589 -0.20789386 0.48689687 0.82751346 3.779356 1.7170851 2.3425157 0.7537137 1.0738237 1.1302938
3.3980808 8.976106 1.6273484 1.9080806 4.0107956 2.8169672 3.2444403 -0.8595559 -1.3689408 0.8577527 8.27976 1.6706829 2.0690982 0.5069537 1.3172448 0.00853157
2.227879 12.787327 2.199525 2.028623 3.5815468 3.638745 2.3276117 1.8095778 -1.0280871 0.7784964 9.698829 1.6693223 2.6051154 0.33892107 1.243464 0.738297
-1.0857 9.099455 0.8402194 2.2840984 7.4216003 11.025702 0.08048344 2.698995 -0.37586427 0.95993185 7.626027 1.534722 1.6494905 0.2654369 1.5438417 1.0331903
-1.7283096 8.6545925 0.77833533 2.2368002 6.9028263 11.966158 -1.033475 2.8271239 -0.65028524 0.87475 7.0329847 1.4514298 1.4087995 0.18269348 1.530897 1.3568001
-0.86377907 9.604809 0.9645599 2.4129534 5.48337 11.51144 0.1389668 3.7939713 -0.17405152 0.9548559 6.2836347 1.5106126 1.944722 0.26888275 1.6169863 1.7702808
0.37044907 10.555191 1.1458371 2.7285688 5.4107256 11.194849 3.8438535 5.563803 0.98340607 1.2805245 7.3493385 1.716008 3.1589746 0.45732164 1.789017 1.7137871
1.5360546 11.2788315 1.2850769 3.2248197 3.9387853 8.413865 0.31435645 2.028668 -0.53018665 1.1274738 3.613622 1.5016762 2.5105243 0.41657507 1.9260087 3.6616092
-2.469411 11.162979 0.9077415 2.180326 2.920067 13.447848 0.7573557 2.6592686 -0.32366586 0.5904114 3.1329234 1.4018176 1.7502924 0.028595686 1.5669019 0.6173539
-3.4064913 10.757369 0.83440953 2.1002104 1.8211141 13.990526 0.01545918 1.676854 -0.8372917 0.39516258 0.6995001 1.2839416 1.4979985 -0.09112096 1.5774753 0.5488734
-1.2429247 13.316401 1.4115927 2.1329799 -1.3663669 13.2673 1.798427 2.740661 0.16164815 0.5173192 3.8136725 1.3877888 2.7814338 0.0035750866 1.4680125 1.4972138
-1.5778828 12.8053665 1.2315936 1.999781 -0.5852189 13.113337 2.0565047 2.3805263 0.26173234 0.517215 3.187748 1.3501894 2.894379 0.03148675 1.393949 2.5717006
-2.1050835 11.834978 1.0832559 1.8679807 0.5835767 13.133026 1.848471 2.0280232 0.103479505 0.49374533 2.2922652 1.2997637 2.707958 0.04170847 1.3368372 3.3472152
0.00041866302 -2.3497343 0.87639797 0.9990721 -0.0049414635 14.459891 3.3685384 5.0430975 0.2408495 0.7851027 1.7290015 1.3731194 2.5168884 0.5327939 1.2554438 3.3488598
-0.48354435 -3.7848392 0.86490536 0.87263346 -0.61243105 14.49981 4.219586 8.335315 0.7575233 0.8918152 2.0529308 1.425683 2.5822408 0.5862863 1.2801969 3.5499172
-0.7423878 -1.2032728 1.0502436 0.9594736 0.19734383 14.290164 2.3061137 7.0751576 0.6726712 0.7625973 2.8816109 1.4505537 2.1787632 0.4958917 1.2593617 2.097372
-0.17633533 -0.18640661 1.031266 0.90835834 0.49969363 13.683683 2.9410415 3.9075384 0.777809 0.7106602 2.7770214 1.4046048 2.1238697 0.52842903 1.1402156 3.03936
0.48990822 0.24316502 0.84744424 0.71258545 0.37374473 12.479864 5.368055 -0.48377883 1.3979274 0.681618 2.8047645 1.3266692 1.9084523 0.6451317 0.92024744 5.6371107
-0.47562122 0.047346592 0.721638 0.36688995 0.85194397 13.517345 3.2811565 -0.82991344 0.69023466 0.40579844 4.417815 1.1517959 1.0510969 0.4644482 0.58301413 7.982636
-1.7221174 -0.49313784 0.5337065 0.17950797 1.8624108 14.022818 3.8598795 -1.5363852 0.5242828 0.2818582 5.509984 1.0172237 0.6384839 0.4272325 0.36436963 11.617674
-2.5008554 -0.4564333 0.51851714 0.1474421 2.2739222 13.62901 7.636709 -1.0050316 0.35789502 0.3633082 5.214931 1.0168195 -0.7523297 0.52666366 0.40221715 12.429663
-1.2000494 -1.9534602 0.30854315 0.4473927 3.415633 12.973127 7.0484576 0.65840393 7.373188 0.5269642 5.337246 1.0662603 -4.7949643 0.70002294 0.65131974 11.634073
-1.7849846 -0.34229183 -0.07098049 0.34010434 1.5873187 12.879636 9.963946 -0.4504849 1.2079148 0.6535635 5.6018 1.111944 -1.6792697 0.799263 0.5590931 13.339659
-0.50197124 0.62399864 -0.42605263 0.8465626 1.9240487 13.009152 8.771662 2.9106944 0.8654647 1.1762598 7.016478 1.2829429 -2.0078287 1.1813328 0.85838556 14.952242
-0.027482033 3.5191517 0.81250167 1.3236201 2.3495653 10.03186 5.8012524 2.0367258 -0.5736475 1.2008747 7.9434805 1.2528996 -1.5492293 1.1567489 1.0566506 14.688053
-0.68302155 0.17867947 2.9352674 0.99903536 3.8707876 6.623754 1.2052143 -0.8141874 -0.26714373 0.7369106 10.691267 1.0463824 -0.61835027 0.74443305 0.8754436 12.2669115
11
11
11
11
11
0
0
0
0
0
0
0
0
0
0
0
0
0
0
0
0
0
0
0
0
0
0
0
0
0
2
2
2
2
2
1
1
1
1
1
1
1
1
1
1
5
5
5
5
5
5
5
5
5
5
15
15
15
15
