21
1.632664172659277 1.65247615411723 2.0708693826506783 1 -3.63 0.1100000000000001 0.0 0.0 -3.51 -0.88 0.0 0.0 0.34999999999999964 0.5900000000000001 0.0 0.0 0.45999999999999996 -0.41000000000000003 0.0 0.0 3.33 0.94 0.0 0.0 3.4400000000000004 -0.050000000000000044 0.0 0.0
1.5113761067745182 1.6525286598432447 2.0306183285040866 1 -3.658460002429492 0.12658700841415915 -0.012542690161259556 0.002126600280390842 -3.4376025015665617 -0.871747075791764 0.028394176588107112 0.012465122010388963 0.35150814513694684 0.5886308807367515 0.0009909107562480063 -0.005731319878988251 0.4574487906376792 -0.41074457544311627 -0.0012463100550984853 0.005134485770573145 3.3030519131877645 0.9511258657841328 -0.012510903880865318 -0.0013389600533085175 3.39453798084271 -0.06992678295898258 -0.026295923344860358 -0.002135855339153201
1.2364607518504904 1.3721342307203115 2.090972525152172 1 -3.709148089687501 0.19284942181936437 -0.00552759097449915 0.00906971190969021 -3.326162462680001 -0.7820982250156736 0.005784209957331201 0.027814313970106884 0.33553099843824974 0.6001016749919872 -0.0063467282735246 0.0003928543277170373 0.4392517085321046 -0.42614553347608375 -0.007481418702903411 -0.0008831041554249602 3.1972272385975637 0.9930072637265059 -0.0289133847048741 0.006558977937449469 3.213592474467556 -0.0934877669932308 -0.04046966843399943 0.0072228593590053375
0.979226293216626 1.0346607727358677 1.8795779553125949 1 -3.720716733920799 0.24256865568601893 0.004751195768627949 0.004006689057185887 -3.3704055885670376 -0.6971038594534271 -0.015052308646120803 0.011069936564105848 0.27262384311716126 0.6288884277710616 -0.017781115573667985 0.003750341652405561 0.377548410291916 -0.44992892913710814 -0.017605002890840493 -0.0008540450716157926 3.0187295816808764 1.0618166257187385 -0.03856896109839343 0.010476251108416846 3.0364435277850577 -0.04624365691221988 -0.03303401987329484 0.01545115115376099
0.869098572733702 0.8839148269973922 1.7701628565205576 1 -3.7090371646282123 0.27294101992764364 0.0022020292816672025 0.005353461554532583 -3.45422511445783 -0.7002252602946994 -0.011332151304266787 -0.0029917864608505484 0.1530627417029038 0.6528087393844371 -0.028597433083013046 0.002451031025306095 0.259408771155087 -0.45361830721412266 -0.029639186370441245 0.001988110054229844 2.8306937089383313 1.120117761730178 -0.03239368754407599 0.0026989673825382494 2.859182945706956 -0.0033917322312631004 -0.03947883210668065 0.006879999892452297
0.7930004703977852 0.7648955109889621 1.722790469638377 1 -3.7486716669228772 0.31195742548306193 -0.01240532384008217 0.014382980163463802 -3.4979090258796157 -0.7161315062699766 0.0018689765118887116 -0.0006803289674162808 -0.010914742795410604 0.6690689555273381 -0.05593358849645455 0.004538490380042744 0.08653520765597289 -0.4484694810647454 -0.05591158321286056 -0.0027660202751221934 2.6929804887216253 1.119764719766152 -0.020082768607478416 0.012310160146528292 2.6446753145301773 -0.0068425009836881046 -0.03941186341015365 -0.01866750907652212
0.6910920985718728 0.6158045459572179 1.69049021626656 1 -3.8572926657284663 0.38022796388927027 -0.030362352211995427 0.011712975358307398 -3.503500760105119 -0.6978429736312682 -0.00927776401274965 0.006025324387192888 -0.19354034905085626 0.6997339214031151 -0.033087327638517544 -0.006079989693397483 -0.08858920072197751 -0.4226591275061047 -0.03208929801527003 0.02638675030298418 2.57444475513255 1.0754506489981002 -0.05669222435255021 -0.0014645649254071743 2.4444197832049115 -0.025082572351953547 -0.07187579468218157 -0.0007467677026278224
0.6049977740186961 0.5036396646102069 1.6836450557178653 1 -3.965809372956885 0.4674013967234196 -0.022475563880519706 0.015837785880071373 -3.5271151505795837 -0.6535702974515765 -0.015270187201534509 0.006451386014576982 -0.362003061963863 0.7784879206980553 -0.008015379232335713 0.021009361348161767 -0.2208319405414061 -0.35106510808683133 -0.0035746974728734157 0.02342517787153774 2.452786593624478 1.0451789040148083 -0.0025271675872500406 -0.009632559733141383 2.2977231839226357 -0.039169206512723265 -0.00012822530104186812 -0.003602703565862864
0.5358065737219976 0.4141302012978579 1.6816797001074824 1 -4.024708042623566 0.546886013296936 -0.012422125367142385 0.009907713857852994 -3.569986573408673 -0.5991039656312105 -0.013500658053350538 0.01030160053240641 -0.46382492678041487 0.8941367433579528 0.0011523912577374364 0.027629168937526608 -0.3214575796037513 -0.24500510621601612 -0.005015257838944589 0.021643413940751987 2.3510595239562733 1.0386714236324202 -0.01629962221852351 -0.00970310337341918 2.1801407592093804 -0.04737025850152321 -0.021034673676920992 0.00556214017629362
0.46611671452639436 0.3240328292956373 1.6845560738050473 1 -4.0673438721967 0.5935422970829352 -0.0008341174468467685 0.007470858879843854 -3.583312298535618 -0.5306537161995852 0.01021517573439843 0.02150961745415759 -0.4937663759856008 1.0110849392632848 -0.021451162496783777 0.01898782429544089 -0.40425632101151976 -0.15035065896033795 -0.0340999524086921 0.016337581811503687 2.30342858964994 1.028603567133831 -0.0023788652227261647 -0.024154813540450425 2.0761410078418328 -0.05550091632473719 -0.010754023996197137 0.01186395257675957
0.39388633358666175 0.24198653499944198 1.7008843918048726 1 -4.1324622763013865 0.6035990002278981 -0.009834421175392197 -0.0014035352591432208 -3.5619417972274254 -0.44974717442136036 0.009699485331561807 0.020735714160842442 -0.4927503913556137 1.1073572713048825 -0.018255590637318683 0.01097926640180263 -0.4453923407076248 -0.06284636155860523 -0.02329050722986887 0.02356169978155627 2.30210073145982 1.011876806385788 -0.0051798450661569816 0.005373326257676331 1.9963162976999778 -0.06564216709993609 -0.023253442714079135 -0.0020761706051632724
0.3209157275419753 0.14853192007318655 1.6940301592062725 1 -4.199893709194889 0.6051502959168604 -0.003495441203787351 0.0054895944095192115 -3.5427921019480975 -0.3740675308166139 0.009742677871106645 0.02092045938871471 -0.49022317257206804 1.2033975360422953 -0.007672783265377408 0.028754332293002553 -0.44920849714550126 0.03945254262082587 -0.007996554428583552 0.015866562272897226 2.3295888517396817 0.9976755823887635 0.034567706975656795 -0.017962846779278847 1.9697462359618614 -0.05763928173760813 0.033923249056372326 -0.0036344717177364183
0.2480777427479814 0.05014101982776148 1.6685204369418714 1 -4.240752381377755 0.6219751433550502 0.0024014957580943234 0.007524206504764011 -3.5520091173323642 -0.3116067472821177 0.004702757781084945 0.01973137030943945 -0.473522681875413 1.316512153121573 -0.016227555399560417 0.02602047367455967 -0.4577066866967119 0.1754885754144071 -0.025956286628818357 0.027349506885476493 2.385313544959086 0.9892527447663104 0.036707020304873904 -0.016129494512072275 1.9788042156220431 -0.03916467095137022 0.032456672361495506 -0.005652900630315385
0.17887438860210772 0.03712161265586471 1.5679213115339243 -1 -4.26836740216428 0.6391062032138961 0.0038503572314971257 0.0048206134768854015 -3.56834801131924 -0.2581113802402544 0.006208329949632597 0.0202836473552754 -0.4331112499952763 1.4415121705674498 -0.007622213147937651 0.01979704012213773 -0.47931445708746256 0.32083111001835696 -0.020435139610962 0.03476606879858699 2.4568457755570456 0.9658889924828786 0.008768298804574085 0.006294095895416097 1.981001648215508 -0.022229526587836612 -0.01524411087140734 0.0014231012901535951
0.10821058045489232 0.11992581271258289 1.446158732527559 -1 -4.296618122564654 0.6379995369038292 -0.011044817470154915 -0.00803069848886328 -3.5684401397156003 -0.20625718509249513 -0.0070676338431358565 0.0031432456179821718 -0.39789623760518733 1.5630678459380203 0.0017023165081653732 0.012441224311974078 -0.4883010665514709 0.46690204970068017 -0.001063519036082653 0.03806381365336056 2.512657324382139 0.9261033975176554 0.00416421120278938 -0.009913658036900988 1.9665528209799836 -0.013385359300925548 -0.00546859171732348 0.004739883312961971
0.03320104870686187 0.20352548800256112 1.3693095508664603 -1 -4.316075404961347 0.6296449417997114 0.0014255288094148916 0.002858630500606113 -3.555166397055947 -0.1615105895108735 0.007946057871295658 0.011705035458298943 -0.38377555168066113 1.6787386728076061 -0.005374281224411741 0.02226374057240561 -0.4718759177387204 0.5909986105250509 -0.0025782713395140298 0.02262431476946783 2.5388164230287176 0.8905058758098978 -0.004197063402017351 0.009129458134431678 1.9472208864400509 -0.019887876998203824 -0.018836788161768817 0.0011498022741692135
0.023364136119025075 0.26526158366097274 1.3253600903631437 -1 -4.315395849989324 0.6233380609159398 0.01161338700789808 0.004431794346379693 -3.547432050219903 -0.1427102303038611 0.009075085191301135 0.012218935520119847 -0.38266459654706164 1.7742910858611136 0.003297322036029827 -0.0011917537916772275 -0.4567510700718014 0.695502040185352 0.007138344375001088 0.033717770830991034 2.526022894656081 0.8759075514821981 -0.02430999255484395 0.010876826023326435 1.9148459568305949 -0.013495688158623231 -0.03215687492677979 0.01991972139954651
0.10999404766539005 0.3643509512341353 1.056100033094008 -1 -4.346432176315676 0.7053093489667177 -0.02499207665942476 0.03238007331180033 -3.655836775259158 -0.09836518504729108 -0.020302331185524502 0.014155525783639702 -0.35598610365256533 1.919538051830938 -0.015295418337015348 0.037329396611896534 -0.5599491843717908 0.8806249936398063 -0.038390882580099525 0.05340211325641395 2.602308854967946 0.8937207787848982 0.05217234394160177 0.007997240194550672 2.0604231598116014 0.08432607505357459 0.04616039779246041 0.012888583353888748
0.043680279356117346 0.37830739820372883 0.5599486168902099 -1 -4.521727999161774 0.7352061428277501 -0.051531282858321065 -0.018108150608631572 -3.7475591836849063 0.0862250171221326 -0.02340789456521046 0.04039479242032544 -0.3552063992733814 2.0898734550302347 0.018391079293050942 0.028974836493047048 -0.55709921610435 1.1419187243414521 0.02878312157694146 0.050180688505785276 2.9228038607650335 0.752069127692347 0.09942433917323062 -0.019271788607987173 2.3557609727570146 0.12482371253750535 0.03541209100625303 -0.030487413746647075
0.019818108157565507 0.3946707929752654 0.2109720602958957 -1 -4.7162272553065065 0.7033675487765425 -0.024637969990815224 0.010840654436515803 -3.852840183237045 0.3029667925330499 -0.023179561829423462 0.03266828716517398 -0.23555594990189554 2.225416366470433 0.04456179233475336 0.047989241730090254 -0.4803461153958537 1.3828535402824 0.008015484562041573 0.019519340626484555 3.23603389708898 0.5180859479609621 0.07997061577849608 -0.011721642550117702 2.6107797356418176 0.009407070429694908 0.015400101323340399 -0.0568725008025185
0.053351071674833446 0.46162621154434885 0.08296825499704327 -1 -4.740132716160427 0.7658344565591793 0.02520475670195218 0.005682011733327143 -3.9655379955610788 0.37375859066099393 -0.01703854746511073 0.016166375800443847 -0.03533633318853635 2.278813023007673 0.037471767622272674 0.03554750357829063 -0.41303659811691507 1.5391170956062319 0.0037797993107380745 -0.01004413496377446 3.3883989221691486 0.3468994602681823 0.055150695445823475 -0.0014128956592287592 2.773940105188668 -0.16548242824230475 -0.01163108536462043 -0.057885620520158804
1.0691714 2.4292705 0.61300826 1.3811584 1.0847478 14.147557 -0.4768467 2.0627017 -0.8556581 0.86932063 4.748003 -0.25802895 0.4304796 0.64159346 1.2999794 4.7225
1.0107865 2.2498507 0.44792372 1.4779682 1.1925168 14.11597 -0.04858923 1.976376 -0.7065175 0.94955146 4.7544727 -0.13235492 0.51322514 0.7095114 1.3551537 5.0213275
1.0487733 1.8698177 -0.05746168 1.7354581 1.5751348 13.989905 1.3587406 1.936409 -0.17208135 1.1813222 5.261958 0.23305872 0.8023559 0.9127265 1.5011355 5.936646
0.9311905 1.8300645 -0.061620235 1.6799781 1.719532 14.156015 1.0976479 1.9814816 -0.23971812 1.1262391 5.4936013 0.19159004 0.70318985 0.8483772 1.4759772 5.640492
0.8135705 1.6010242 -0.11706519 1.6594824 1.8635712 14.127088 1.4541285 1.6406465 -0.037999675 1.1211765 5.6698127 0.40116626 0.70619583 0.86204684 1.4605836 5.723525
0.84135294 1.3532124 -0.54015535 1.8188043 2.0344 13.967438 2.5577931 1.518292 0.32876322 1.2812572 6.5166116 0.7711232 0.77923363 1.0226967 1.5293715 6.965932
1.0555434 1.2882776 -0.55984026 1.7856468 2.1051092 13.752955 2.9180195 1.482156 0.50634474 1.298049 6.927277 0.8755364 0.8005557 1.0714337 1.498808 7.386454
1.0190163 1.2383966 -0.50400084 1.6731861 1.9812641 13.704867 2.6458879 1.3831229 0.33579683 1.2157403 7.312884 0.96526784 0.46992093 1.0319647 1.4082236 7.9261107
1.88588 1.2244973 -0.56881565 1.7254503 2.4085388 13.157157 3.9897275 1.5583143 1.1174206 1.3860643 7.672145 1.022385 1.0939279 1.2372556 1.4488885 8.1831665
2.7240849 1.1841402 -0.58888274 1.7080245 2.7370062 12.572403 5.1431856 1.6723785 1.7834392 1.5061488 8.253607 1.1295788 1.5110538 1.4179248 1.4317689 8.75926
3.5278277 1.1235943 -0.5746786 1.6385766 2.9865832 11.969226 6.142679 1.7345879 2.3492203 1.5873544 8.994738 1.2757806 1.7691528 1.5777982 1.371709 9.56801
4.018656 1.0882745 -0.5544443 1.5920556 3.126227 11.577466 6.7393355 1.7693396 2.6838238 1.6330149 9.461098 1.365225 1.9170038 1.6725216 1.3322992 10.06888
4.049821 1.1233125 -0.43373603 1.5846847 3.0565462 11.418819 6.6874056 1.7890725 2.6290364 1.6256979 9.464912 1.3423257 1.921202 1.6635834 1.3303488 10.018019
3.0600638 2.4449613 1.5690544 1.2249827 2.7215128 8.789127 8.010211 4.5346556 0.71629065 1.6106935 10.115641 0.25117064 1.2042835 1.6082808 1.1477746 10.462088
2.7665324 0.6600661 6.5741777 0.8018086 1.0302701 6.7662005 8.425565 1.8292484 -1.4746038 1.4554285 9.790279 -0.78389364 -0.9992411 1.3399891 1.1262889 12.060243
3.1391726 -2.5508723 10.1356325 0.75578356 2.0251184 8.277214 8.199521 -0.09445143 -2.373222 1.6275576 9.992186 -1.4591725 -1.129523 1.2734425 1.3396491 11.494509
3.3867629 -2.5806637 10.852008 0.75652087 1.2651482 8.08857 10.92708 -0.99248695 -2.215803 1.7117065 11.023802 -1.5052263 -1.0438825 1.3214881 1.4178486 10.941271
3.0849118 1.7941365 4.5006437 1.2489526 0.37949324 3.7956696 8.404093 0.470047 2.639642 1.5037467 13.849453 2.118887 2.3512008 1.5027394 1.2851075 6.470048
1.273983 1.4852395 3.3037097 0.9464109 0.59036636 2.992054 4.7816925 -0.661129 1.3464682 1.2886494 13.298173 0.9264083 1.7558765 1.3118747 1.0032767 6.529119
-0.63990784 1.3510842 1.1346262 0.37319112 0.14112711 2.5938873 3.3467207 -1.9071789 1.3062145 1.010179 13.13645 -0.3529599 1.2798164 1.1242217 0.5845783 5.6849003
0.589129 0.91704655 1.2146447 0.40156865 0.60541344 2.7146432 4.119537 -0.34270096 0.16429174 1.0615522 13.624765 0.5238093 0.71181595 1.1997949 0.59798384 5.2429485
5
5
5
5
5
5
5
5
5
5
5
5
5
5
5
5
11
11
11
11
10
