19
1.7856499832314259 1.7250518449456658 1.9458674158328466 -1 -3.17 -0.52 0.0 0.0 -3.59 -1.42 0.0 0.0 0.4500000000000002 -2.21 0.0 0.0 0.03000000000000025 -3.11 0.0 0.0 3.17 -3.47 0.0 0.0 2.75 -4.38 0.0 0.0
1.7817016443062956 1.598803180744594 1.8895397060655112 -1 -3.100204953845852 -0.5489223784021593 0.03342316008929908 -0.01748672192109999 -3.6250844617161997 -1.425667157382108 -0.010350386357685159 -0.010247750320502316 0.4544775332462967 -2.2082259700288507 -0.0014731318816813385 -0.004215260892451634 0.030222988220401703 -3.1083427103540195 0.0024579731256522434 0.005477434449143739 3.1285769960397394 -3.4376811970356265 -0.024994283560658716 0.009918758371156796 2.723219565996736 -4.384072459426584 -0.010924962596265315 0.004537757288803797
1.4871940860826451 1.3180468442218845 1.9231836713546935 -1 -3.0193224758921224 -0.6673903585932819 -0.0011601875041915284 -0.027920339373632135 -3.6929264506079615 -1.4729687695373834 -0.00763777202514155 -0.010666724712514196 0.4443084897781766 -2.185257986871517 -0.007033580636226906 0.004048215868535756 0.011988833447858838 -3.1121877383964454 -0.005837830633343749 0.0018889125607924155 2.9629397548087564 -3.360212498014285 -0.040226836761992756 0.005517206967162871 2.610023252647327 -4.3926413623487495 -0.029423294866979262 0.002579299041489614
1.135998929848368 1.0553082177095752 1.7791264082134148 -1 -3.0891755729309196 -0.7390339178707341 -0.02320731154389298 -0.00776786860864204 -3.717985995818109 -1.51586403461909 0.0033211989241632356 0.002468493305725369 0.3926173386947429 -2.139862410272629 -0.016208636111068837 0.0069046178024021 -0.05495525880211716 -3.1183778709701815 -0.01784226828018556 0.002111580406628682 2.78079953779758 -3.3506503187784955 -0.035913075631392705 -0.004650613158468271 2.4185359967034747 -4.402393534578592 -0.0397077542712171 0.0019909612953098992
0.9704752744320858 0.9413802140362021 1.6328167088402137 -1 -3.168602113938233 -0.7127647665346781 -0.02122025754519668 0.00518577567375847 -3.7173775369812527 -1.5494418594968287 -0.0014894954531622043 0.006468154562532898 0.2835762028033324 -2.098740323811601 -0.02821281384012526 0.0074115970514877765 -0.1752319537477618 -3.1026177952880714 -0.027877586167406626 0.006534786973254351 2.5993587934982143 -3.3378759573264833 -0.03946525685114521 0.005211440636545897 2.2219963650440606 -4.400397242125027 -0.03148548544426016 0.007133061133095775
0.8405070043127697 0.864432892622967 1.553679692740437 -1 -3.2082993053792914 -0.6848435268510948 0.002523427129328423 -0.006058987269870354 -3.770285779253395 -1.5769537092072041 -0.01104943451608803 -0.007970741407072551 0.12123181399214822 -2.0521675210586605 -0.02502787511914363 -0.0026712540163733936 -0.33301752006542884 -3.0676988171969612 -0.01723263001759904 0.0068826560368945525 2.393814511774692 -3.271178769910399 -0.06550413121305315 0.02027258437356667 2.0886040618970068 -4.358150852482396 -0.04005847658268007 0.02059486799380945
0.6816641845854906 0.7652189581834482 1.4911594236165049 -1 -3.2233634839964127 -0.7016978805002791 -0.004932119810585995 -0.014413202076853027 -3.8991346633970463 -1.6100507004126703 -0.021872496177212347 -0.0020289572967281833 -0.05547599241104706 -2.0210372700332355 -0.017138947299013385 -0.011817497395570422 -0.5194499674191637 -3.03968463984766 -0.016599079423647696 -0.002701669022269743 2.217639127696943 -3.195925461998293 -0.03912789924352349 -0.0025562923368541955 1.9969469994423248 -4.284617034088704 -0.015602681269655354 0.03765738772414481
0.5529853332019952 0.6717118937503954 1.4564515812949683 -1 -3.257138455936366 -0.7372089181190424 -0.008453729829132228 0.0021661365284610067 -4.030236281138854 -1.657605195736582 -0.029739089042064886 -0.017008305170582768 -0.2055004884191236 -2.052299192331618 -0.04154281498273016 -0.007430681315924132 -0.7031792818726563 -3.0604773129083536 -0.046591149712616756 -0.002337462054984826 2.084956899858021 -3.134250985716067 4.499291653558071e-05 0.00927098373553503 1.8980243581283371 -4.22155628454769 -0.001942806870408962 0.003914818362985732
0.4568284920653414 0.6003154559687827 1.4406193930020423 -1 -3.313928999446505 -0.7747771068232471 -0.018588923584855803 -0.00348266074251247 -4.109148895934785 -1.7119938220627633 -0.015701232882618897 -0.003869855786539707 -0.3309689711623065 -2.1228752164961007 -0.021385209406283644 -0.004439317747795427 -0.8326839302391562 -3.145983654815848 -0.024832663293208386 -0.028901463075956535 1.9746742661644792 -3.0896122708522094 -0.0036244325249296244 0.009487873448274835 1.8012655443205192 -4.1805035703897 -0.002540563346045289 -0.00016821526095780982
0.3662810121518124 0.5309395592064956 1.4305996674860226 -1 -3.351510231719539 -0.8328846289653595 -0.020890149928712222 0.0012527680730970766 -4.157372954399583 -1.7447449191530202 -0.021351003394121184 0.004895230411512522 -0.4460498639291952 -2.185212814157184 -0.03551278668273376 -0.0027731596218770133 -0.9043187737725367 -3.2463966531808492 -0.026898921886412103 -0.013656746834394278 1.8763647897664244 -3.0486767820273766 -0.009580389207271845 0.019119258402495655 1.7542449496575898 -4.1542499917651 -5.9717237767355213e-05 -0.011714172656097725
0.27002516559717776 0.45500820000648995 1.4309563622783634 -1 -3.3594310317384375 -0.9101140606077424 0.005874616743860393 -0.027188857743994585 -4.222784083419194 -1.738292823121998 -0.004619548447672104 -2.6669206260143078e-05 -0.5079569212443702 -2.2549440606704056 0.0046304131922284275 -0.02235079391295522 -0.9329788963015404 -3.338892781584484 0.008438861540715742 -0.021816374696752204 1.803636306769807 -3.0172782276113974 0.014571128501220108 0.0015389847083924942 1.760535503795512 -4.135578013740704 0.02603202888527274 0.003485230889070054
0.17629618928669527 0.38375625997255325 1.4209403947712316 -1 -3.3604872614580934 -0.9912530011734146 0.003813528905384833 -0.026771279117585044 -4.287575510309356 -1.716493120237303 -0.001978344378866098 -0.0017492653202255785 -0.5459937064541438 -2.355873732228167 -0.008464653323006836 -0.015287915458671726 -0.9588505473955444 -3.430717863940148 -0.011028813455215874 -0.026998140140335504 1.7737887986997745 -3.015917262935475 0.01808916291285992 -0.002339325997726616 1.789152424848944 -4.1353726266637665 0.025062659848317334 -0.0012278219602957663
0.07984098557627672 0.315945507004736 1.392598869700066 -1 -3.3845379779565636 -1.047832794485017 -0.007379552017673135 -0.023805753610369688 -4.332465332254132 -1.7122612581860754 0.008391189651672085 -0.0006423112180370697 -0.5979686257769292 -2.483067484853711 0.008633545517217879 -0.038256038989650035 -0.9775657731270657 -3.5465776928407156 0.02152851523489263 -0.03005232798198919 1.773234477063153 -3.036615697877562 0.0282264249705764 -0.005992205377436721 1.8413463450747516 -4.144499603995477 0.03571346518268626 0.0054110303212541455
0.012438280864061523 0.2493611890650408 1.375577062167579 -1 -3.4172182887329194 -1.0889965779089426 -0.01319115589802615 0.0029277336995211165 -4.362885336654126 -1.7208119647528672 -0.011046331948448273 0.007568859271554198 -0.6646201269984133 -2.6199489919186183 0.0002453681429711624 -0.03479525894141386 -0.9833130782995503 -3.682276982344931 0.013555905877397762 -0.0277089001666095 1.7709201352957322 -3.0523821112733467 0.02482775475401568 0.009861347894964935 1.915345880427627 -4.14083914810899 0.03850673855995598 -0.004257620815988766
0.09192081018787131 0.1811606267199825 1.2540798271971016 1 -3.435583316507513 -1.1370826772172302 0.0021631347781488116 -0.01639554058768819 -4.387033830644828 -1.7185791095622238 -0.0017515716129226323 -0.002761406057699704 -0.7155019627180761 -2.7545760636667893 0.0045603575493008905 -0.0285836102157254 -0.9911429123325384 -3.810990996406408 0.00808347250476487 -0.02737397469765248 1.7552147815093466 -3.0530775907374776 -0.004409241177552622 -0.006318579760411869 1.982922729941678 -4.1247452134621145 0.008463521262995771 0.012549369204123487
0.17096672563396387 0.11405096949415368 1.166631374169812 1 -3.437897466601361 -1.18220031040526 -0.005690245206080677 0.007407813131091663 -4.405223969154956 -1.7030622810898106 -0.009423211657203927 0.013131314998859635 -0.7427164125181669 -2.8787171353928622 -0.007617174844865463 -0.033682229241993294 -1.011668042679255 -3.921663255124888 -0.002676504571056032 -0.007625494633855898 1.735007513263418 -3.04659208410417 -0.024200401684342426 -0.011316465601149751 2.014570273789169 -4.104974392774186 -0.01719406485359304 0.009244514607626174
0.24506605989021435 0.05240950194016354 1.1083280177657664 1 -3.43274411631106 -1.2089552198932025 -0.007554022495113197 -0.0040579031062178625 -4.404155492398469 -1.6938371510562182 0.01182141647098088 0.008563461466288586 -0.7622324617588143 -2.9813471812583274 0.020333682935187194 -0.0323274304478124 -1.0393506289009466 -4.019513341642027 0.020193925241790398 -0.015406744092286793 1.7020660345635088 -3.038717576546818 -0.009571364928883979 -0.009268554483756533 2.008676370344272 -4.078531992591804 -0.008441833817819096 0.017805861167611844
0.3381511809769165 0.03233152769164834 0.8116723875922491 1 -3.5657756677376637 -1.2176768474765793 -0.025135843048749437 -0.009271189533311026 -4.459544566086967 -1.7972138648669764 -0.03058106155132998 -0.03461519256544743 -0.8337592339727533 -3.1591628479046356 -0.03541918639456816 -0.0470777175757754 -1.0833841076397492 -4.172265615964313 -0.025420036206715235 -0.035033400871598216 1.81069225494051 -3.1770329702890336 0.025696186495362802 -0.04768713813049083 2.0782602293390715 -4.119777442175388 0.02811230691102959 -0.013286440775458765
0.3538368637554223 0.06008122647014818 0.33006933828878554 1 -3.723799582633719 -1.389646089730922 -0.029490572036669122 -0.041484906454721804 -4.604080480342231 -1.7764752023025947 -0.0440494525999409 0.0321241255704617 -0.8616560824064514 -3.463096753928434 0.02319988043630721 -0.07968947671972147 -1.0885009683286078 -4.390064708974774 0.029188564160038587 -0.03954995623256922 2.108846082613435 -3.318086663011994 0.05766111948766781 -0.006081785997450656 2.47088713350208 -4.094573455431817 0.09979584763909498 0.01080887746702848
4.8698874 0.7426014 0.21355343 0.9004278 3.2989058 12.337788 6.0420694 1.0255952 2.8422732 1.3673663 7.1200743 1.8814535 2.868723 1.1191105 0.8725038 7.384152
4.6152086 0.7071285 0.056571484 1.0496984 3.4527354 12.189389 6.4062033 0.7123041 2.6468992 1.3838153 7.343734 2.4681618 2.645905 1.1341875 0.925342 7.7048006
4.6256638 1.4738133 0.1199491 1.2386022 3.7672966 11.796449 6.820071 0.5752368 1.9782469 1.3544387 7.3076167 3.1830459 2.2184923 1.1152282 1.017546 7.627298
5.165144 2.9336953 0.24251151 1.4378829 4.4028115 10.829198 7.470759 0.54845095 0.98844576 1.3330216 7.3983464 4.0806994 1.7622342 1.1193519 1.1117789 7.6030035
5.6348104 4.008527 0.23932505 1.5306786 5.0902605 10.157872 8.038345 0.20121789 0.5274045 1.3696499 7.674152 4.652627 1.5274887 1.1598285 1.1385006 8.012489
6.3036056 4.735032 1.5546527 1.8070772 5.956142 9.709265 7.6274996 0.35695148 0.5166509 1.3485999 6.9584503 4.974532 0.43245423 1.167825 1.322832 7.9007397
5.1324897 5.1669035 1.231151 1.7363294 5.9717455 11.466539 8.216862 1.2070941 0.8020807 1.2987266 7.361747 4.3303456 0.67768896 1.1307651 1.2308167 8.576141
3.1698518 2.7068253 0.1368494 1.314251 4.123774 13.944905 8.678566 2.6522365 3.5090225 1.3220258 8.309169 2.2745225 2.2063563 1.2317479 0.91795915 9.715524
2.76057 1.7273035 -0.23278618 1.1352397 4.0980177 14.023091 8.149567 2.38842 3.511959 1.3267357 8.638424 1.8865416 2.3952308 1.1955013 0.8495518 9.681366
2.6406407 0.46545172 -0.060090303 1.0207503 4.1436043 13.623945 8.648967 1.1412305 3.4955251 1.3943611 9.602444 2.0001895 2.2908747 1.2002115 0.8769733 9.555116
5.2482285 -0.7729726 -0.38313985 0.95457435 3.4888961 11.542041 7.7480636 -0.29622746 3.9148784 1.5443568 9.677498 3.0261781 2.9796245 1.3681151 0.82377446 9.064634
4.8996005 -0.8300533 -0.42900324 0.851987 3.513723 11.739098 7.5365424 -0.48981643 3.7764468 1.4945732 10.686037 2.974462 2.7808034 1.2979752 0.7693628 9.122958
4.533311 -0.92586374 -0.49888635 0.8007575 3.570013 11.871353 7.4664445 -0.64040136 3.7308123 1.4631108 11.619514 2.9875555 2.5884156 1.2540689 0.73160076 9.3208275
4.2891517 -1.0460792 -0.5479634 0.77821195 3.5497093 11.870834 7.294083 -0.7968161 3.6569116 1.4456806 12.145126 2.9847088 2.4176054 1.2252083 0.70539737 9.528369
3.1381755 -1.1180186 -0.22533607 0.5132085 2.616725 12.621531 6.514518 -1.4459114 2.827353 1.2394189 12.668247 3.0924842 1.0265858 1.0670865 0.52120626 11.246101
3.008141 -1.1370783 -0.32611084 0.48442972 2.7661226 12.657316 6.4978523 -1.4815454 2.8648388 1.2325464 13.433446 3.0690374 1.0145941 1.046543 0.49682808 11.273641
2.9919367 -1.1426435 -0.333498 0.48169243 2.7676084 12.647951 6.4787393 -1.4933546 2.8573103 1.2307678 13.488281 3.0656474 1.0045946 1.0440677 0.49371505 11.289061
3.004915 -1.2432432 -0.48054194 0.50318205 2.8395727 12.444149 6.1108975 -1.5759106 2.8285325 1.2469031 13.902677 2.977358 1.060792 1.0282295 0.4823413 11.227198
3.014985 -1.2328334 -0.46864533 0.50359666 2.8502321 12.442953 6.1662207 -1.5571778 2.8481808 1.2472087 13.865084 2.9852629 1.0708792 1.032351 0.48606396 11.209351
5
5
5
5
5
5
5
5
5
5
5
5
5
5
5
5
10
10
10
