43
1.7108230593903972 1.7625317049194866 3.5078340895772135 1 -3.82 0.24 0.0 0.0 -3.54 -0.72 0.0 0.0 0.019999999999999574 1.37 0.0 0.0 0.2999999999999998 0.4099999999999999 0.0 0.0 2.8899999999999997 2.21 0.0 0.0 3.1799999999999997 1.25 0.0 0.0
1.6256316684811172 1.8560238528605901 3.483862517087358 1 -3.749055001439919 0.26177329747846834 0.03682013658890876 0.007527960980136051 -3.559270064268623 -0.7482546280229854 -0.0004658841674499408 -0.014227610744653845 0.020418304888845995 1.3700562417760103 0.0014309607999072721 -0.005246465425936176 0.3010848560344881 0.41001825205502995 -0.001174990174646548 0.005105574674936933 2.839426250425362 2.2088993787109428 -0.024651514524947397 -0.008836015817357554 3.1583097385472856 1.2251831131537574 -0.012127473303107265 -0.004937405443916007
1.728593157186752 2.0795875493902813 3.3852257654281095 1 -3.612677550519937 0.22051022157446964 0.016484168056154762 -0.023279736512436883 -3.5802394459377282 -0.8295961099770819 -0.0008834472418114353 -0.011190069521787655 -0.0015976327938123092 1.3764593131286968 -0.007617001964627957 -0.002092591691730414 0.29215490944535816 0.3916735828470206 -0.0055216337071827045 -0.003017990545006125 2.6672426428419334 2.1556000510206705 -0.03362689108037838 -0.022781089737279256 3.0773349193538637 1.1405236030657364 -0.023378557787046846 -0.018005846954980496
1.9135379781086923 2.245653577282943 3.344100468545941 1 -3.6193134924376182 0.12448066055347051 -0.009364406281735954 -0.01588155754473365 -3.5712470937824428 -0.8798637517973187 0.005836863294841563 -0.0017907300960588925 -0.06918993609988 1.3752601148532504 -0.01685746428765391 -0.005606757527802443 0.24541009280431858 0.3416085149190511 -0.015286520163829753 -0.010158980064455312 2.5225355306932116 2.0414106935075687 -0.024605175236647302 -0.026852668853166124 2.94246111885201 1.0070410301821702 -0.030689686390503894 -0.024489748454065145
1.9074007093918242 2.2500910367018623 3.3491256640658813 1 -3.696800682619143 0.09521215104266312 -0.0116224726200965 -0.001549211068470847 -3.549043707305247 -0.9028020891169196 0.004015789161422358 -0.00414328351204794 -0.17899630532414434 1.3346343514807928 -0.02633709191715383 -0.012984929042529233 0.14244656432940062 0.2748584795159821 -0.025836038840963277 -0.013273243520081544 2.3752099394074824 1.9330947427166598 -0.0335833786134298 -0.021591271182553697 2.794283271519716 0.8822167086961468 -0.028475725244661056 -0.014938614260665421
1.8753710400339607 2.2341205527704164 3.3707525476734252 1 -3.7432699765335027 0.092163805402381 0.0028157223348202268 -0.0015746571021308991 -3.569972135348838 -0.954604170765747 -0.005350208931876491 -0.014522077057512123 -0.3336043607944639 1.2634463038285664 -0.0029847929219054894 -0.014714611454850694 -0.0019602827305931214 0.19602934542794848 -0.002911614170287069 -0.001167106914462323 2.176269804967281 1.8501188376257156 -0.0754061794495308 -0.0282060310801086 2.666727105967735 0.8286186087299661 -0.04966629374027153 -0.02059425755185306
1.9122667680774807 2.2572471941578782 3.430371816071855 1 -3.7389210401637247 0.07093847573587975 0.006418527550045381 -0.019427394595826104 -3.6406558121224064 -1.0602763051350121 -0.015949300801428843 -0.00842307611802873 -0.4859458117364479 1.171799721334546 -0.03384470797215128 -0.015976134609349886 -0.15774015351481196 0.09222442602607939 -0.035258920445662464 -0.03343778088280068 1.9898944115764907 1.7884554140317794 -0.016113427075457216 0.0018072784330154558 2.545716936548474 0.8192602761019843 -0.00858093950817091 0.0034868709707813385
1.927179999267166 2.2719628416240565 3.484189949599921 1 -3.7437085188940555 0.021281064084164525 -0.0003556072590070094 -0.015007700796628907 -3.7078095511693774 -1.1822401543650853 -0.007123224994192177 -0.018519078265236626 -0.574692831221522 1.0510477195201533 -0.007755160448234287 -0.025835188300141948 -0.2772436891609198 -0.04400797659914757 -0.012502460398278237 -0.028579724439033113 1.8464806752403868 1.7368725962011902 -0.039858388661819406 -0.021661868941270677 2.418057694788999 0.7937601619798729 -0.03917717379391632 -0.012469438218196053
1.9299677118153806 2.27167812268243 3.5145526699431446 1 -3.758889317124056 -0.04288383222968728 0.02657113873743647 -0.018893710719273746 -3.728972762923564 -1.2770226753666232 0.01823664726541731 -0.006894019671063789 -0.6283409867289156 0.9126137399959606 -0.0017405464217757106 -0.021080466580773366 -0.3287485732335922 -0.19269359815297304 0.007077197461678578 -0.02842669165960722 1.737931279569609 1.702138165416482 -0.019322627517976365 0.004991368266008349 2.3268042806081537 0.7621189031287998 -0.0030523539454572444 -0.012346662636076826
1.9532056739086971 2.296736075830345 3.541261121445307 1 -3.754895439652774 -0.11014787615813082 -0.0010236434246206176 -0.009893147998359558 -3.7479144479153055 -1.3376107110112279 -0.010840033382464016 -0.014935211421244297 -0.6717056185776116 0.7900569324164699 -0.022789175307093183 -0.028186425593222764 -0.3165701192420851 -0.313624122348366 -0.010426542837630087 -0.025064180555195735 1.635108909581981 1.6701411000967177 -0.03697584834503778 -0.018644753685146693 2.277830942937129 0.7572622312889259 -0.020519733119327678 -0.009497814894369294
1.9805836396917174 2.3439279240414166 3.556913154505564 1 -3.7059058778248812 -0.17474650972185213 0.02437222029306558 -0.015025953068559418 -3.8022528098623694 -1.3737229397301516 -0.0031629256006104195 -0.004701952484714503 -0.6674265311476018 0.694341960432137 0.029530134194960613 -0.011430226178100085 -0.27063418172729126 -0.3989529224319862 0.031639883806285275 -0.004947348617632585 1.5596196343053306 1.6420856236743124 -0.02722972016901254 -0.018791773883531853 2.266685711805639 0.768381924309151 -0.013290144697384194 -0.010575873973985243
2.032291620691341 2.4086438791837943 3.5547286364918835 1 -3.6566937273108056 -0.23541912981294943 0.001888021166686859 -0.011871270349172692 -3.866892951971513 -1.4005179439955524 -0.015037137657332689 -0.0027013395285105384 -0.6332702820188292 0.596172454066382 -4.667018888741825e-05 -0.028350081245115843 -0.22962393622232735 -0.4884321243513716 -0.0014383747121168439 -0.02073207189949209 1.5400842771893277 1.6236616953656355 -0.016199072207885565 -0.009770581873672761 2.290537952380789 0.7846675096366114 0.0024629108224270228 -0.012902878367530894
2.115215271794995 2.4899368254717524 3.5495400179121233 1 -3.631965727506217 -0.2960022640938349 0.0010397411113506824 -0.004197394715964376 -3.9006767250034575 -1.4272293436210663 -0.007695954908033211 -0.015083393012025537 -0.5819901688881797 0.46964378941847196 -0.006056889054134578 -0.03579759822990192 -0.1629483640247642 -0.5844742790436681 -0.0005320864924399258 -0.025100304819294053 1.5584423538717962 1.6125979734001792 0.02785410493780312 0.015980416765641752 2.3425539879102306 0.8186275106295171 0.02576425421417322 0.031227017182299432
2.1925273623849866 2.5805540335334745 3.5608079940887722 1 -3.6251500153493574 -0.35264633864400685 0.012720827726016718 -0.016102393518963577 -3.9170196367414984 -1.4538657483822037 0.005703511848403182 -0.004244984822343379 -0.537314689124671 0.32308552489923037 0.019920239328170882 -0.02815761446529707 -0.07526440570048099 -0.686243453906692 0.02567139988620947 -0.013021761912473773 1.5719625508671902 1.6014300008508409 0.017492322347966698 0.016268939215466606 2.405606312447424 0.8797341287532825 0.0235982793804907 0.03155415493098239
2.2603428127549727 2.665832648244816 3.584799361734573 1 -3.6090795892227074 -0.4034562902996133 0.009346778432109347 -0.02129443103298359 -3.9420679058242554 -1.4698515652680717 0.003926245633516729 0.010667585644663375 -0.48570985844491243 0.18643755932778983 0.022816583222238104 -0.01994999231104034 0.008280787739508355 -0.7871961309159066 0.024397161219036612 -0.014446607820507102 1.565164658303245 1.5912247284978505 0.009738894360674898 0.010047776189806335 2.447421294155953 0.9429307319549496 0.009128159326413917 0.02410268209341536
2.310182075533333 2.7194859957683284 3.551347379988444 1 -3.581281459340742 -0.43998802029112116 -0.002896139499819879 -0.004385374902944595 -3.967885689164548 -1.4706083169341062 -0.008339755447254757 0.006137899412483466 -0.423728678009744 0.07533403775989678 0.004968723787489193 -0.026680975535348442 0.06969745684623874 -0.8876425091239846 0.000672670419919497 -0.020845428712671008 1.5483175036773869 1.585520301151543 0.005130100899085826 0.011170520476512284 2.4526585616089287 0.9766127192257594 0.0040449091847394 0.01606682757376355
2.340648092738096 2.7447873538758123 3.5160213278506585 1 -3.5613083783539294 -0.4552157683722804 -0.014217210501379036 0.004979571741310916 -3.9709957583660436 -1.4626965166557242 -0.009430595475347818 0.008753340694499116 -0.3709161365469882 -0.01494682397017355 0.0021430154502826496 -0.020832327759183887 0.11079120474625803 -0.9801994558191779 0.0003404215769696239 -0.018032187868765218 1.5200630155159756 1.5724887873612476 -0.01900940847410093 -0.011481663655224045 2.439233396467201 0.9921812324498647 -0.0010501179977950269 -0.012214452958533307
2.5085268282272515 2.8313507456513007 3.4019278728224323 1 -3.652694995931059 -0.5532876460828331 -0.003265519592187155 -0.04017145780881089 -3.9381041433490904 -1.5730424181733678 0.01689921885520606 -0.03258197818085692 -0.30588348057755166 -0.18841722788116044 0.0200497375618883 -0.03670153808039936 0.1803738910357371 -1.1177179508929516 0.028627353004489726 -0.04370284938879001 1.6958842977525475 1.535283892289507 0.05279518326696806 -0.017983531263229824 2.520086562898448 1.00926587569354 0.028564398282783975 0.011432479030017621
2.5863151971459906 2.84493638489532 3.2320721606250005 1 -3.65899596132739 -0.7793441231462421 0.009521454983704372 -0.046701708485719154 -4.064301915492097 -1.6533606022516096 -0.055899614089785866 -0.009670239763721361 -0.1300575614724293 -0.4292706081763682 0.06503443696410408 -0.043324956710571745 0.31664090833257674 -1.2756136210876834 0.04469388594291472 -0.012095946748612883 2.004321045905413 1.6306872323197523 0.033299993734468694 0.02859825206949327 2.7909922967579037 1.2870058289778692 0.07492538808933642 0.06474743394926563
2.614320202287795 2.889930692587752 3.149160954253847 1 -3.676077882448867 -1.0337467049308338 -0.015140361339119732 -0.035171573737908586 -4.27420765701845 -1.6836957898878928 -0.02705315756583178 -0.025279180178793315 0.14217472203939252 -0.6105368198439836 0.04380637484220429 -0.01110890693531429 0.5722475383550183 -1.3530575878307332 0.07251715501316613 -0.02646139777300736 2.2215263232927613 1.841027793113616 -0.0013727045882129252 0.0571970996301982 3.0204498446345047 1.6593738585510356 0.07428534082916727 0.050292970399306844
2.6649919634594617 2.969098009438872 3.0154859905418596 1 -3.790905074961812 -1.1610454359903417 -0.012683574131280809 -0.01120455807177144 -4.276739366673996 -1.8124953983785939 0.008915001263448914 -0.031382379796041526 0.40976296351666175 -0.6990738244821387 0.027726357482490204 0.009904442826673989 0.8762920303932047 -1.3357333729315224 0.06715107715119085 -0.018623037940581025 2.3242677242628487 2.059368570426609 -0.026525976477593496 0.042477952211708594 3.1441593539786927 1.874180635053507 0.0618954961988772 0.024583991546242967
2.6384074904055046 3.0132483897805753 2.9698011371719346 -1 -3.6607589095717916 -1.047039252716004 0.05743332751740028 0.059277830033954856 -3.996970817455411 -1.903125965810498 0.08086316025992336 -0.002717812856378333 0.7627611541852621 -0.49722746167944565 0.03948783882859351 0.07181235096245138 0.7911883344317463 -1.4077244389406802 -0.030262883777992498 -0.02973532558254855 2.244806313364725 2.1292777140693873 -0.05891838892724363 -0.008397011606468536 3.1397559125627765 1.9749131975949075 0.01858702128833315 -0.0061955971834517076
2.7421452194839437 3.072874365468496 3.03289277493724 -1 -3.438069948819366 -0.7347129957631222 0.02632162352906816 0.05186195744215176 -3.5880515769194408 -1.6835310612151906 0.07498183041082725 0.0835955110938263 0.829497276419251 -0.280004707863557 -0.019994043394383314 0.02009903682854106 0.6611141274513299 -1.353854192803399 -0.019924296044823205 0.03610598095209475 2.074792270290925 1.9662964761062636 -0.008053301787912678 -0.036728651252424624 3.1054130914029594 1.7862290884387875 -0.0203071668738672 -0.0599477438246701
2.762096332697025 3.1041253485420817 3.133982834768942 1 -3.415164505354488 -0.43085967699298344 -0.012416206491641851 0.06726843231939542 -3.4434327335800723 -1.3235784923820406 -0.006948863040121559 0.05126509723558505 0.5796270736351774 -0.16763902931548447 -0.05837507960365773 0.00018902485557485346 0.6590896076141712 -1.2537646244904015 -0.014108399653476147 0.033167483889301755 2.030577171578827 1.7304033097367357 -0.004237469891105178 -0.05925247844988486 3.0433446418663834 1.3633294370313704 -0.02248951107089448 -0.08475297401073383
2.521966505274474 2.973809121972449 2.9852779901925324 1 -3.5090288133116636 -0.187944089811113 -0.023756279432012535 0.04059107722663403 -3.4749605452408554 -1.0841866582951518 -0.00929747507544186 0.03849490275630204 0.31992392279633197 -0.1103331196466023 -0.06041448706770024 -0.0002252676731242919 0.5779315081039043 -1.1909463606703417 -0.06516838565825078 0.003896361101267639 1.9480610250567683 1.4271400649793295 -0.011731103609993083 -0.032978501840854615 2.953922830178315 0.9700070563673311 -0.011407760066662092 -0.04772857446994049
2.4478132271141226 2.894993928497781 2.8693791162828974 1 -3.643221125587166 0.03450644152547655 -0.02537989269054725 0.03079246552806858 -3.54619446024986 -0.9463237705290127 -0.014761261923843978 0.03403600647347772 0.2020561162743606 -0.05919303677226695 -0.029767483907287513 0.0038653157518850935 0.20846421458391262 -1.15152719145729 -0.11032630083995354 0.01106662340622005 1.834546429676693 1.1741633413759396 -0.02572985958856871 -0.06445031428787115 2.8442059152993506 0.6865189566131444 -0.03578616117794274 -0.0667421474345403
2.509445968158031 2.9130093359484777 2.8553832215250625 1 -3.7794553029313542 0.26585091769418523 -0.020538733069258942 0.04836145250804375 -3.642732955525632 -0.8394335161659014 -0.009208632781250756 0.022281255895514673 0.09348530844288927 -0.06262153436662898 -0.037432967919133434 -0.0061696595573111045 -0.2690379528531164 -1.081111025123218 -0.09785462439803767 0.020747574181280773 1.7926631596955236 0.9813856443388294 0.0009180523984650309 -0.028508727023664287 2.740582402940711 0.438043170868579 -0.005517841971709348 -0.03912587856985485
2.42773424160242 2.8552861175996527 2.8550795064748513 1 -3.929520181064186 0.46668425233791777 -0.0247972915470259 0.02740008897653166 -3.6839243223819804 -0.7119285181482864 0.012745453263678791 0.03601067473061858 -0.07347218047285864 -0.08280183133415209 -0.04448778519708449 -0.008286535082460599 -0.6138826539864164 -1.0132023941208999 -0.04505808136562103 0.02230412310945725 1.7466960803326916 0.7226005028370415 -0.007077071764429102 -0.03434875746231029 2.65532486210361 0.17914034057460726 -0.006005272112602643 -0.04459451995141325
2.3322573954042674 2.7683428892086233 2.7376310798074237 1 -4.122334097957875 0.5645812025584311 -0.03873774336666502 0.01310904493729861 -3.652950469252904 -0.5501253577879995 -0.0010436218012953268 0.030946334979293867 -0.2656856453289711 -0.02450595478170481 -0.02127715410251193 0.014074005713538649 -0.7776269532074189 -0.9823950496407459 -0.013926185263619204 0.00542158884467361 1.6544718389758115 0.4925515386734991 -0.01149935524341928 -0.019759403457830983 2.538451201517211 -0.09030100793389728 -0.01856098352675566 -0.04641650976565064
2.3122655028672527 2.6688779417370325 2.688629813172098 1 -4.2656338864582475 0.6145359491258275 -0.010182326377625542 0.017167339542106672 -3.6436165710254738 -0.3875700943970355 0.000747498288244568 0.03435301178593869 -0.36266962438373085 0.0669759715877245 -0.024531353746530885 0.02295507122199911 -0.889910237945565 -0.901596049152608 -0.04220254775104305 0.02954619530262665 1.565077091578722 0.3441101999913285 -0.001061759605517316 -0.007317610937479001 2.374236516973589 -0.35383479367675497 -0.01948992439871329 -0.043279939143876456
2.1868191453777843 2.494312248410001 2.669501336253285 1 -4.329652128440104 0.6866436380432241 -0.0025529716412016866 0.017992816611184754 -3.7077504553306295 -0.2826989979610568 -0.004379548256006284 0.02078642821715659 -0.3748786875174881 0.13093012481898336 -0.026152411195514303 0.019191068448626357 -1.0282321559374799 -0.7619695969886007 -0.045946390113956306 0.0410194426769685 1.518485779804534 0.21353224317826514 0.010017662384495345 -0.011361969134788963 2.231925251771206 -0.5921383872322648 -0.006228042507851214 -0.036501388780945186
1.9885864176432166 2.3138999087014467 2.662495904895562 1 -4.368793244322166 0.7388195620541798 0.005017539991523051 -0.006088338762668278 -3.757541034783878 -0.2185310640028657 -0.0018477061176382452 0.026827917769915756 -0.3927569433459812 0.1548584164350557 -0.0029218345701874857 -0.003515210833579207 -1.1735000288368354 -0.62545489796981 -0.011706911026945516 0.016828953624623465 1.4714048390881098 0.07126290415304348 0.0027002772516318647 -0.01273895377843371 2.1344921152984666 -0.7780110921123249 -0.00223398407684805 -0.02588239821086104
1.91229858850639 2.208289718039371 2.6224082356251848 1 -4.439951590950962 0.7253674956250218 -0.0005070433007656264 -0.004396156270722995 -3.749469350822583 -0.14927259069309828 0.016600614121059544 0.029822363241790398 -0.4489779645296794 0.18499505837164998 -0.0039208719814904334 0.0019046786702508825 -1.2757737394771453 -0.5391510523563636 -0.004529192952675804 0.007086910100200183 1.4106831733548288 -0.04653946068657111 -4.988025749363793e-05 -0.003913466578978316 2.0394934686072768 -0.9061517561695466 -0.003951343583945118 -0.020638214922992733
1.787096971413943 1.9546305424331107 2.5062902518307077 1 -4.520217721842084 0.68709868306261 0.0021987472460012498 -0.012533009011147013 -3.7278444925072125 -0.08239678173878084 0.0019387501200029376 0.024428850616069087 -0.5982411833271062 0.3645542134956956 -0.01991378073169328 0.030413031638566308 -1.1912536689820805 -0.6068069681665396 0.041745475281369585 -0.018802121133155384 1.3545418374483056 -0.09818340210554177 0.0008981345231244778 0.01185196571564638 1.901798343627303 -1.0394707908730523 -0.024245740389178365 -0.031212957245226755
1.3270482324080353 1.4695298421216483 2.5720148529959066 1 -4.5754571409445814 0.6857934317135479 0.008647106509394466 0.0011404404955097404 -3.7403800834577092 -0.06618638573153568 -0.011050690190556172 0.008898890568152332 -0.7143206484453506 0.5014767596034047 0.005597736684372613 0.010129746912326609 -1.1501594434565985 -0.5870790162748213 0.0047790403122082836 0.013712414008104759 1.298616002519564 -0.047413321890514726 -0.029002265004591993 0.013823727744287227 1.6796978342665358 -1.144794748675483 -0.05913787369977423 -0.0025533660333022824
0.9471040487644946 1.0184832749143442 2.3063614036897846 1 -4.602132072220323 0.7656953189854256 -0.004266887650717331 0.03383198022487674 -3.8138883016567786 -0.10697728345642643 -0.004083103759752214 -0.005673182893253236 -0.7441437705010268 0.5738310879580775 -0.019900732023588948 0.02013026461850076 -1.2769400072595354 -0.47189978030320046 -0.04376893653348088 0.030055811785506346 1.2785954364468282 0.11773431217800856 -0.026150714765876992 0.03398022263607209 1.5202550434836866 -1.01841800035022 -0.04305863474161009 0.0363567443584712
0.7383637612219448 0.7171735656065918 2.05030249494742 1 -4.631268417674608 0.8374750434098532 0.0003939582052228612 0.0060909152284513105 -3.8740137140224897 -0.11304449059412502 0.005824124277015317 0.019531460645953437 -0.7938113179473887 0.665955921414896 -0.00788359657198271 0.014634310257963029 -1.3561724098193486 -0.39030492408816786 0.009945618384636132 0.009135726873234995 1.3398797666783082 0.29849461575990177 0.008145901186472668 0.0231109712958723 1.448896231508055 -0.8420494451709242 -0.02375231799856577 0.03511847322849701
0.5657470637404013 0.489293974389783 1.8737122045482164 1 -4.8505542526139775 0.7732902133802411 -0.06062563406339483 -0.024602163780579934 -4.001024682070832 0.1963875252203151 -0.060171560268353644 0.07218092140829674 -0.8128964603451192 0.5899949282334922 0.009136648421704748 -0.04194530986417473 -1.0957171788182176 -0.36121987425184976 0.06768415921976134 0.0043116311460927835 1.5250647895812959 0.4255394201448246 0.028894725665756557 0.01981303556813938 1.4946067389819389 -0.748442626764001 0.003031980956597761 0.014524866251768836
0.3850424643508759 0.24415496836625586 1.641908987748357 1 -5.101010576632087 0.7517120931170995 -0.03957705488141795 0.014613289902011625 -4.3135616972097965 0.46649845131748036 -0.055737587089017084 0.026295481736339228 -0.6815238466025253 0.4344419010514964 0.015281224579019691 -0.03410136089723651 -0.8974462137620853 -0.4011635067548138 0.03270070184077243 0.017171878063126096 1.8200976428403344 0.49244453835991386 0.06310527958558422 -0.005297065979880946 1.714130812869338 -0.6908369024942378 0.053057362578771194 0.026937906422252307
0.2915722889174935 0.06414754918337011 1.3910123665522043 1 -5.2078107116555366 0.8472334122600498 0.016436643740111688 0.009366763563703449 -4.504389730719739 0.5245319264078281 -0.029042134299047645 0.012147626264037488 -0.6138943772510501 0.4494556090223152 -0.015359311538626009 0.0244533344620557 -0.7499175296004439 -0.3393609958923911 0.0289985164996184 0.0368937085539419 2.171226858527742 0.5071646142106263 0.095724701663899 -0.01490802048245463 1.9538993440162988 -0.6020741020403906 0.06759311567474223 0.01641324579393865
0.2657620092189169 0.006661304965328989 1.1966619862927177 -1 -5.192566219280687 0.8691469810127173 0.03392495336980979 -0.015714689582282896 -4.494253426497902 0.5264822000704277 0.0025066508240854136 0.0034478363128836002 -0.5549192466039998 0.6410014917334046 0.011128251828432696 0.023600084728347605 -0.5917954108087784 -0.14167761269089818 0.03419168828873786 0.07021948866264861 2.498490431451361 0.46781402888606327 0.07660900068063842 -0.025470857865684548 2.0982724313017993 -0.5328113068848297 0.05133411270190832 3.7493861378611276e-05
0.20682565575560846 0.12682737527370455 0.5829640170531417 1 -5.141045742206595 0.7998611615350311 0.024257525092803697 -0.01596597282453713 -4.385685865230343 0.4825619832052972 0.019238307023082997 0.0031457471391500118 -0.5458252486438537 0.9249019330557744 -0.014797378922147945 0.024857884938302127 -0.7865473217835741 0.07000783219140572 -0.04246761775140133 0.07176871296840848 2.7150773337950787 0.4746145270112838 0.05497179455566198 0.01632286824488525 2.394169975685159 -0.40618294933670496 0.07599676896586453 0.014715429351571524
0.37423113461522073 0.08495211620345418 0.12361058076956442 1 -5.117059341260822 0.7640614767623706 0.0015790868424676897 0.003900749435046303 -4.3073053520822215 0.43518405416293904 0.011197639519562631 0.004705497525152466 -0.6047783024866851 1.1031857523326813 -0.005673797213040363 0.03143334424626589 -0.8824766924391927 0.2728283751625764 0.007994320245913488 0.02707305748028916 3.007720868179648 0.4063818957034404 0.06875948540008388 -0.023393615076355345 2.686190642253109 -0.3250672545788581 0.03474953131434262 -0.006288201564745785
11.695107 6.088784 3.0988314 3.292726 2.8735394 5.5197034 5.8407574 2.7863383 2.1340935 1.9739352 6.8424015 2.7333689 3.7874973 1.7491503 2.0543149 3.9677014
11.891184 5.711948 3.1008348 3.2977262 2.6047843 5.405374 5.6822352 2.7296865 2.0842984 1.9746463 6.50027 2.6248283 3.7161613 1.7487172 2.0914617 3.752461
11.835675 5.5058985 3.0223608 3.2252684 2.5849557 5.643006 5.4472356 2.4339755 2.185851 1.9469793 7.056255 2.3520374 3.7291005 1.6951852 2.068123 3.4739041
12.081389 5.4225674 3.1141543 3.1516857 2.0918078 5.320857 4.9797425 2.3380706 2.0720773 1.9222896 6.4355702 1.9049629 3.7987053 1.6439927 2.0644994 2.857779
12.214855 6.0065985 3.313015 3.1238275 2.0490117 5.0808907 4.8470764 2.5837004 1.8942147 1.9187938 5.827163 1.760777 3.937906 1.6261399 2.0307446 2.623489
12.246402 6.196334 3.3556256 3.1099443 2.0429235 4.9974437 4.7593465 2.5676408 1.8312575 1.914726 5.632558 1.7047431 3.9635344 1.6138437 2.0204704 2.5184174
11.98506 4.8165483 2.8925595 3.0943918 1.7872863 5.2388306 4.404405 1.7457777 2.19098 1.9068319 6.273302 1.6303121 3.7525506 1.6178515 2.08071 2.6128235
11.999279 5.505297 3.0847406 3.0988379 2.0380619 5.2167306 4.662648 2.0714777 2.0469122 1.9034824 6.36739 1.7011559 3.8293474 1.6058912 2.044403 2.6116533
11.6788 4.7266564 2.773144 3.1032631 2.2222514 5.5066185 4.696889 1.4872553 2.2304237 1.8870155 7.642832 1.8405395 3.615011 1.5935295 2.063674 2.8573194
11.593096 6.0147934 2.9991398 3.090226 2.689172 5.6021557 5.0461116 1.7563744 2.0997324 1.8702885 8.0929785 1.8737001 3.7240388 1.543553 2.001126 2.7541022
11.3598 5.5837708 2.8469007 3.091046 2.9654374 5.981334 5.1926394 1.3878103 2.2068474 1.849569 9.201012 1.9721423 3.5298111 1.5175165 2.0142307 2.8701587
11.20096 6.145926 2.9285645 3.0442412 3.3533673 6.0789347 5.196509 1.0476711 2.237466 1.8404318 10.050215 2.0154357 3.5904388 1.4766016 1.9477453 2.978994
10.997948 5.327468 2.6228673 3.0660286 3.1079373 5.9076853 4.88295 0.8464112 2.2974272 1.8373544 10.430391 1.9893749 3.5037577 1.4881316 1.9773968 3.0754724
10.589085 5.206968 2.7816422 3.036371 3.1429164 5.55409 3.5326228 1.0534811 1.7661065 1.7750578 11.832671 1.4295763 3.409113 1.3442602 1.929186 2.4880724
9.87307 5.195251 3.4852188 3.0544457 3.1950076 5.3660774 2.8334115 1.6241262 1.3668811 1.7529452 11.785617 1.1220443 3.2539167 1.2924732 1.9529396 2.1623602
9.4484625 5.506615 3.669209 3.055955 3.15475 5.1997256 2.668795 1.785321 1.2523069 1.7571776 11.793848 1.0819213 3.2952929 1.2821519 1.941123 2.1173186
6.952306 7.855117 4.6689525 3.0795703 3.1292858 4.6585345 1.8609569 2.616374 0.72085357 1.821303 11.765376 1.0705367 3.5888572 1.2465372 1.8655714 2.0753188
6.0622993 6.0756044 4.6113367 3.0890553 2.7959847 4.891288 2.6543782 2.200364 1.1051922 1.7805815 11.722322 1.1897666 3.1796875 1.294519 2.0033731 2.1497436
2.6093714 6.5287404 4.1942887 3.0771117 2.081161 4.9568014 3.7195463 1.9502213 1.6192038 1.7956904 11.974424 1.5560482 3.296788 1.3494899 2.0522127 2.2943583
-1.3200431 11.639265 5.356858 3.1034384 2.3650439 4.620518 3.0556788 3.1250277 1.1832665 1.9214327 11.420601 1.7416686 4.02016 1.3170696 1.8925387 2.421764
-1.9060965 12.00067 5.1572084 3.1324182 2.6843631 5.2921767 3.0865612 3.1803086 1.3819661 1.9143591 11.057171 1.8143215 3.8917828 1.3247064 1.9238594 2.5922427
-1.7289724 12.675053 6.946596 3.061208 2.0740182 4.7785697 3.0182464 3.909859 0.88943577 1.8732376 9.357929 1.5722353 3.5607934 1.3299947 1.9148219 2.7790165
-0.71462584 12.641001 9.340171 3.370788 3.643258 5.7634892 1.409256 5.20162 0.71850955 1.95872 8.7953205 1.275129 2.7222185 1.3482008 2.1563523 3.2878485
-1.7851634 12.97061 5.739168 3.244826 3.1369426 6.6683154 1.8460793 4.3421125 0.7889062 1.9225903 6.388697 1.8790164 3.2815404 1.3731529 2.0245395 2.8005877
1.456512 11.643459 2.5630639 3.2549071 4.599511 8.906896 1.9988503 3.523363 1.9451799 1.7933979 8.703063 1.4285792 3.379568 1.2404362 1.9981626 2.4452596
-0.48672247 13.12129 6.44601 3.3220127 2.2416532 5.4587746 4.0883136 5.237132 0.68090785 2.05477 2.7115326 2.4717162 3.7542908 1.6064956 2.1307516 2.5334039
-0.13602686 12.63951 6.942786 3.3913097 1.8041897 5.0726204 4.832308 6.3551517 0.36323094 2.0677085 2.400722 2.594964 3.7493923 1.6656139 2.1719792 2.5273418
-0.9951229 12.495571 6.6003304 3.4407148 2.1687572 6.0580134 5.230404 7.1135683 0.60305774 2.007543 3.3023107 2.4702415 3.5962913 1.6313891 2.2152848 2.466268
-1.9661989 13.2263565 5.9206343 3.714999 3.7811348 9.470154 4.809693 8.582172 1.1101946 1.9849219 0.8052149 2.5604553 2.8547032 1.6551054 2.441236 2.848827
-0.92934704 13.275482 7.681237 3.6197615 3.3953831 11.070498 3.3358061 9.939877 0.3242402 1.720701 1.1322198 1.3627577 1.8596511 1.2633613 2.3037784 3.132288
-1.1340499 13.468601 6.7353635 3.3116138 2.4868076 12.529433 3.2124243 9.543855 0.11501694 1.4518639 0.92014027 0.7024698 1.50302 0.94022214 2.060847 3.17173
-2.3252363 13.338089 3.81384 3.0424557 1.3335366 12.934107 4.922728 8.801611 0.45390344 1.3222207 0.62176085 1.0824301 1.9486852 0.92546237 1.8710687 3.0325904
-2.567319 12.976171 3.2262442 2.9929 1.1215386 13.192372 5.6038575 9.201567 0.5058583 1.2741157 0.94409704 1.1182188 1.9660032 0.9247464 1.8424082 3.079185
0.5823641 2.1386025 2.1270583 1.8276044 0.4236598 13.00471 6.3943186 6.125183 1.7538309 1.184764 2.1391997 1.2736832 2.6950848 1.211903 1.5814816 3.6839452
-1.2376051 -4.670321 3.9659605 1.6390088 0.29036713 12.58221 13.888672 2.798653 0.74557304 1.4717913 3.6193178 2.9533377 1.0538198 1.5996735 2.0180452 8.635509
-1.7420893 -3.9645662 4.1810637 1.6368494 0.51013565 12.959267 14.070258 3.5064452 0.52128875 1.4656587 3.5248241 2.6842542 0.8935161 1.601841 1.947454 9.185129
-1.9665341 -3.2409592 3.9657059 1.5400057 1.1147165 13.316478 14.434201 3.959452 0.6415032 1.4248567 4.412542 2.6382523 0.57256526 1.6381929 1.8515377 10.230618
-1.3131208 -3.6662498 5.670739 1.479727 0.87144995 8.866737 14.92827 2.9522302 0.682804 1.623023 7.826248 2.7570002 1.1595795 1.8677461 1.8513346 10.724688
-1.1406527 -2.4265513 6.300391 1.7157446 0.87246704 6.182996 15.02598 2.3568892 0.61672044 1.791748 8.413168 2.6930866 1.7906883 1.8783123 1.9741719 9.682135
-0.03344202 0.56659603 6.434164 1.6255735 -1.0636683 8.621259 16.548857 4.0782547 1.3214418 1.6953976 10.685745 2.3472784 1.6873107 1.7069564 1.7747805 10.87817
-0.44108534 5.97958 8.4787855 2.290536 4.4283123 8.527487 11.581603 2.717501 2.7265131 2.0578406 12.216648 3.0886378 1.002543 1.9976699 2.139185 12.047482
-0.5035925 2.6950197 9.3532715 1.7975295 0.030154228 4.666192 8.182047 0.32495022 1.0105108 1.049097 15.233332 1.9050769 -3.247308 0.9495504 1.8281834 11.901567
-1.5197458 3.6709507 4.1819735 1.4140043 -0.6460357 1.5230836 4.7341433 -0.34746695 -1.9074767 1.0299426 15.282276 0.9478376 -2.8942335 0.9999708 1.4579842 12.592624
0
0
0
0
0
0
0
0
0
0
0
0
0
0
0
0
10
10
10
10
1
1
1
1
1
1
1
1
1
1
1
1
5
5
5
5
6
6
6
6
10
10
10
