15
1.7652774801736504 1.679598262527905 1.445441109142811 -1 -3.2 -0.43999999999999995 0.0 0.0 -3.57 -1.37 0.0 0.0 0.5099999999999998 -1.9300000000000002 0.0 0.0 0.13999999999999968 -2.8600000000000003 0.0 0.0 3.3 -3.05 0.0 0.0 2.9299999999999997 -3.98 0.0 0.0
1.7315326422799444 1.5515962727978112 1.3974867963207713 -1 -3.1316207697755605 -0.4694719088973496 0.03356423023391503 -0.017574128383910856 -3.6006907127129866 -1.3811299202766245 -0.008951846652754305 -0.010955169683156069 0.5087774827743692 -1.9292802267069353 -0.002397091124474232 -0.004913615202806684 0.13966227073416881 -2.860567311215881 0.002060392484769163 0.004785035510989102 3.261108015375675 -3.017448976646514 -0.024995232056175758 0.009175929398937419 2.8994947811704996 -3.983924694001783 -0.012122620879240122 0.00435213058242215
1.391139928281572 1.2668915412911723 1.4527983871141577 -1 -3.0492742268400246 -0.5880353064360739 -0.009735953983893864 -0.030095768306417418 -3.668369962992213 -1.4328227896975327 -0.00955445373039012 0.003261694786403811 0.4957049954037833 -1.9109084157633431 -0.006919125907670066 0.0028664173337734303 0.12081606295321201 -2.869477482013767 -0.006168023023808926 0.0010209192881415873 3.091727259539823 -2.9493585924020937 -0.04106035995377638 0.003083974969804365 2.785875147741092 -3.998177251352433 -0.029704151521803956 0.0005904194887551371
1.0112046705252677 0.999813181927637 1.2814987793689623 -1 -3.1147825681324397 -0.6624661708515047 -0.024937856418689355 -0.008213450190191821 -3.6927902664742844 -1.4802042818628767 0.0022743160905564193 0.004322999660810133 0.4433456053684024 -1.870855242259411 -0.016533812307426347 0.005889070974395148 0.054049950186731976 -2.8806293913132484 -0.01787720176901365 0.0012212319823689498 2.907978413912949 -2.9513470504731503 -0.035995047676877015 -0.0063774157027719665 2.5958868228067153 -4.020192033704394 -0.040043740859046925 -0.0004488689960599427
0.8135572588516333 0.8758893278460649 1.141064655021693 -1 -3.1941372904320815 -0.639286458271583 -0.02083312874255599 0.00429729192840248 -3.6889482302387324 -1.5122887429807004 -0.0012766381506186825 0.007078666511495187 0.33223066044725513 -1.8351879655097587 -0.02865532593939027 0.006138449922795218 -0.06532966841686871 -2.8709012173197364 -0.02790539884042618 0.005234898596249336 2.726022372056212 -2.946542403367693 -0.03995866927169143 0.004035770062044799 2.4001941014859938 -4.027595067675127 -0.031923243781330095 0.005861566640566786
0.65709955541472 0.7881222213961565 1.081448658307361 -1 -3.2300408773972755 -0.6107718676195406 0.002739358309448617 -0.0014041742204417163 -3.736717354569236 -1.5382485979292497 -0.013581366384994121 -0.009087295481420737 0.1654242337962737 -1.7946806979502128 -0.05470436353893545 0.01033703103017294 -0.2267532348533594 -2.843115029246582 -0.05170874030310831 0.015999291565503802 2.5226993516922915 -2.888852488657382 -0.007724529392081826 0.01267418088117211 2.2719151267295246 -3.9893124405768576 0.004531481441629973 0.0015020332905919635
0.4845888053992486 0.6746060597572492 1.0470653194784354 -1 -3.2392664592726863 -0.625716924509399 -0.01795799309138238 0.0016686434560587405 -3.8595157313569297 -1.575614130502375 -0.03852175830873336 0.0006263073177154507 -0.007520428061413398 -1.7752401666572546 -0.023163848765720724 -0.004629527577044074 -0.40874488351368665 -2.827491029866575 -0.027792441691069425 -0.004500197629293363 2.336361470931485 -2.81989058612557 -0.05283711557720942 0.014759996736139452 2.172787436125632 -3.9182017636823874 -0.03959373882697208 0.015515692441437788
0.3609399248883926 0.581923177559033 1.0528656523253217 -1 -3.272903848166796 -0.6646571308070939 -0.0029770183681705337 -0.019083198629649904 -3.9862485624121597 -1.6325954959318314 -0.01041723949963224 -0.0141265674311201 -0.15557105086473477 -1.8146288952696452 -0.041067637650296626 -0.007218854424424773 -0.5913656920744508 -2.859143682510721 -0.04838808139492784 -0.006784803809691686 2.2021132051795176 -2.7745037551152336 0.0016050228834735957 0.008985065752774368 2.0656279343772486 -3.8633567980895913 -0.000809896403164331 0.0011454628277685428
0.25423331538262245 0.5005673544631777 1.0721381255262286 -1 -3.3297852883671064 -0.7052777107005148 -0.021325547177640968 0.0005474544225282339 -4.0656033264890095 -1.6931854900861887 -0.021041231598561246 -0.00434565090279088 -0.28154111451739894 -1.8927073775918504 -0.058751423968718575 -0.012045675731626524 -0.7211394281807109 -2.947068870423196 -0.04641621928658839 0.00045502249992004917 2.0958055756029337 -2.7369528720620724 0.009816918494075903 0.0029599145025534113 1.9767174300109458 -3.832590005536848 0.011963670676316197 0.00532645837968271
0.15755284113582707 0.41965571570331056 1.1073206933677306 -1 -3.3587510782759677 -0.7663473428722933 0.003698619267752914 -0.023941832631480146 -4.115548370225847 -1.7250968776904216 -0.00048439110819312485 -0.005200477050878089 -0.3873288508190642 -1.9666496504304025 -0.000766667928968364 -0.014529506374234986 -0.7817114433759675 -3.055641201819916 0.005512390941314664 -0.03063731961705244 1.9935361243471474 -2.696817130297526 -0.03817671843846924 0.006510365337037852 1.9299685610139958 -3.809618388333092 -0.020680096926699632 0.006905314367551943
0.07245620917124995 0.3471401883965986 1.1496912842655262 -1 -3.3609939514999514 -0.845129289886434 0.00833055238817254 -0.02739759267640656 -4.178495788243758 -1.7208336220861276 -0.004350110393232499 0.0012208778303063224 -0.4475170666894899 -2.04197646931273 -0.01987162322596657 -0.015611305860129848 -0.8061246471174783 -3.152562592584032 -0.014742873761971849 -0.012219080674398383 1.9174777612273477 -2.6698117508446253 -0.01142761133303831 0.01273391525242931 1.92769905855216 -3.7924541913976695 0.0013859915657384175 -0.010614509018239647
0.02302972348744024 0.27327339790580013 1.1703389432582003 -1 -3.3596901506949033 -0.9212908013301502 0.0016637993907063146 -0.02186718118987602 -4.24354229934775 -1.703739557095242 -0.004219339504736622 -0.0008536529605585375 -0.47482887937890617 -2.1443824032591854 0.005601242905615776 -0.029017491626622254 -0.8245589746800759 -3.2465763472356097 0.008993280273252 -0.0225572394703119 1.8876278614438435 -2.6727435863319764 0.0008882126200705758 -0.013969668981662088 1.9552070376019337 -3.786617699637193 0.010360188372217395 0.014523496009712571
0.12548354075362342 0.1987646443050714 1.0634448499303133 1 -3.3840342237603735 -0.9791136299299389 -0.01818505234978784 0.004886219322478503 -4.288981378419616 -1.7070929555650158 -0.015810119925013178 0.008831107736214828 -0.5180380707607526 -2.2752049111729 0.008306521527992192 -0.032365254886356366 -0.8366564137971353 -3.361549212672563 0.018369233351994137 -0.03156120049688892 1.8895599010113484 -2.690509572489087 0.01601365660601379 0.0013755100109301877 2.012315132055333 -3.798059571288785 0.027474650706027653 -0.004216491865663762
0.22838957078646954 0.12231075201677061 0.6706467370774588 1 -3.5406433156180426 -1.104495268685763 -0.03502243103637378 -0.05334975446294485 -4.395930412954522 -1.8156643568119923 -0.022247503465086985 -0.029777834415274537 -0.5836970385660076 -2.4582686918771164 -0.0036599786760802243 -0.03775465019022934 -0.8214955051725688 -3.5178766767466505 0.00721625747800736 -0.04277469487263985 2.0469279996201797 -2.874187785204581 0.048867399950429546 -0.06124870404711467 2.181735696402959 -3.8608339184638103 0.052941843602392694 -0.009688511023417673
0.22250117508812478 0.29969240134137537 0.2849695892316508 -1 -3.768812792517301 -1.3648659456485772 -0.06028638647564368 -0.04093730688161291 -4.627903673701498 -1.8014178178462483 -0.05847105079934953 0.03204000633993398 -0.5503733417130894 -2.718363155032078 0.03568386477281667 -0.06222796188279056 -0.7463037532216861 -3.672476500786389 0.04256526693450076 -0.029996495885297205 2.446481520620331 -3.081185718181196 0.09581709107676309 -0.05004765371575673 2.678936016400452 -3.9079395013897433 0.10914439282769514 0.035780622650463126
2.3159416 2.6347868 0.65995073 1.2984958 3.3136144 14.187988 5.353843 2.6947975 1.5718498 1.0515366 5.6154256 1.5165248 2.0180848 1.0518198 1.0555692 6.679701
2.0468254 2.4515016 0.5035646 1.3229609 3.353292 14.244629 4.886676 2.029955 1.4880569 1.0589987 6.362274 1.670331 1.9575033 1.0343586 1.0215169 6.7616076
2.005475 2.413172 0.4719031 1.330254 3.3571982 14.246126 4.780678 1.904382 1.45422 1.0603857 6.5132704 1.7048663 1.9389465 1.0297731 1.0155491 6.764967
2.1156328 2.536622 0.49358654 1.3365166 3.4348197 14.187456 5.0206075 1.9786006 1.4807556 1.0665387 6.376194 1.7684535 1.9302952 1.0440979 1.029706 6.824204
2.411952 2.7876196 0.42513847 1.3256624 3.822967 14.127136 6.1046314 2.090566 1.8759215 1.0984226 6.3366127 2.023753 1.9020803 1.1278552 1.0757834 7.3190217
2.7399042 2.748033 0.4031546 1.2761052 3.9378428 13.927305 6.655829 2.1289535 2.1235409 1.1262861 6.4216576 2.1416662 1.9556708 1.1947916 1.0715053 7.738493
1.9619288 2.1378603 -0.110783815 1.3014212 4.3983927 14.899404 7.6103306 1.706198 3.1120207 1.1434398 7.823478 2.3762023 1.6656528 1.2829803 1.1735976 8.384821
1.3321385 1.0321159 -0.10441351 1.1783118 4.1150675 15.096575 7.999117 1.4946103 3.753431 1.1713723 8.789691 2.0023606 1.831054 1.3283716 1.2016891 8.718068
0.7404022 0.08774042 0.22553968 1.2179251 3.8288345 14.014993 7.621828 1.1101625 4.356737 1.1640729 8.724745 1.8045806 1.418271 1.3165703 1.3671423 8.612067
1.8744848 0.73967123 -0.3038702 1.0721898 3.8974404 14.646426 7.2590885 1.376034 3.823511 1.1549898 9.744921 2.0457208 2.0273993 1.3394916 1.0970504 8.7362585
3.0037985 -0.08729458 -0.31070924 0.8904104 3.3087606 12.988636 6.849607 0.2933693 3.559984 1.2050326 11.576221 2.4640114 2.1588507 1.3691568 1.0540789 8.893659
3.3582382 -0.58813524 -0.39621592 0.7784796 2.9762828 12.349353 6.426486 -0.43058085 3.3734524 1.218143 12.71216 2.623585 2.1383567 1.3697499 0.9964727 9.119132
2.179577 -0.8007083 -0.092923164 0.6395916 2.4274497 12.606714 6.354497 -0.6776421 3.3017986 0.98805225 12.616663 2.950195 1.0697627 1.3710535 0.8893013 10.592325
2.2739325 -1.2904401 -0.31692147 0.51405513 1.873323 12.101274 4.2866936 -1.8295791 2.3726594 0.9949261 14.658955 2.7627616 1.2162229 1.2478735 0.6672988 10.401512
2.2256274 -0.8832269 -0.13047409 0.6036333 2.2495465 12.510547 5.8281984 -1.0029573 2.9231641 0.9955069 13.117662 2.8920474 1.1659465 1.3301133 0.82182145 10.484688
5
5
5
5
5
5
5
5
5
5
5
5
10
10
10
