14
1.6201353499346758 1.633287009948981 1.7302600960549255 1 -3.58 0.08000000000000007 0.0 0.0 -3.5 -0.92 0.0 0.0 0.40000000000000036 0.3999999999999999 0.0 0.0 0.4800000000000004 -0.6 0.0 0.0 3.3899999999999997 0.6399999999999999 0.0 0.0 3.4699999999999998 -0.35 0.0 0.0
1.4915668794888224 1.6131094717160694 1.6979743389878215 1 -3.6090872953082416 0.09990336203277805 -0.0057935461758749284 0.013468606045331866 -3.424903897507945 -0.9148790551885684 0.03727972102374592 0.005969777763441798 0.40148984802581555 0.40098323970243266 0.0008983760314396443 -0.004946906977743389 0.4768732333746213 -0.5976643668231243 -0.0010891912174863516 0.005858367027255401 3.3647554899361856 0.652390783948489 -0.01212522595462201 -0.0006614983562205721 3.423409196906322 -0.36799662783616927 -0.02598106225063744 -0.0010609913949472943
1.2123840638941847 1.3120934644679891 1.7537251636620041 1 -3.6584672756916277 0.1693005094951614 -0.004873305331520039 0.01066737631723798 -3.311745038634128 -0.8273237163190446 0.007217031019649082 0.02746781596799818 0.38628670139674437 0.4149242211768476 -0.006008155443678834 0.0005413731917975062 0.4573978711004534 -0.6108619342402929 -0.00744085732349068 -0.0008725537533453894 3.261099268152191 0.6986715272390398 -0.028300329878595307 0.00781274744646204 3.2434077235234273 -0.3837053871599899 -0.039559436077929076 0.008712563354707823
0.9515422135220584 0.9630226685410618 1.5424090624319555 1 -3.668559030689728 0.21989141695830483 0.004662390565813894 0.004005520064668575 -3.3527441226645927 -0.7395866242322999 -0.01466955962727412 0.011522012494451924 0.32544169563790604 0.4431543778737048 -0.017207868013538595 0.003698168697761921 0.39494596635975654 -0.635021881818707 -0.017298736765580493 -0.0009154101912719169 3.0849895664517994 0.7736269134882525 -0.03793037702992661 0.011781785761994222 3.068478515951065 -0.33008164445249655 -0.03206961085332735 0.016402965576926547
0.8326866395327007 0.7925117735022139 1.4369112763609593 1 -3.65659987925978 0.25090362236270547 0.002040365082341519 0.005978152391396589 -3.4364249959630455 -0.7382314994326542 -0.01150946598932362 -0.002315316010266291 0.20748059000142316 0.46818525352488405 -0.028054107140943488 0.00331874130950513 0.27661334169668983 -0.6366945265128683 -0.02933800021348722 0.002685166215867672 2.898056685297729 0.8379295771809492 -0.03249612128169213 0.004004918147656451 2.893362162512675 -0.28119914124856904 -0.03890747653069077 0.00821142488041889
0.7513632173132985 0.6628185243313754 1.4020330362719726 1 -3.6960757891499214 0.2945400923004451 -0.010825593555393377 0.014595716880200657 -3.480535903894328 -0.7487147879131326 0.002979784010465082 0.0012358759802776013 0.045666951658501986 0.4903644439706316 -0.03535445700122958 0.005153478775593544 0.10409665152550929 -0.6258196988618793 -0.03749988705710998 0.0029632497156880187 2.757911603668732 0.8428606824873504 -0.022483757627790427 -0.008926290255599658 2.678253892873319 -0.27552666156780115 -0.042336122972018456 -8.194726677549467e-05
0.6466532834819643 0.5068991099826827 1.3881774593887992 1 -3.80093460623556 0.367123193883675 -0.007384470992609332 0.016288415828894995 -3.483027338535562 -0.7253537486049422 0.01688897400570015 0.01765855833282533 -0.13848117439837093 0.528998176605072 -0.06655272925820692 0.008073296058541663 -0.07452595741950319 -0.5961394495409178 -0.05910066913777477 0.010407053095833169 2.6369374966706527 0.8031037295930927 -0.007655181048283569 -0.015257418194268933 2.47695980859627 -0.28901977815782265 -0.013924271047604748 -0.0027057921842936965
0.5532479090518787 0.3924033015137386 1.4035392185366626 1 -3.905854241102214 0.45771934804303216 -0.007971445189614994 0.019494134060202055 -3.504749581883814 -0.6803968487192419 0.001555218848340843 0.015133615465989451 -0.30231564857569015 0.6121049828180749 -0.02016940276067875 0.015412205425130662 -0.2016961464087652 -0.5191972151480887 -0.015236809991077647 0.026886725025941888 2.5072303466433414 0.7803789005433397 -0.026525601556960793 0.010564165000294789 2.3247458455808623 -0.3014463266111733 -0.030097975230884033 -0.010245304895178399
0.4791023619915439 0.3025035304578008 1.4287823890343028 1 -3.9621979105018656 0.5412870899714215 0.0011999840560901398 0.013151925710965346 -3.5476808661501904 -0.6257353617538937 0.002876932336072995 0.018971896111276903 -0.39985387941633554 0.7309535963650937 0.0028200693368408275 0.02514774257310872 -0.29661371771472655 -0.4117971827050516 -0.004036420948848561 0.02299752542707221 2.4003210892692817 0.7758487744331808 -0.011693698657361801 -0.01977178253353411 2.203156435772696 -0.30606784438563783 -0.012309008098132318 0.012013404141733231
0.4075104713514679 0.21651494767301838 1.4533047030049984 1 -3.998270331783413 0.5953329840599235 -0.021374152030350643 0.0018349055981851242 -3.568921176786994 -0.5556651146092879 -0.01544440118158666 0.009398887942556059 -0.4282012668102242 0.8451934035644673 0.018311865589639216 0.0184117765455362 -0.37981497430763866 -0.3136700826072426 0.006274504599977741 0.02136542121032401 2.35294300756643 0.7713234436781957 8.353291094289478e-05 0.005039291343360338 2.0991557696144554 -0.30977922972700467 -0.017608850844740002 -0.007552807677926283
0.33703781418516554 0.1285527287165827 1.4795178687683492 1 -4.067531222797568 0.6049402819611471 -0.021156366976765144 0.0005147481990650882 -3.5440468623518564 -0.4800406343040028 -0.0016292382737926013 0.008711447436222125 -0.4287373593723869 0.9404287732901981 -0.000959210450201203 0.00853089842393441 -0.41979179129353383 -0.22663578044098842 -0.004967505103716479 0.027240893934571676 2.355792865162149 0.7499760254579966 0.026824146516545917 -0.014887931945218091 2.0245973343612143 -0.3090193897565353 0.017710022276439058 -0.0067747448573693796
0.25360894754603 0.03219794621722506 1.4826221855792912 1 -4.173059055640407 0.7269452294353875 -0.02849154690120805 0.039450490161039964 -3.6157492891051426 -0.26565440991244516 -0.024587168093029903 0.056919995109970846 -0.25857592704538224 0.9572731621614563 0.03955795619438359 0.007802655143499107 -0.1384294563579722 -0.027685141612047492 0.052349499137845604 0.03486363023033812 2.438603914068386 0.7577217574637709 0.04923221055599652 0.006469586030086941 2.049424412022187 -0.33288049727266567 0.03394646624612346 -0.012988487159220494
0.16977900713039945 0.1162226029603036 0.9775021192819044 1 -4.331205413041571 0.7788920393982175 -0.04994634043994428 0.006483059014753363 -3.691885617831104 0.048136262807962016 0.0035174122052879925 0.05676581629076442 -0.10813268337862425 1.1339537642004558 -0.010227232663466276 0.025121711038564407 -0.19615149983466829 0.0403891939996468 -0.03060788629165501 0.04189023534321767 2.828562921670666 0.768665620513665 0.11272086940019632 -0.001734065095526519 2.4056485059525823 -0.18039914435475202 0.07517873274129516 0.03828377073936729
0.3078650679950831 0.10538095250981645 0.3608151434851248 1 -4.535406739668105 0.8379130774920363 -0.0398539890508366 0.035964313424317156 -3.8637320535748607 0.2711193083407446 -0.048714257946292215 0.018923450200927276 -0.08715274648475813 1.2159389330225059 0.01307073991921456 0.021272812326726162 -0.08030648907409788 0.26493736163818893 0.04390237785699736 0.03333458974372356 3.4143073640059196 0.6546513362395041 0.1135193508359735 -0.019470120805386765 2.8963922080459046 -0.04201402815645472 0.10589334535693123 -0.0021840470020970323
1.3953916 1.4645355 -0.57868004 2.0176349 0.86774135 14.704754 1.5591173 1.6985228 0.41150042 1.3392203 5.7726154 0.9123261 1.3513011 1.1858666 1.6421438 7.852046
1.3953913 1.4645107 -0.57865363 2.0175998 0.8677391 14.704552 1.559118 1.6984954 0.41149554 1.3392428 5.772747 0.912309 1.3512787 1.1858819 1.6421213 7.8523245
1.4050643 1.46396 -0.5803954 2.01652 0.86273557 14.703661 1.5630543 1.6998653 0.40923083 1.3377043 5.7761984 0.9082444 1.3512609 1.1857074 1.6437373 7.8658943
1.4138427 1.4631522 -0.5816895 2.0151024 0.85818017 14.699454 1.566567 1.7007393 0.4071535 1.3365452 5.780558 0.90439934 1.3509095 1.1857247 1.6448979 7.8804
1.4217389 1.4624761 -0.58290315 2.0138974 0.8540925 14.693913 1.5697186 1.7015777 0.4053021 1.3354555 5.784186 0.9009752 1.3506359 1.185709 1.6459883 7.8927956
1.4289517 1.4613329 -0.5834999 2.0120525 0.85033435 14.684169 1.5725296 1.7017238 0.4035533 1.3348811 5.7897954 0.8975623 1.3498287 1.1860031 1.6464671 7.9083796
1.4364686 1.4562473 -0.58037186 2.004667 0.8462938 14.656133 1.574913 1.6972401 0.40128446 1.3373216 5.812338 0.8920396 1.3447542 1.1886038 1.643064 7.9545183
1.4484301 1.4319358 -0.55903864 1.9705918 0.83995163 14.54273 1.5768912 1.6708419 0.39490104 1.3533844 5.920528 0.8754028 1.3184782 1.2024347 1.6209731 8.155852
1.5360047 1.1793934 -0.27567416 1.6326982 0.81576383 13.307032 1.5854381 1.3866098 0.30112717 1.4798777 7.1089993 0.73721385 1.0264485 1.343478 1.3717176 10.280441
1.6316216 1.0015028 0.04853589 1.3814406 0.8107774 12.092601 1.5695268 1.1615064 0.21990806 1.4794283 8.0097475 0.63226825 0.80434036 1.4216733 1.2146803 11.952833
1.7711806 0.8410869 0.7140658 1.1299546 0.8418547 9.820044 1.4163461 0.83895713 0.19753793 1.2755246 8.799976 0.46602964 0.5713844 1.385582 1.1947324 13.781838
1.6934696 0.667282 1.2281473 1.0365819 0.82313186 6.978857 1.3411098 0.63238764 0.084104426 1.206536 9.656537 0.35589397 0.4626326 1.1997925 1.196808 14.238767
1.3868868 0.63954973 1.4549646 0.6557192 1.2418411 3.6075633 1.3812715 0.60093164 -0.030984223 1.0920618 13.40374 0.06647958 0.3994476 1.319284 0.8817933 10.3531065
1.1302662 0.39603525 1.3497376 0.4822878 1.247506 1.9664857 1.2772381 0.41758978 -0.046671696 1.0316002 14.404765 0.022364423 0.28693596 1.3645877 0.5981499 7.430334
5
5
5
5
5
5
5
5
5
5
6
15
10
2
