5
1.5312670893864413 1.365808456302964 0.2418677324489564 1 -3.42 -0.08999999999999997 0.0 0.0 -3.5 -1.08 0.0 0.0 0.5700000000000003 -0.42000000000000004 0.0 0.0 0.4800000000000004 -1.42 0.0 0.0 3.5600000000000005 -0.6799999999999999 0.0 0.0 3.4699999999999998 -1.67 0.0 0.0
1.3834365743348014 0.9081623359767903 0.27927420929256563 1 -3.445901439599945 -0.06561925942179836 -0.0033790345242154024 0.014477818785133927 -3.4267575556189254 -1.089107906253928 0.03704540035753638 -0.0008182039960159745 0.5724141300707002 -0.4220811603189508 0.00013356147450717013 -0.005841939643134415 0.47817558802948845 -1.41958830639067 -4.7994264490581334e-06 0.005201201826563874 3.535499880245725 -0.6625030596802921 -0.012664686055848603 0.0016405492259694097 3.420962359167553 -1.6824932919288702 -0.02646845406914196 0.0030098086023310523
1.0780610686647498 0.44334152401472277 0.40369167136252204 1 -3.481288385609991 0.009242244814859024 -0.007598069975467019 0.0040027677802585565 -3.3008995824102856 -1.02220775170606 0.00744789094088865 0.029567458675305202 0.5601352813324665 -0.4087738586574585 -0.00592803270706996 0.001381650887063263 0.4570293862065178 -1.4319101214436811 -0.00768354355338171 0.00022126810609661082 3.440957930309586 -0.5973357370421102 -0.026859658295387792 0.013303352298809051 3.2392987328707603 -1.6664650236885161 -0.03811146392088886 0.016037557877722108
0.7703559818519589 0.08084779213521702 0.08706482761055495 1 -3.4817005954503433 0.06108859181324089 0.002035528945445862 -0.004624462152714106 -3.3239796797293977 -0.9270218154190362 -0.015280939749447659 0.01871067269200535 0.5049270902349194 -0.3698694342101644 -0.016552841503676724 0.007017180171837079 0.39152245261009533 -1.44483566963396 -0.017218569958255832 0.0021194248732906915 3.2815672467652686 -0.49018045421112844 -0.03548080832915997 0.018637091970865112 3.0759589167941215 -1.580662485391546 -0.029341165742546322 0.02207475758403376
0.583614032798539 0.12159007977893 0.18041173114549836 1 -3.465169543638848 0.08926070962138843 -0.004474916070456353 -0.004664520544734375 -3.4048596914082525 -0.9114749764889097 -0.020607120198813035 0.005682076541667896 0.3929794003625844 -0.32400922232212215 -0.027312323736312063 0.00810526368393863 0.2771171274516666 -1.4267237067521568 -0.028056319046308596 0.007322846307888745 3.1102964355193485 -0.39540262219919453 -0.031192723326086857 0.008991095104763798 2.9114371946565534 -1.5030342302634865 -0.03732133064396898 0.014278663350453406
2.3167334 -0.9461074 3.0634074 1.6584119 -0.32318306 13.38223 3.9563904 6.0721893 0.57048297 1.1514437 0.00880146 0.91386545 1.8139805 1.0394813 1.5179257 2.5547724
0.9383583 0.35640812 2.2318761 1.3148122 0.21196747 13.181246 3.1274042 0.39764833 1.6282942 0.9966941 3.4430869 1.654111 2.2808123 0.88002074 1.3725958 3.7217221
0.6146836 0.121703625 2.0907135 1.3118844 0.36872625 13.244397 3.4028563 0.22776937 1.7059164 0.97966814 4.447887 1.9103751 2.1261983 0.8738625 1.3567243 4.2520866
2.0370398 -2.6780043 0.5679854 0.80652964 2.6789584 12.569129 4.9033785 -2.9341187 3.879848 1.1461842 13.143832 2.2347794 1.5722885 1.2965521 0.69490016 10.473856
2.3507714 -2.161788 0.6359645 0.7071991 2.044341 10.90026 3.8332133 -2.3531375 2.8398652 1.0742934 13.47605 2.4123414 1.8694993 1.2042832 0.6148226 10.379921
5
5
5
5
10
