39
1.7010513500824396 1.7386005366623571 3.2000156249618534 1 -3.77 0.20999999999999996 0.0 0.0 -3.5300000000000002 -0.76 0.0 0.0 0.11000000000000032 1.19 0.0 0.0 0.34999999999999964 0.21999999999999997 0.0 0.0 3.0199999999999996 1.92 0.0 0.0 3.26 0.95 0.0 0.0
1.6029270347506739 1.8254733112366153 3.139671840207393 1 -3.7011258402565117 0.23082787853711717 0.03030821523710732 -0.0007039608685440639 -3.550850809100142 -0.7838973676220342 -0.010894730212127463 -0.005997769832849435 0.10946355698778643 1.1869721095190804 0.0008345123518227323 -0.005915211792033959 0.35245983418494564 0.21829921438657718 -0.0005227952429042414 0.004669838779973137 2.9677873920677875 1.9218110226129363 -0.026206994747110888 -0.007735570112969641 3.2404941831495213 0.9292721323857582 -0.011384119549971008 -0.003432834277079872
1.6977527387094686 2.0464969637331127 3.042016839687764 1 -3.5669937436185073 0.186651991862256 0.01856452945297965 -0.02042596414566924 -3.5728439358849733 -0.8619143979914525 0.004065870329602974 -0.017414610761839477 0.08593731274759886 1.194211085673392 -0.007926725562747868 -0.0012636871461833305 0.3445753818722661 0.19992028431576725 -0.00559423745487758 -0.002349836108490492 2.7882089545427116 1.8764177415250685 -0.03498549458131962 -0.021521097916213115 3.159812556066817 0.8513840924166132 -0.02426091727304769 -0.016817608105555625
1.8860070017114945 2.2103019440675973 3.0026399929219956 1 -3.5749682147506343 0.08465093649817712 -0.006030653002837499 -0.012696557800435694 -3.5644552420002036 -0.9170215002993594 0.010163939777626871 -0.00928505945870733 0.018888627483024223 1.1992626871109575 -0.016627799522905065 -0.004309038150330669 0.29483770989383284 0.15487482667701058 -0.016029796957623278 -0.008932006459871269 2.6426210702582624 1.7681572317644552 -0.02466425943969846 -0.026060120588113266 3.017492086573508 0.7222979214959009 -0.032574240762719954 -0.023812755898682276
1.8741379024280806 2.206339573699284 3.0618961115033354 1 -3.649431118388969 0.05417532585948881 -0.011286381396055723 -0.0014138124538352129 -3.5449847389594806 -0.9456636571217363 0.0030356448702677057 -0.004548309346978188 -0.08927601144578645 1.1645782546297285 -0.026343373922130972 -0.011980398898790153 0.18880841081373934 0.09372667004874069 -0.026251466723970614 -0.012309893865417304 2.494707219716359 1.6654732234912584 -0.03435950846761267 -0.02039386959575186 2.8617843300441246 0.6003929173064964 -0.0292387849286438 -0.014261222595175201
1.8344162153541745 2.1847228905115923 3.102766420555015 1 -3.695643753375144 0.05511830337516832 0.0012638173239365503 -0.0003626038757213769 -3.5701114694526006 -0.9964232423761882 -0.0068845274281683876 -0.014636760580169687 -0.2462244387308914 1.0983449087596449 -0.025166459240823134 -0.01779453598922985 0.042857744473315584 0.020078649185349073 -0.02391593486302753 -0.00923081624757444 2.2916370400167345 1.5902514471565454 -0.06502234867846199 -0.023461007395017965 2.73404645309825 0.5511894345008779 -0.04249979990558094 -0.010659369794553336
1.8717998209324083 2.2101491121774335 3.170606789892296 1 -3.695794171977094 0.03720473422885329 0.0016202629152007172 -0.015155570766913477 -3.644460513687742 -1.094146445367585 -0.01781601622610433 -0.012252980795189251 -0.40729749392527204 1.0110313178383645 -0.003405208233965725 -0.01476270657681346 -0.11814147159570965 -0.07736436961761184 -0.005703700901328407 -0.015471896468885528 2.1019495479526045 1.5338512473619863 -0.031075915572345736 0.00603441895293531 2.613126246236832 0.5480296021574826 -0.012567786563371663 -0.012946926109742681
1.8898774566048602 2.2234204257713888 3.234220577227905 1 -3.702726293356099 -0.009779134759825503 0.005054891212589254 -0.014831729528207096 -3.7121436699633734 -1.212745524936683 -0.0026373840053524056 -0.019273105067887715 -0.5044380149393599 0.8920998551933295 -0.03305715960194678 -0.0317958370734411 -0.24645926688354436 -0.20862259844725484 -0.040174820422500174 -0.03375387520825167 1.9617798024445312 1.4967566025161387 0.0033078534269595367 0.00775012646749914 2.4910010338422497 0.5345819963342064 -0.0005822365164642046 0.011953416768540465
1.8926777824881014 2.219293670599149 3.276415446556868 1 -3.7224652062244448 -0.07569418256499849 0.009405766130078388 -0.017029640124892283 -3.7399244806730403 -1.3064947667620372 0.004897396833122495 -0.010957673363968686 -0.5598109281673755 0.7566433781153541 -0.024972468794836694 -0.02941971460482441 -0.3012802791704816 -0.35505249316276766 -0.018029105904554473 -0.03182685886787193 1.8458683262229005 1.4686440999714212 -0.0004054869160489208 0.003412888028690598 2.391023630965398 0.5074123819766996 -0.0008532570531313774 0.008733878040536951
1.896043826225879 2.229116936685589 3.3037157280021763 1 -3.7160584962623546 -0.14215246957231797 -0.0008721191736476945 -0.014769644653069819 -3.764953352983597 -1.364571863820831 -0.010840756719937068 -0.006770419999234993 -0.6043894855001497 0.6409131737505249 -0.014293459561329552 -0.026557999024591675 -0.28923892680372454 -0.47644389831230893 -0.003118587866349703 -0.019216064078184387 1.7367268280810588 1.434306688833955 -0.03484954768055832 -0.010712075638267914 2.3313310808678533 0.4922705973949051 -0.014747446009084507 -0.011811694519064199
1.921719418087942 2.268606896801043 3.3162033738011822 1 -3.673322561934609 -0.20828767819744431 -0.0071843466592953365 -0.009187065370544006 -3.8187819694283567 -1.4011987859499306 -0.025739038379647056 -0.006819492271147068 -0.6096677169711775 0.545172529952644 -0.012651738930244051 -0.023666677393013702 -0.2511240340434657 -0.5638546277744245 -0.008511011354529426 -0.021785044682343067 1.6614814922800631 1.4141860738282093 0.002074273284518806 0.0009371963448155073 2.323611049242018 0.502106302983331 0.008323302765992625 0.01341337607872459
1.9829692784163613 2.3452583509816116 3.3158742288963388 1 -3.628906947063487 -0.27117527741462677 -0.00045616995668323543 -0.008395499289494386 -3.88455455423513 -1.4294550029872908 -0.017348918036029965 -0.007623688992613767 -0.5774367836457595 0.4437073772912321 0.03132901252601847 -0.017442829176402264 -0.21431865014593754 -0.6521081060800085 0.030383579590287393 -0.00941722018197671 1.6435347097934399 1.3935505536280783 -0.015272783999897621 -0.01849221593062369 2.3496092421111143 0.5240525926067692 -0.006474594920496784 -0.005289861053050116
2.0698940024269765 2.4402208691994445 3.3070546638292835 1 -3.607885684753698 -0.3355663037894667 0.009911625692471573 -0.014807001038132907 -3.922256253093394 -1.4563033620417278 0.001003887303518627 -0.007353152281815184 -0.5385240953964727 0.3114030136568995 0.0017589524227995014 -0.030755715686719302 -0.1597787256712353 -0.7565217427143223 0.008535374888988553 -0.02366836865880545 1.6608435630331337 1.378546571922401 -0.018678208768384483 -0.02412090471043578 2.4073449845529735 0.5607431608576876 -0.005290616477130592 -0.01004494505328586
2.3070714807555883 2.6173550932788134 3.2315828103471924 1 -3.663685651506368 -0.5352520028054781 -0.0292938491745122 -0.05930141278261131 -3.951459749626557 -1.6103165301160849 -0.021459136533152366 -0.03349492212984086 -0.48073702269657304 0.12606404332044652 0.031236559329395765 -0.03607480652618367 -0.05688565090988362 -0.8695892712674788 0.0358101990101643 -0.016921508141566784 1.9096450487339576 1.3224091156272593 0.09572217661591802 -0.017976429631955018 2.5851212666485166 0.6031455773140457 0.04664355335978826 0.039353865191310705
2.4596679389179052 2.727483059742996 3.128236723051766 1 -3.7016006640036014 -0.8902477656820093 0.0017499115702452675 -0.08498890887821237 -4.146998613830336 -1.7362144548035072 -0.0492496947172439 -0.012307226756918482 -0.3029131890136263 -0.05757874900322457 0.04603676431939313 -0.04191128098901338 0.09178466102321536 -0.9438937634748273 0.027646276208107074 -0.0028010786975236554 2.353295953856981 1.391404339330828 0.10672495686128249 0.016552730316221006 3.0195954323526797 0.8549330198181819 0.06796146379452656 0.09382596938900412
2.543874325000484 2.8240153505907797 2.8990151331948684 1 -3.8195363192983125 -1.198305095614514 -0.022612979270723428 -0.05295039831056144 -4.402954440063916 -1.8076834103030794 -0.02811754821264497 -0.021712561651665525 -0.025387445596709135 -0.18409440022960133 0.04397937947474047 -0.0054341592353802926 0.34602366636620285 -0.9569999418846467 0.06313893942149608 -0.02057458918522613 2.715435593358653 1.6088524544865606 0.07178898764543351 0.07192563030400671 3.4443345386083886 1.2362512337509508 0.07283952018401252 0.08167491431783602
2.6497581278534614 2.9242622530892945 2.8465605717157665 1 -3.9495087260381805 -1.3220731816318005 -0.02250458334172414 -0.028253246353051695 -4.470352431909524 -1.9214540584951896 0.02377588492380176 0.000288569109213108 0.24975329993539397 -0.27878018010120875 0.06772827866274046 -0.0455810023300003 0.6308680564492795 -0.9500826653675604 0.0346461705026293 0.032486342384666266 2.9521668147919664 1.8768839332554026 0.06635789170480548 0.037419161434216065 3.6927825651923083 1.5401570757771688 -0.0032903678060044895 0.06981466310657473
2.651252156739433 2.997129079460598 3.0128656770887403 -1 -3.7433515691257297 -1.1446497363586339 0.0686711562966907 0.06262812653080496 -4.192772256409988 -1.9597406249444607 0.1057773824799483 0.02273799351312917 0.7204619957655192 -0.20671162993704428 0.08719958582848657 0.0197314045211841 0.587049769682003 -1.0871812601891009 -0.029597551533144972 -0.02911604182858178 2.92372926813115 2.081377042383935 -0.04249562157683922 0.03178228169157666 3.7331701052949935 1.7648441018222076 0.005932800951177923 0.02920310728100125
2.703418187368393 3.1098532720479684 3.0385037508074806 -1 -3.4879482841052054 -0.7173476112274119 0.03251254318559948 0.10025679316459378 -3.718829563892736 -1.6914832811141047 0.07156195971799963 0.0708719451881936 0.9211425378069915 -0.1272236066353638 0.013183199212651653 -0.0038295223974786075 0.57164047761907 -1.157681548616916 0.004710177215311896 0.02265563646615234 2.7047300568982235 2.0439152333075716 -0.04516407334408902 -0.017110550764912566 3.6527325524683523 1.6797466027501797 -0.013444875634433622 -0.06583166378730919
2.6665241018065404 3.1020215866393466 3.0831785412757333 1 -3.4534327998420533 -0.3461335589922011 -0.0007712557176377333 0.07021442195319583 -3.44767065090703 -1.2857292997134628 0.03202326192318493 0.06326102203249542 0.7741219739214813 -0.04713517068289719 -0.04071962204862236 0.017085659781321684 0.6973911959727914 -1.12556806018755 0.03230533573504077 0.010979106730167186 2.5698391185231024 1.8667077630937872 -0.044107909671460305 -0.03895608480876963 3.4759345924150677 1.3368543981534482 -0.02328714160960229 -0.0905075374060243
2.4010354774491907 2.8554137152895804 2.9313126271894214 1 -3.5049257866650274 -0.11895996500061845 -0.01476286237997725 0.019005147766768746 -3.3436532490931077 -1.0048267207883763 0.011605261865823084 0.053786648418858427 0.5526268833904329 0.03237303003174752 -0.03032916035602322 0.02264147552897798 0.758774280008292 -1.0601137063899337 -0.006212116330173616 0.010022311007091427 2.371769530893829 1.5883389180168153 -0.05767031806847418 -0.04712031358504504 3.2693239664811236 0.9705624597644977 -0.025078521960737593 -0.07620314853448937
2.267804001144946 2.718801810112332 2.7911844850836096 1 -3.582415149013493 0.032414883725343735 -0.015672969083640548 0.010933389479011145 -3.3660232111820214 -0.8562900305810495 -0.01664798595131784 0.033842858091499464 0.43661354297824406 0.10793597627509333 0.0017331911451777954 0.016082700862483645 0.5121643500041237 -0.9946909677103323 -0.06721557157448965 0.015356143461612065 2.1650976928724424 1.3466144531856252 -0.01969695639589929 -0.027815641740802543 3.092666927001015 0.6901835305584176 -0.021787884915834888 -0.03549598250363861
2.306767834601098 2.728480702894623 2.7516929921002347 1 -3.6878505584304677 0.185344333257909 -0.018575586123431017 0.021184431616268828 -3.5094904086194694 -0.7823000169753809 -0.030844017205577726 0.02371494801614955 0.3434004584212662 0.1321697108549258 -0.04509475231724398 -0.0024084595612455044 0.041399030080684796 -0.9145226232255567 -0.11543665139314352 0.023784673820161237 2.0785458200720432 1.141348185207781 -0.008513527956679524 -0.06427107290925806 2.974212424363813 0.4535986663339553 -0.039614111575945465 -0.05188503242201517
2.3217980551977684 2.7421657535661015 2.7346360401350687 1 -3.827048694894688 0.38063212067409236 -0.03375178401921592 0.0349840776067804 -3.631348027436793 -0.7143478822002014 -0.012818090003412544 0.01925844408038247 0.16435134297421516 0.10148758451990192 -0.05787765883956866 -0.016271749972220237 -0.37206997120222596 -0.8318989526266563 -0.06967302801669252 0.03414415294270423 2.0400295180127603 0.8691790500536496 -0.020064351640806 -0.07049798462313571 2.8860215556157875 0.2075569875019596 -0.026787301639355027 -0.05550945619456765
2.302832948825244 2.7439262193510436 2.6193773946062997 1 -4.031445177708582 0.5179225086925034 -0.032085779880565345 0.009296966898444545 -3.6232505630492278 -0.5982719879825974 0.01911682933111203 0.04099255323110563 -0.07991697069113002 0.13208107764729515 -0.031609795156212636 0.00603474551595291 -0.6277174366058884 -0.7911044168345612 -0.024973100983183782 0.005915211587368696 1.9389879080245072 0.6090365011252103 -0.03682850367464688 -0.061506551225055967 2.774619398679354 -0.029162686581945763 -0.04243692792479853 -0.052986312816715515
2.2947262220351483 2.704563149691076 2.582983275652867 1 -4.229570112308889 0.5815439863986478 -0.013386842029816283 0.008643892774350992 -3.5928106111846896 -0.4444969664401365 -0.0017896267982587402 0.044862691011548494 -0.2501373172486012 0.21413570015634864 -0.006610826167077727 0.00955948434059699 -0.7700586708359398 -0.740050969187952 -0.011140534673626655 0.013197517679816596 1.785331449790439 0.4398042365209305 -0.04022897576066285 -0.042474695797528064 2.5821321029185187 -0.26980193860741175 -0.055948976491190176 -0.0522693339074154
2.2257717516732933 2.5282137313949793 2.6156613731522786 1 -4.3172759760457025 0.6623961102667819 -0.0025896045854325554 0.017264606328619224 -3.659396549930363 -0.3107891552093204 -0.00972779007076216 0.02692847511696969 -0.31924305206721915 0.2900560963939025 -0.01905968389948022 -0.0021050943687929077 -0.9152802378421225 -0.6389837658840607 -0.02168427038798793 0.0394837513212645 1.6617715534932929 0.3149163295219364 -0.027422325295719446 -0.037842289870298675 2.3579547103531526 -0.4988916108079947 -0.05487051455174449 -0.04347170453431395
1.9978111600379196 2.279606669848219 2.67344866918667 1 -4.344860695565292 0.7415170085440828 -0.003038072560941566 0.011410824785328242 -3.7352959272664594 -0.23623059880634856 -0.004485133404925969 0.01606311730349349 -0.3675820377849597 0.32998393556397376 -0.001300841669818087 -0.013285991953515593 -1.08018970409874 -0.5283173868032776 -0.013972223585839466 0.02131183309003753 1.5759132009239893 0.20392730417138716 -0.04239998254077048 -0.0387204236682504 2.16288023991803 -0.7018478464331039 -0.048772245032417325 -0.04385887365882371
1.8073858167309558 2.091585582174211 2.607998030299705 1 -4.405834296550214 0.7457762138407744 -0.0017099938999029472 -0.016011248710342464 -3.7457372039094308 -0.16606339868038789 0.005264849695285273 0.028962982818335495 -0.43381150145918035 0.34297072002268014 -0.0007076246444503104 0.0010571562050413139 -1.2251681788751143 -0.4464883512245754 -0.019099773013421292 0.002084810552922452 1.4690385419202547 0.10041326919104532 -0.03145369567266333 -0.016317728542441925 2.0209125151697434 -0.8305170656107383 -0.023213392647712446 -0.029473611705518946
1.6583662237032435 1.8333353945333966 2.54533218598961 1 -4.500997582245787 0.7024132713948625 -0.020618947864976242 -0.016166704499024055 -3.7204773671289453 -0.0842156957069663 -0.0006385015930726202 0.014214691671857266 -0.6001945334829797 0.48033004710998206 -0.04886444945544369 0.04132968239803703 -1.1785557759816698 -0.5086376555738045 0.0037933237853545773 -0.010105268977712455 1.3567588614909107 0.0465837028858227 -0.02274165032772687 0.006253564974947064 1.8783045397192177 -0.9364312183051062 -0.029103332393368455 -0.0359054342420546
1.2419038940159595 1.372954616776611 2.5955482414312683 1 -4.585381850893436 0.6820963033055061 -0.02083076757172539 -0.007198381428132723 -3.7217237883455736 -0.0298187330942703 -0.023293486064526504 -0.012437316032884352 -0.7276315080185505 0.592991046750188 -0.022630182219804888 0.007813665499126335 -1.1602385228165937 -0.49971547030170393 -0.011248844343390779 0.024486744594850493 1.287872584333999 0.08889764221685015 0.019212959925506215 0.007618343692419826 1.6599181832159573 -1.0242629962695804 -0.04629849850491842 0.025511278245387972
0.8895485377336869 0.9400074172346765 2.3048991321033476 1 -4.640919483024695 0.7551308245289055 -0.01606029934183506 0.011011921156997173 -3.8052849726537423 -0.05223451403398627 -0.035180494817976596 -0.02003054529272245 -0.7725419183445998 0.65372345159374 -0.01939798531301054 0.015073562532464557 -1.2993160831747534 -0.39248398464616996 -0.04099840756606239 0.030541719309054735 1.2781554936468131 0.23092581507866283 0.020696786729450953 0.03286995810665495 1.5060051165233554 -0.9135135564558542 -0.009221987289556408 0.03814518553209982
0.7025085023283393 0.6779271451243648 2.077662544829917 1 -4.687777775073736 0.8495768060457523 -0.0029268691640992233 0.006666097428859348 -3.886570744245603 -0.06098722475146301 -0.00416132080341145 0.016809208658779867 -0.8295662608117897 0.7459956739446525 -0.019207039033681678 0.007377259987294054 -1.3955909575028929 -0.29218986971516225 0.009552444334414226 0.0268455021076459 1.3418321307178172 0.3798556517447762 0.0017057075934096486 0.02475444473669287 1.4231150431281065 -0.7558564331557538 -0.028739211144671505 0.024931408829812096
0.5514709960554246 0.4703144685045843 1.9213808366455407 1 -4.901841987331871 0.7774397670118116 -0.04921419499602527 -0.018720828149418493 -4.0406711911153375 0.25004482713316944 -0.04788299722468031 0.09169022175818631 -0.8485960138921622 0.6913836176180332 0.01982196203870076 -0.012465811435355478 -1.1352355117825637 -0.24924793973512038 0.051613315007386903 -0.016975177433821306 1.511293940827935 0.48254817942099604 0.032936495081685904 0.006324918824142555 1.4482582542368556 -0.67331689425254 0.008051491215946612 0.021402426090868107
0.3674150527436894 0.22506036429007711 1.710497553591505 1 -5.145237506462908 0.7338691671879962 -0.05817560379780424 0.015965971264430313 -4.352367303372115 0.4936287817240135 -0.04356727056262279 0.014616073380457882 -0.732033380274105 0.5674903919239249 0.017498320700506727 -0.03683916338870671 -0.9421249797282218 -0.26625777025340713 0.03836838970057293 0.026797458964855643 1.7897723617717753 0.5438680469412653 0.03817863433510488 0.008237458114293075 1.647362785562053 -0.6312379550654903 0.02394088846828602 0.018126325666782694
0.25965246560006267 0.03614980761145755 1.4807235755867545 1 -5.261247672142655 0.8185511731890684 -0.03102360771550226 0.02204078336050876 -4.53487052830176 0.5317412830693271 -0.002562594530238488 -0.003314352238953542 -0.668345988174412 0.6021423694747181 0.013615010599022835 0.007003743287202317 -0.8130867128046622 -0.1830499266583998 0.04650570660280018 0.052387716393765424 2.1189457061498826 0.5499424498723819 0.04099559697017593 -0.0004882002319990112 1.8654542210428726 -0.5490836631333329 0.0047803504861533876 0.028247236244582943
0.21739528831876764 0.04394792867182561 1.2260055965285368 -1 -5.256192503668952 0.8383682070507164 -0.010858091081441066 -0.00357803114755173 -4.531125830264202 0.53425025174541 0.025672311007276807 -0.009160039150474029 -0.6153327005148497 0.8073952063744605 0.024012320183378517 0.05719133020867624 -0.6692027403908489 0.01730226809408908 0.021839046564130167 0.03172281563385075 2.4354962998126464 0.5062548009103767 0.0651772648737593 -0.005884303514709283 2.0003422076283437 -0.48001327231024027 0.028783818498508022 -0.002640727748724702
0.14028282826069502 0.18437712779409335 0.7180419049482554 1 -5.209038495661259 0.7680419911767324 0.012585836914876644 -0.01871799702248612 -4.430842294679958 0.5000453868214827 0.01372896712899279 -0.02025518651219028 -0.6123608879861813 1.0918604481237821 -0.012139025184100882 0.02050493429501307 -0.8608383681458935 0.2392076020990903 -0.036679167323506706 0.0773278826281724 2.6382391017506404 0.5098862043274803 0.02683560882863508 0.004366849219419355 2.2890183303265283 -0.3539230528896081 0.05787892427336093 0.04006532687893516
0.28394218729131593 0.16268220116985685 0.2757679766576031 1 -5.185516802049963 0.7341456620327966 -0.0012268507420021713 -0.0020063054263519146 -4.3584396747260525 0.4591787710633033 0.0022450091569406663 -0.013903628997596857 -0.6786221138251638 1.2799200631975767 -0.006749569827111914 0.0482756202750958 -0.9610644682161267 0.4563295337943025 -0.0021131218139402866 0.014768398257964051 2.9186976533886044 0.4413475553268782 0.08768889929568896 0.011296270148451616 2.5787594137949528 -0.27620045019947415 0.018622694076623557 -0.037736952109681074
10.635794 6.111019 2.2567205 3.3089228 3.398853 6.5021796 5.653153 0.6477963 2.7696092 1.9454695 9.390855 2.7401874 3.2699673 1.6195712 1.8718423 5.2884903
10.652163 6.238784 2.2440782 3.3223176 3.442064 6.857043 5.5047603 0.9591738 2.7131445 1.9617711 8.018219 2.6393714 3.2907307 1.6461393 1.8415017 5.1502113
10.614159 6.123749 2.5946934 3.2717729 3.2438328 6.6000867 5.448447 0.90310836 2.7796214 1.9395518 7.8439407 2.5054681 3.4391248 1.6221688 1.7844949 4.7764754
10.498638 6.8742113 3.376112 3.2715144 2.8757434 6.86756 4.902564 2.0837321 2.2752366 1.9387535 6.542719 1.5676116 3.5515594 1.5634769 1.6939719 3.8303938
10.386643 7.6808476 3.8189013 3.2854881 2.7313528 7.2685027 4.498745 3.0637064 1.8000998 1.9358754 5.2259207 0.94741106 3.5516214 1.5215878 1.6412311 3.181322
10.375664 8.148164 4.044039 3.3057256 2.7382774 7.4425325 4.492296 3.5289211 1.5416846 1.939234 4.3453536 0.8084061 3.4983006 1.5170265 1.6390193 2.8883166
10.922308 7.3260226 3.9042778 3.3412757 2.3484511 6.85118 3.9709337 3.2180614 1.4311035 1.9395428 5.7708993 0.6526983 3.533127 1.4734504 1.5751827 2.9974465
10.891766 7.164306 3.8828545 3.3397856 2.3629339 6.893737 4.0652966 3.1446574 1.5685694 1.9272723 6.3655605 0.6613308 3.5198746 1.4628317 1.5832725 3.0139618
11.077089 7.168438 4.3146925 3.3336306 2.6801257 6.623858 4.242934 2.997508 1.716418 1.8574796 8.737036 0.8544321 3.3727598 1.3838415 1.641337 2.8183846
11.541008 7.1244254 5.081742 3.324882 2.9434214 6.1277466 4.2687044 2.8275807 1.7669613 1.8231318 10.081246 1.0930686 3.2768183 1.350572 1.6897763 2.656341
12.176175 6.119812 5.0837708 3.3498082 2.79912 5.6263504 4.0107884 2.2210348 1.9516845 1.8244753 11.538795 1.1929016 3.2763405 1.3419539 1.671735 2.8906212
12.460348 6.0180855 5.5857973 3.3630874 2.872077 5.1465225 3.642795 2.0773852 1.848604 1.8248627 12.122112 1.28391 3.2465239 1.3257818 1.677072 2.932928
11.963266 6.1764445 4.944579 3.2767553 2.6976082 5.183958 3.9678288 1.7370578 1.9977154 1.8075173 12.160685 1.3390095 3.4165983 1.3250481 1.6591194 2.797739
8.3021965 6.3176284 6.301528 3.4634786 1.9533305 4.8307753 3.7925854 2.6049225 1.8066343 1.905669 12.702025 1.5381615 3.28087 1.300928 1.7670138 3.1992655
4.6158237 6.8548822 5.849077 3.4564967 1.0282564 5.2635393 4.8223925 2.5606706 2.2888057 1.9529617 12.772211 1.7358567 3.477874 1.3078507 1.8516521 3.255959
0.8660221 11.368733 6.0611563 3.1723416 1.2964635 5.1945553 2.5903485 2.4853563 1.555155 1.8800472 11.885622 1.0059106 4.060277 1.1001925 1.7933463 2.6022768
0.24275494 12.164487 5.8788176 3.1391058 1.8107271 5.9779916 2.4440658 2.2931 1.725791 1.845028 11.36819 1.0356077 3.9414368 1.0876143 1.8331187 2.6419048
1.5007696 11.914803 8.870764 3.1283212 2.0106003 5.388223 1.0687007 3.474562 0.55556 1.7284222 11.462373 1.3027515 2.6813717 1.0194901 1.8077784 3.719667
2.8832784 11.127574 10.102189 3.5161662 3.6142862 6.837274 -0.27671885 4.493079 0.7264573 1.7959268 10.745117 1.2964466 2.0265057 1.0690584 1.9044147 4.60982
2.9981809 10.614456 9.448871 3.7304883 4.5637555 8.663307 -0.23421639 4.9417768 1.2793816 1.8235254 9.846932 1.4594204 1.721822 1.1230028 1.9723159 5.0756865
0.8943558 12.256025 6.521676 3.751331 5.507279 10.8991785 0.692785 4.907544 2.1203482 1.8621701 7.90539 1.4061549 2.3187513 1.180619 2.0360832 4.4402437
1.9345334 12.43113 8.384928 3.7605205 5.567571 10.462965 -0.28093255 5.931899 1.3198843 1.8143915 7.304786 1.3556061 1.8722274 1.1171495 1.9928986 4.65023
1.8461246 12.4426 7.2893553 3.3876653 2.7301483 6.6410785 3.262384 4.401893 1.0539646 2.032448 3.324533 2.0971022 3.452096 1.4319601 1.9274099 2.810957
1.2596269 12.462963 6.9585147 3.3394902 2.3942492 6.5871005 3.7577562 4.624918 1.0224711 2.008802 3.71108 2.144866 3.4943197 1.4113463 1.9132683 2.685051
0.24810219 12.664242 5.7840395 3.3345041 2.723133 8.04871 4.0971227 5.101685 1.1513472 1.9457034 3.062831 2.2798188 3.1843562 1.3980906 1.9050329 2.9965315
1.919292 11.053968 6.638035 3.1868153 -0.0054507256 6.8706775 5.065525 7.489608 -0.26359934 1.8414147 2.4499726 2.0132039 3.0560575 1.2472252 1.622964 2.7253718
1.4298882 11.786032 6.3856916 3.061655 0.399096 7.684059 4.506713 6.5441895 0.14522374 1.72357 3.650889 1.8154525 3.01662 1.1153823 1.6317755 2.642743
-0.069402695 11.09005 3.7001386 2.778207 -0.9455986 11.398838 6.5920696 8.2456 -0.28717995 1.4308659 0.7071419 1.6077003 2.1777625 0.8898256 1.493691 3.1694937
-1.181418 8.729871 3.8772855 2.5999212 -1.4739633 11.95661 8.600109 7.3571453 -0.006986916 1.4979196 -0.8764591 1.1073868 1.9143894 1.0084748 1.7361124 4.0355496
-1.9599109 3.3335466 3.387982 2.1634274 -0.66989946 13.45038 7.2889996 6.1500416 1.1306951 1.4113055 -1.3562279 -0.005093336 2.270645 1.1168369 1.4665585 4.145892
-2.097252 -4.768292 4.166634 1.8179001 -0.24840546 11.596239 12.028996 2.0940216 0.835752 1.4550726 2.414782 2.284033 0.6313105 1.4176878 2.0179188 8.214618
-3.1281977 -3.6629906 4.3506765 1.8414657 0.20862865 12.307546 12.107563 3.0885751 0.6160554 1.4448159 2.3071485 1.7031363 0.47842914 1.3664486 2.1033525 8.314623
-0.6810508 -5.068215 4.3338356 1.430026 1.0018396 11.411883 14.14762 3.1373348 0.9221209 1.448756 5.4174843 2.7464204 -0.024388492 1.6025562 2.134288 10.419639
0.2165904 1.3139639 5.7690735 1.6113517 0.14790964 3.1234055 14.181788 1.372311 -2.3003519 1.4431075 9.963954 3.127443 -0.094585836 1.2478472 2.5692115 9.103597
0.5946069 -3.3019586 6.5408974 1.3581035 -0.5389166 8.299538 15.848363 4.6047897 1.0230733 1.5984831 10.238178 2.1080673 0.71428293 1.6268837 2.2304401 10.377555
0.8575301 -1.267859 6.874069 1.3626089 -2.104147 9.238988 16.76072 5.278695 2.3051937 1.6246475 11.813632 1.8768662 1.0818139 1.5816164 2.2363079 10.870363
1.3754058 5.3246593 8.347057 1.8373454 3.3765957 10.337502 11.77114 2.5749032 1.8145583 1.5019703 13.393333 3.492497 -0.7085606 1.4312723 2.6335833 12.174374
0.0678215 4.9573035 7.5838437 1.4210607 -0.18125725 6.769829 10.102352 -1.7426031 0.16501617 1.1719891 16.725342 2.3540666 -1.7354245 0.9317535 2.6049008 13.722399
0.70693064 5.0967393 7.15654 1.5801566 -1.5389562 0.7531022 4.6229486 -0.86562586 0.32816365 1.0553051 18.068254 0.8943584 -2.86789 0.74440575 2.6136847 11.976148
0
0
0
0
0
0
0
0
0
0
0
0
10
10
10
10
1
1
1
1
1
1
1
1
1
1
1
1
5
5
5
5
6
6
6
6
10
10
10
