3
1.7938272951664538 1.5774136657079156 0.040000000000000036 -1 -3.3 -0.25 0.0 0.0 -3.5300000000000002 -1.22 0.0 0.0 0.5999999999999996 -1.1400000000000001 0.0 0.0 0.3700000000000001 -2.12 0.0 0.0 3.5199999999999996 -1.8199999999999998 0.0 0.0 3.3 -2.79 0.0 0.0
0.140009763765359 1.4226221026511825 0.1263272038749927 -1 -3.22865139509316 -0.26618483440335905 0.03495051946512759 -0.011371952427813976 -3.562295572050273 -1.23645953062985 -0.00786393883549652 -0.01291388690409995 0.5984976851063539 -1.142869829574903 -0.0015299106875319426 -0.005653796325860456 0.3717454580083217 -2.120073504305005 0.0016153910315712533 0.004979915391070174 3.475736125607221 -1.792053559979172 -0.02643722647538775 0.00566469121516616 3.274274765178805 -2.7969727877512556 -0.011796957773132827 0.0030745459434067656
0.07316588932432648 1.1059581811954546 0.3861955224031209 -1 -3.13114606544894 -0.37042345385835085 0.005014594451579634 -0.027829137017446322 -3.6203088727735615 -1.2998383971439962 -0.005412087782004011 -0.013631335732826082 0.5817741791767199 -1.1264950894147026 -0.007558227155701439 0.0020268388561992413 0.3551103314355135 -2.13124736598075 -0.006072014005983426 0.00030868950598618265 3.2976609822496057 -1.7483144905898818 -0.040965063066806945 -0.003117417988294069 3.166282761985614 -2.8266827061339264 -0.029605440644380907 -0.00369921020849954
5.390215 3.5885844 3.759522 1.7727203 2.3564172 12.536678 6.1496987 8.565994 -1.4373529 1.1387688 -1.930821 2.1560926 1.4294717 1.1982585 1.41962 4.146716
2.873356 1.5871496 1.7585926 0.9016528 1.9098539 12.1673 6.477381 3.7073445 2.499868 0.8834169 8.669059 1.3570406 1.4753692 1.2261579 1.1495467 7.771624
5.2749205 0.6145401 2.4391778 1.206209 1.9579072 12.168226 7.2208996 5.912743 2.0096397 1.17066 3.6621284 1.6735789 2.433447 1.4311566 1.2751142 6.324929
5
5
5
