44
1.6694153906698679 1.6907963094717011 2.6747897113605026 1 -3.7 0.16999999999999993 0.0 0.0 -3.52 -0.81 0.0 0.0 0.23000000000000043 0.9099999999999999 0.0 0.0 0.41000000000000014 -0.06999999999999995 0.0 0.0 3.1799999999999997 1.46 0.0 0.0 3.3600000000000003 0.48 0.0 0.0
1.573680582453822 1.7832490738407025 2.6075404236310398 1 -3.728941927624226 0.18424017907246837 -0.006886182613551244 0.012451883417726461 -3.4474686025532355 -0.8013850596350703 0.03561486772059569 0.008114460586184879 0.4288563137379162 0.9306665491465285 0.048622713678200674 -0.004487795018801656 0.21427922250848308 -0.09688043355741782 -0.04817240579839466 0.0027316783907229917 3.1336518670326177 1.4706803164292772 -0.02274258390058149 -0.0034677834747428166 3.3374427022847284 0.46386939548172146 -0.01242841537017473 -0.002776523774048382
1.673906918140779 2.008434455754109 2.5018641727879225 1 -3.7831480743249704 0.25057524486505 -0.010801466899638667 -5.499622025543355e-05 -3.356907293501205 -0.7094805485493352 -0.010134627559300337 0.030385390440777482 0.5400215239782522 0.9234405351342589 -0.0031541571438281836 -0.005768372160772587 0.07353823348998567 -0.09418258231006915 -0.008972525051561979 0.00508572764510277 2.9945672464866577 1.442121331645927 -0.02612796763475678 -0.02206454397061606 3.2530298898443206 0.38084995896993523 -0.022805545670996494 -0.019765655751774625
1.8716319034834987 2.1740571879961186 2.45862423251699 1 -3.805699730338033 0.31942785416470665 -0.0021367378225861725 0.0009868903178028082 -3.432611137628414 -0.6152458881700311 -0.024995662593159666 0.017208753215282147 0.42708357020743026 0.9308462045901544 -0.03344420985114056 -0.0023612331866198107 0.07144474196337924 -0.11095918386025971 0.0006701553670941316 -0.0014925237917508046 2.861875566002836 1.291375879160105 -0.030028308581494224 -0.0412507533139794 3.1432569095677874 0.23067649261909828 -0.02133597661464521 -0.02859576139330027
1.8403140490411791 2.1900345198566336 2.516422822030914 1 -3.827068876889992 0.3686563667421263 -0.010603649367391494 -0.004621835747144141 -3.4894412298041813 -0.580087758506278 -0.00943835626267594 0.010967699293938066 0.2710948688312147 0.9227845068485405 -0.023173435183586433 -0.009291302481588944 0.011713959225775561 -0.13524797846216352 -0.027547689624945276 0.00026500315122600024 2.676949796973635 1.1162249935425463 -0.03994202503377885 -0.033363461286539775 3.0523156709843597 0.08028495407317027 -0.019342472932204192 -0.01905134083283037
1.8337301001371413 2.2099255620368727 2.5304267366641082 1 -3.9091846145491114 0.4037799458982312 -0.021828313447233037 0.0015670537618816364 -3.472585660991364 -0.5444342303018437 -0.0014495334733112559 0.012367976389042551 0.19360104777912124 0.8751775619662621 -0.010902188427894607 -0.014893561694388859 -0.19732032372557295 -0.1429698988773701 -0.04863981827472267 0.001800072549628556 2.4796847238069226 0.999588759210722 -0.03422552052613867 -0.021081633673375365 2.9377052573971802 -0.009448667614884831 -0.03129004017614897 -0.009771997178287696
1.9317806038407062 2.2561642664379478 2.5466369051214253 1 -4.017210530696584 0.4719583265564957 -0.005837472750698652 0.008396496410663533 -3.4934567946198363 -0.4861095388754493 -0.007873146536943246 0.02881640655392355 0.11479360519493742 0.8159499331741611 -0.02069161438846944 -0.01310626725386292 -0.426366770575882 -0.1545853465856709 -0.0359849569165891 -0.003289297454094925 2.3261896442476644 0.9207110288288014 -0.027465124279122524 -0.019614372302911534 2.7691393133858826 -0.08598806745379273 -0.03813400964150637 -0.012019069001261984
1.9163701413751006 2.2269946798371736 2.5550905681468814 1 -4.112003493791076 0.5691382643790979 -0.023636729884025022 0.01309714610788188 -3.572413073362438 -0.42002444106249814 -0.023676824938208232 0.010093412571797118 -0.02167193039937665 0.7718863812387846 -0.022768700558422752 -0.01273295553498615 -0.5756606600572645 -0.18760482188043126 -0.015708155131500118 -0.008231174907389272 2.1676602368977944 0.8294635978036886 -0.02121326690019556 -0.008100087854205651 2.6069241397263463 -0.1765295726531385 -0.011034372890196577 -0.018721054927387078
1.8386783070077348 2.1677998055728422 2.585911960785666 1 -4.203393833131159 0.633068011497091 -0.033953837168961956 -0.002659578944085545 -3.6097360083545373 -0.3429456181710264 -0.020849375736135732 0.00430783968708684 -0.16593228553909345 0.7436359093480476 -0.018973037099329872 -0.014223195694559819 -0.7046077482182795 -0.21783379003976755 -0.01814948210155525 5.874976215631232e-05 1.9798415154855977 0.721455598632512 -0.05645862198710135 -0.033374711056700666 2.4819392256616197 -0.25229799632023886 -0.04314437382394454 -0.019603411465609812
1.8277810849095126 2.130266665449127 2.6019161484510662 1 -4.3078208746675255 0.6482712952601133 -0.004919433398483242 -0.004951957271235153 -3.6096285934486216 -0.2608169757047928 0.0006945351381711521 0.03051569735764398 -0.2592786493745338 0.7085890284215204 -0.03348308652778705 -0.0021271957794233754 -0.8514817657362759 -0.21939798264624055 -0.04826766960094251 0.012571887733175737 1.8416068396778948 0.6462672708177339 -0.003401224770268982 -0.004575783529760152 2.35222006271906 -0.3195822588006799 -0.015540375790819447 -0.004315418119452279
1.8417804374450513 2.10121824694982 2.604607162396795 1 -4.387966084085843 0.6794400554469608 -0.009930425918053855 0.001009837799489384 -3.6452624870348638 -0.18667237835952066 -0.016724240681807806 0.015111213627717814 -0.3136475533426095 0.6714447332937095 -0.023749676197324106 -0.0014817714722574725 -0.9919218561924641 -0.20130544151407526 -0.03263074041020177 0.010356806523919494 1.7486866374991257 0.5798851068857611 -0.0007601698967100098 -0.013676919059336932 2.2213605584176994 -0.40337247420225053 -0.011931722274532052 -0.006564645495745137
1.724843088535766 1.9062802833656054 2.662996607106683 1 -4.444693877909379 0.7247418561607941 -0.0007827601197644002 0.008327564397339022 -3.699458784095864 -0.12829602549540575 -0.002600331147139338 0.02141743944700593 -0.5051873168783412 0.7493782688509305 -0.06215608770763777 0.026526777279590377 -0.9376676133934971 -0.28575339201148664 0.0035729489446272534 -0.012677625592256674 1.6565232058114479 0.505545783283105 0.00035876052379954504 -0.0017839233104862025 2.1046875633360447 -0.5032236046861416 -0.016593311597351917 -0.01079234573661381
1.3187147624428215 1.5021093270412356 2.7876026033962304 1 -4.50060460274378 0.727098582906107 -0.008398342389872072 0.0014692889873435836 -3.7176306925263187 -0.07189824683262369 0.005810254682407658 0.014132792508892073 -0.6632204043932655 0.8166974123757356 -0.04253952475083656 0.009489218134033467 -0.9140807321532813 -0.31464650057260335 -0.0358692227009975 0.01205335750359943 1.5267807023743796 0.5343281312506807 0.00017960024632492425 0.030381600000975232 1.9327725789898054 -0.5358532926595623 -0.017205737779577214 0.021737214289135453
1.0024729062655247 1.1161853154262142 2.5982790181936717 1 -4.564088143845816 0.7389775642268075 -0.016885413617117973 0.006475207827036908 -3.7420658519712267 -0.06009276379933626 -0.015107550084232185 -0.00783100228431637 -0.6977038819363628 0.8426056706426914 0.014294250011472904 -0.00047680414412502913 -1.0425991185654722 -0.2664221595368367 -0.013485167341903482 0.007728146610096085 1.4454004869287562 0.7099541334176567 -0.034862063120894474 0.034451379265866756 1.7819620254292587 -0.3873860676418752 -0.051519787441263364 0.02903752195515933
0.8512734056828081 0.8897306908130052 2.391840523348361 1 -4.613553773516436 0.8059730420786659 0.005497566789630381 0.020827343638289378 -3.807656470582004 -0.06680526726697689 0.0012084139391566294 0.017929814933492442 -0.7449190422981093 0.8850151898583773 -0.0069561442455160355 0.009529329176493864 -1.1502738475798195 -0.22732578709289897 0.0014500368879689605 0.001498630752409488 1.4974227817880088 0.8876835477054434 0.03152463140618293 0.03178654975815885 1.6795340077198508 -0.23990841544099062 -0.001700991879342072 0.018044014737491315
0.7279402635625275 0.7086451717589726 2.24409817781597 1 -4.651058496775959 0.8330342134539626 -0.016347476169401475 -0.006153613919773058 -3.8480493792110586 -0.040621257394028554 -0.00760122736095472 0.002036036736413227 -0.8512842614909504 0.9480892621126726 -0.017331731601334235 0.0016502483855260833 -1.1300027407261801 -0.1797960780788409 0.02237068673779021 0.026184409903427113 1.6050003078112143 0.9625474226699258 0.005045316386289663 0.01543897195760014 1.624603540265407 -0.15513717691537043 -0.019425953004926784 0.007632151344148192
0.5523931877432231 0.4763416127777058 2.0966631043628374 1 -4.699029188484517 0.7822302983445195 0.006100832955307046 -0.01159461048113359 -3.8343394440840686 0.01912682503008223 0.01055122079058992 0.027358046358468516 -0.8969675106128845 1.0491977512130806 -0.0016943973509351805 0.03523056303245777 -1.0516176739846697 -0.08079532786295818 0.009460371394744935 0.018081894098561105 1.724633055617625 1.006801277495366 0.03402857635097703 0.014363695409105776 1.6445760538854728 -0.09173357380708325 0.015500019732432334 0.009007282850479019
0.4072406548176666 0.2937436233421576 2.0010173008903824 1 -4.74128027749572 0.7417284443630918 -0.01182415263907085 -0.012342802732622648 -3.821587897481641 0.05248735533536797 -0.011769183643430093 -0.011210563332552295 -0.8624494877748305 1.2040220592484392 0.016571045614218242 0.019822992561280013 -0.9892900696922977 0.09638240196739889 0.018931955209603 0.056499394963503 1.863090634329291 1.0637741966249425 0.0020479813911748364 0.019874415705896962 1.6671881663538848 -0.01149382052707637 -0.030075959226479952 0.020608464755531686
0.30386391147154596 0.17127642325572287 1.971262844150626 1 -4.738135004449799 0.7529326872615687 0.014960733069505955 0.007526976480071057 -3.832536891203894 0.053493679448616493 0.0035895643504731383 0.008744765202186963 -0.7880039443094864 1.4021752010800834 0.029524023978254123 0.037419777897477295 -0.9312025750444408 0.30977368502510627 0.027441477183686298 0.04375408694663141 2.0197645839018055 1.0945140148250458 0.0020892995778106684 0.004754914389477388 1.6750155839899241 0.0557642290979663 -0.02734682657556458 0.025546726667867902
0.18813338737095675 0.025731635127066114 1.8763446612376453 -1 -4.681953289892228 0.754555190409469 0.021394776121271802 -0.0009251662939162525 -3.8092764096956393 0.029164366507447692 0.01443509256997939 0.0007421256205189112 -0.7259743241336327 1.6047400767753106 0.026219385496083034 0.04066186748019883 -0.8608927121414207 0.5189160836156348 0.030692248557282368 0.03430004241092596 2.1326001505211334 1.086581049272369 -0.004780844225347989 -0.001154087066326125 1.6839571176399772 0.09582508854699623 -0.018070038183391673 0.022028470471660795
0.07860695501733057 0.10932197829822483 1.7419245180343677 -1 -4.589277114273249 0.7073678985772749 0.025132174438248098 -0.009408393573173794 -3.724935143831176 -0.00834412398085016 0.0263578477094869 -0.00151024344133548 -0.6779897011931713 1.785955502808402 0.016506640731047496 0.027058403248834212 -0.774635886569671 0.7001015808913806 0.027295502962657908 0.03772139231738126 2.2007667320922275 1.0766118742391866 -0.013192080536189168 0.006335803453725278 1.6970687030244092 0.12288975569491356 -0.022743842811075922 0.024110109820619067
0.023094632230621522 0.22593805799523023 1.390382997093807 -1 -4.397990658801415 0.6861037843012294 0.05550349775111362 0.012517196211323732 -3.62570513766131 -0.16173535038644027 0.01896744002225986 -0.054883440809435045 -0.9052759902124792 2.0455300908179255 -0.06560502776771943 0.031048305055273288 -0.7961411433160044 0.8090204354953949 -0.012622233542576935 0.04083298238070331 2.3042839409439093 1.104842605457415 0.037248280871625614 -0.026410578396822135 1.8541812418437678 0.2649686556021402 0.07430487957571923 0.041474015814638096
0.050969809819110694 0.2261128291782624 0.9352272242751986 -1 -4.146823276130312 0.6284037814158887 0.009512399563013443 -0.05141536981276622 -3.5478453343724317 -0.44412833569268717 -0.006659269515143963 -0.056914304918772196 -1.1654038047638617 2.2010872307935854 -0.02105718723529342 0.02916764234466732 -0.8438717770139403 1.011826987873992 0.010492694177900361 0.04629273969675268 2.5319550058604214 1.0152833220973498 0.03401634228638785 -0.04658306840075154 2.0717056682933883 0.3701070888899418 0.04155407478479049 0.015219528192625606
0.11196766538119447 0.199805250072611 0.7355127658307196 -1 -4.1161234873463455 0.4030202498439164 0.00639388300399954 -0.0332412003607808 -3.446958347725177 -0.6166937953201785 0.035189616800090695 -0.011044525004093291 -1.2133326035778986 2.2966697084877774 0.02358856193398381 0.01946536502973163 -0.8167973827890278 1.235810233679393 0.031662308166315586 0.04636487318594067 2.6959296798835517 0.8612169523501165 -0.007262229601332416 -0.049996726787295276 2.186536664713242 0.3155418121076832 0.03316343628275026 0.003818651175035513
0.1304537630396694 0.19148646174223044 0.7548092814436351 1 -4.1162653641232465 0.2985869284271583 -0.00012127029542368176 -0.015342940484586022 -3.3505175516857375 -0.6634376262193401 -0.010303557439797986 -0.009853522460720585 -1.1347183731851236 2.3606146064087237 0.010222824937662304 0.006092685729563712 -0.7177538056973356 1.3792952559164626 0.01329991704995154 0.012324664031452943 2.7393917492456605 0.7896151415104675 0.005515688251585223 -0.005226850790711855 2.227027408483549 0.1963223385622439 -0.0047276567450097 -0.0216671620076287
0.18308609040778231 0.13121444876095792 0.7618595604892794 1 -3.9893766053954822 0.3323679716230086 0.03083843330410601 0.014866214513834422 -3.4364164234018686 -0.6852047413289493 -0.026354183078123233 -0.00965783410125294 -1.0297701861533395 2.37801571646646 0.015054980240222574 -0.00790967141342613 -0.5772800498939668 1.413450537862079 0.009962930766523253 -0.006187179429807899 2.7514535404858824 0.7401980132147747 -0.028080080858394623 -0.040730039964909384 2.1975760436973895 0.15461528855762108 0.020465290806772514 0.02855361863934609
0.20776865954039048 0.09382515331314104 0.786138959122884 1 -3.8551385517982153 0.21885512577895394 0.02823245668694595 -0.041980877798169544 -3.4376565008150117 -0.7597878334047677 0.034712082910259026 -0.002952517246980313 -0.5180620044418327 2.5076772450888605 0.11924724951910343 0.058725179711219856 -0.41914163643218316 1.5579417396862225 0.05808621779107706 0.03579687928110107 2.7606001037814396 0.7396162759578528 -0.024491883431862742 -0.027153351660421647 2.1728282456944417 0.14773374777947068 0.030921895464349244 0.019696000310174103
0.21483465753738118 0.07614689552859545 0.7516104180693933 1 -3.7399315650487357 0.04092191145803459 0.02196729156803457 -0.030907493813513896 -3.320323388105458 -0.7903273030026928 0.0010852280817057096 -0.01017600659413695 -0.0775508956354507 2.7377201450708286 0.058061487239200994 0.04461237869888373 -0.0698564786306175 1.831763529159546 0.06390121554656579 0.06170429472571726 2.852428184226042 0.7100846249918518 0.007131371677322043 -0.04659208085073112 2.2195179976647026 0.08751681338837058 0.04288779978623087 0.008417239424542994
0.26656837218786383 0.06171634870792102 0.6287514378107363 1 -3.581511097041738 -0.05470055887822267 0.01788224207774089 -0.0026032894853518437 -3.3339571392273637 -0.7960772484914512 -0.0006279344758135345 -0.003689777788467241 0.2123043865434795 2.9784298611593574 0.061797209626151386 0.007416107612295168 0.22575227225423067 2.11254219354289 0.05073048953263669 0.07384113167774332 3.029039727271562 0.565371965280907 0.0012349307048589685 -0.05671204278127251 2.3206949609606715 0.026903883032146858 0.05942683266908606 0.01292938626661707
0.30241266386986265 0.10075726092193935 0.38071223287220823 1 -3.5480749917128964 -0.033603663599326095 -0.013166702980270017 0.020732840412577974 -3.3105381745771094 -0.720889116018587 0.012245009834764495 0.016119339707787034 0.49736714360991563 3.15275035024243 0.04765860376495591 -0.012873274307560582 0.40017487687452746 2.3165989995805636 0.0463219010237753 0.052844659037488334 3.173183177059336 0.43618910972685865 -0.007888991797958878 -0.0454617827649194 2.4804801430578216 -0.04196199169895665 0.07096594565187879 0.008105227609628571
0.33759931776816987 0.1420093662189944 0.23205732723122616 1 -3.6100010579583532 0.07104817427357735 0.0011424483414054836 0.0025173619642397116 -3.2685781137880494 -0.5596479239817318 -0.00716359783372289 0.06507448302229009 0.671009484048013 3.2146774176274473 0.01926156239396514 -0.04349517577624633 0.5798614184955069 2.3932523678178885 0.03612489707277508 0.029687162360683063 3.315596746832373 0.3331015490132234 -0.007851528517848923 -0.04518903850192378 2.643571907317538 -0.12101033163272534 0.06852502990328302 0.010637228708480446
0.3498213155987678 0.1667376198390265 0.26922185393107506 1 -3.6704034728362314 0.20707095444138002 0.0047334026849116285 0.007489226646744592 -3.3020705789116684 -0.39921276452824794 -0.023654338167744593 0.054831878435282685 1.0903799122732805 2.9796525571933667 0.09002220164452203 -0.0919859339208399 0.745270355954716 2.2737045904262385 0.0286796720124433 -0.031076186531618786 3.4743166282426623 0.34154843766703724 0.03788958877158682 0.041090634578014235 2.7888878580732035 -0.1856538434781816 0.0034627864032769524 -0.01699799803562929
0.4157174310678197 0.010457973477013527 0.4427306168240461 1 -3.7308838882613347 0.34525957562530896 0.005463806723125973 0.0026346993185083333 -3.3896229352908493 -0.2807614693379641 -0.028364677729275024 0.04933296868812695 1.4282641080908753 2.593201581081831 0.027130676144042867 -0.10621794505862912 0.9405833365912626 1.983653431101426 0.041852416556729215 -0.03721266241772761 3.5586532959607418 0.520078303751808 0.00850298893568016 0.03161741800422015 2.7542254086446185 -0.1939705615953553 -0.04281188689022431 0.010886461604728333
0.6327115329598533 0.21139969678551782 0.6952943688284431 1 -3.7944056638054366 0.4506722593461219 0.004954982370893948 -0.011734354996443755 -3.442269935584224 -0.1596966698434794 -0.023928938826216176 0.051545795177085574 1.4943071831356658 2.344884087736869 -0.0238727023808206 -0.0605921638819592 1.0137043478657857 1.6900969306934708 -9.167767480243276e-05 -0.023491976392302095 3.5661464739832507 0.523500637287176 -0.027286501265927222 0.00960620239568139 2.6054794921998097 -0.1996804047139511 -0.0394006818287432 0.00796763726398615
0.6493787256230251 0.29130471269189306 0.6494211114917164 1 -3.8682438248929474 0.5038637224224842 0.009476672218310351 -0.018187982755716807 -3.4694866362999175 -0.07843536284340835 -0.020159714422758122 0.03744983963479616 1.3631009629488622 2.2312319468176627 -0.04799340864882655 -0.054314222891956906 0.9159540018513876 1.5176579243957309 -0.01456692637962085 0.0022313766703568536 3.4571799518044406 0.5059571385556032 -0.06967896840222833 0.02991446943432628 2.5890351232986264 -0.3069793936318328 -0.0056270866278731076 0.011851779338246722
0.7132491059141873 0.4306918771261414 0.6095470204920863 1 -3.9105486791727633 0.5255885817354453 0.015523472707086653 -0.019448351305220775 -3.488456786697028 -0.0586091691088495 -0.017099476198198155 0.025830326808508268 1.1633657957558654 2.1549994527878154 -0.05141418851780833 -0.03882296221749744 0.7515897377923721 1.43016361280764 -0.032970189140731895 0.004871298044595836 3.362352713818054 0.5282207751147092 -0.02141706360446208 0.008558351398431679 2.7405795165733036 -0.41717232294884454 0.023594851206374494 -0.007249543431142192
0.9351794951926796 0.5960801581366841 0.7833690883563427 1 -3.9577517731502954 0.5360042704437176 0.007980252511462943 -0.019898653226647356 -3.5060874341750248 -0.08100585837853069 -0.01656077477576496 0.01708845387837042 0.800172987495464 2.0782229190043764 -0.07701624096477845 -0.052303102834274195 0.7051108640672767 1.2480270170618257 -0.004153465872519943 -0.016920162452042482 3.3526630457226085 0.4934240261710814 -0.018376852820195775 -0.0030415744270880897 2.831398033827245 -0.45965159038308845 -0.024904517047989034 0.01095451728711623
0.7844997886287522 0.4782691262357327 0.8929199947710738 1 -4.022989022884473 0.5396238496735506 0.008465121027439727 -0.017800691552161876 -3.5181995650970928 -0.1170036734906813 -0.014891958075749487 0.016138852053144553 0.6262042813787652 1.9015614758035686 -0.01782429225615622 -0.07142859872047226 0.5885941052016799 1.0867733203025165 -0.026240876241760365 -0.003074411509251272 3.39493513414921 0.46934840681088397 -0.01951721398719826 0.02663512585537579 2.7644428054352295 -0.41588889258955963 -0.024742849869312918 0.04179637802913759
0.504320136584755 0.19120595909347834 0.8869781864139689 1 -4.063784667734132 0.5552242454065546 -0.009505088382276712 0.012809385082295911 -3.5344822364085395 -0.13439040784423673 0.0030733481922379773 -0.003414619652431939 0.5964485209000561 1.7476280579214398 -0.01596332386970474 -0.05666087820357801 0.4618727542775902 0.9404712543763092 -0.0014216732599442831 0.0012753284151286078 3.4349502959262255 0.6320408004161597 -0.015939607052279915 0.05935359254176793 2.8350320891380756 -0.24202147253958983 0.004528277443326919 0.05961771484157114
0.372159134888358 0.04089438348106715 0.9640606714217922 1 -4.084998161310042 0.5774243436973963 0.016068810827347693 -0.01006822679592555 -3.5536727984584444 -0.09131181621547768 -0.011658089345117325 0.03419180549159379 0.5353529171150333 1.6599888029883143 -0.013675490808108814 -0.047448761607004966 0.5151542883082909 0.8236452865409263 0.027562670472391967 0.008999627660806846 3.472684261421774 0.861005704482815 -0.015602122615058677 0.04673632453926425 2.9183224044320655 -0.0626935716228545 -0.0173958123288311 0.04831676450627144
0.2917174471592767 0.03251311893231833 1.086181701420447 1 -4.102895900391934 0.6038074791240551 0.018036048734028115 -0.011953195306141497 -3.5726091631300907 -0.025530360909213567 -0.018494517247418654 0.03180383827439638 0.5473095411766007 1.5907459650991687 0.0032905211980611 -0.036685489114487914 0.5874015878973813 0.7420223579884897 0.002398258547741703 0.009728846859552671 3.5145453550260193 0.9755856425177436 -0.004746147990611713 0.018189908150181715 2.9056208808420454 0.04528286812985183 -0.03215645306005652 0.03263155580198223
0.17460475185146665 0.13898736296391687 0.6733172381736154 1 -4.1157379303706705 0.6446308931470814 0.015428104627100123 -0.002990554204071343 -3.6084030377068608 0.012945138079008434 -0.012630874242914987 0.024679648736819118 0.4626442039461738 1.646867860076223 -0.056710321286968374 0.007605131524842174 0.332810893520219 0.681800105633156 -0.060526899110847174 0.015934598049931296 3.6879241753051417 0.997451039598455 0.035091481639677194 -0.0003620877245281949 3.0560118607693694 0.2658468192960979 0.04707533699175438 0.05985080433704064
0.2942003450989609 0.11563802075400959 0.32445062650856915 1 -4.175174043221794 0.6766890819937679 -0.033502553225886765 0.010227106063214277 -3.6431086142653255 0.03194040615419658 -0.0020280088723041772 -0.008129502131486478 0.25719238817476864 1.6900131723369793 -0.015588205736064592 0.006685829671811815 0.28514935666727403 0.7980630449128223 0.025869830798914927 0.03616715698926221 3.9301219107641767 0.9296691669540758 0.014881473433311088 -0.05075462221457983 3.3642624845769884 0.35295719464764885 0.07210356620285491 0.013257917653535532
0.40814978925924744 0.06557660570280346 0.11607870604415553 1 -4.312723461563006 0.6797246232481142 -0.014502687263093998 -0.0014331647089114736 -3.6740237955075434 0.05973952190264864 -0.008082166309125886 0.022821231531559266 0.2610595695582303 1.7751973230989089 0.026024581118908444 0.04633404882521914 0.3459685257385532 0.9577294322527188 0.0028913698998015306 0.006474955573767819 4.120086703672705 0.7864060246720541 0.06755408555078127 0.002212888191039805 3.535894983404427 0.26347553000330626 -0.012317482280030611 -0.044581852217379946
5.87491 9.036335 0.98368454 2.355217 0.72228926 8.886723 2.285177 -0.57045037 -0.22800195 0.7803668 7.8668194 0.5602056 2.8770907 0.30315948 1.488649 2.9530604
1.4722118 10.10815 0.80957544 2.1772265 -2.9326377 11.406966 2.294958 1.072654 0.02980858 0.7741761 5.693188 0.5812093 2.7314036 0.43469238 1.5049372 3.0304098
2.1301098 11.952145 1.3016663 2.352436 -0.748458 9.264587 2.5974565 1.531251 -0.07712376 0.8729575 6.489605 0.6567809 3.0976238 0.32628143 1.5405241 1.7507296
2.9417548 11.765346 0.98364735 2.8556774 2.6637993 8.403955 2.789548 3.380528 -0.16967672 0.95934415 4.479491 0.62062204 3.0806932 0.3841272 1.8838116 2.6856854
2.651412 12.068412 0.9005662 2.8431878 2.8522458 9.292135 2.6322513 3.2568133 -0.1633938 0.9496812 4.5183973 0.61972636 2.9323783 0.37453407 1.8738173 2.6404998
1.237896 12.4311905 0.96588963 2.4669042 0.048326015 11.416225 2.513628 2.0442667 -0.01796186 0.90105736 4.6652393 0.6659251 2.8639836 0.36441952 1.6663482 1.9536936
1.0331268 12.133768 0.98230743 2.4101236 -1.3960485 11.850121 2.6151183 2.5598776 0.05508125 0.89764625 3.9450974 0.6635142 2.8652468 0.38532847 1.6745048 2.024092
0.30256844 10.26741 1.9910173 2.2616262 -1.8611007 11.273283 2.7052283 7.8045597 -0.031660795 0.8486628 4.203184 0.5453436 2.638211 0.3451079 1.6985512 2.5286329
1.0368805 10.267984 3.819858 2.1876278 -2.3785985 12.064291 2.5246508 3.4886317 0.0837383 0.88268036 3.7950041 0.6344285 2.677124 0.39688385 1.6209689 1.855278
0.33999157 10.86485 1.8785394 2.1351414 -1.9073576 12.281954 2.647449 -0.13367397 0.14708638 0.89997995 3.6159978 0.70478547 2.9659662 0.39933085 1.5341959 1.65524
-0.13690853 12.176351 2.9858842 2.2004414 -1.7239752 12.239022 2.8438764 2.3130355 0.06451392 0.84247047 3.8603897 0.6611638 3.0004478 0.3341844 1.5326921 1.8062654
-0.20405388 8.992997 3.2445054 1.9192634 -1.7288904 12.425906 3.5277987 3.2653396 0.097317606 0.873095 4.1121163 0.62316316 2.4121108 0.3680848 1.5252877 1.968719
-2.2649364 6.7857924 0.65586704 1.8826687 2.3462238 12.851833 2.2308586 -0.23428321 0.088345736 0.8301724 1.9735537 0.5332438 2.415823 0.42152447 1.506931 2.8201957
-2.8908577 8.676546 2.4694123 2.1762326 4.3557444 12.839588 1.8238353 2.3757243 -0.09567416 0.75432956 2.3198354 0.43089992 2.1349657 0.31115448 1.5858517 3.1857026
-4.242564 7.671401 1.9584155 2.1620507 5.829804 12.661581 1.9317418 0.30970973 -0.20842141 0.5549275 2.4827793 0.30593413 2.198456 0.2370174 1.5266829 5.038271
-3.9122953 7.3672276 2.0737 2.2967 8.354104 12.042732 1.8860096 -0.33555597 -0.35157394 0.5133992 3.494182 0.2519068 2.1572206 0.18863916 1.5542967 5.714962
-3.0804977 3.0669212 5.0418777 1.3475521 4.986074 12.312775 2.9841409 0.08251712 -0.11590433 0.3733338 2.9253464 0.23250985 2.279915 0.26321328 1.1166495 7.5916986
-2.5440989 3.1318007 6.379201 1.3319782 6.506011 11.872746 3.4261508 0.2554649 -0.14485455 0.3895222 3.5308678 0.22353494 2.7531397 0.29323697 1.0105088 8.738411
-1.0278482 0.9396496 3.5619128 0.7056956 4.333783 12.485207 4.2359934 0.32380116 0.11101702 0.48437417 4.6871767 0.33118004 2.959845 0.47122538 0.6549681 10.361128
-0.20695972 0.58863735 3.2396753 0.5947423 4.779461 12.319296 5.4976907 -0.6260515 0.15913484 0.54101783 5.423502 0.35734105 2.551148 0.5300468 0.54846865 11.40763
0.10951233 0.32182407 1.4785964 0.356601 3.0740745 13.071121 4.818934 -0.3449436 0.25203422 0.56554586 6.305338 0.44144517 1.4386578 0.5785057 0.41478723 11.487823
1.0688477 2.7186353 -0.14077264 0.7764261 2.010438 13.565691 1.8216839 4.0879016 0.3616262 0.8731344 9.851956 0.7827518 -0.50599176 0.7544159 0.516104 9.137482
4.314745 2.169025 1.7356577 1.3070656 4.616088 7.498085 4.6247487 2.582314 0.05737555 0.9113288 10.97597 0.7649281 2.1732485 0.70213133 0.7562949 8.24122
4.398927 4.864469 1.3019496 1.5283736 0.39472872 10.220343 4.587718 5.926171 0.30445057 0.8840673 9.656529 0.72653294 1.4216597 0.7920886 0.9171244 8.532884
5.6884727 2.2281346 1.6854875 2.2907202 0.59539527 3.8918304 4.0815434 2.4453766 0.011788189 0.8730787 9.108182 0.7322286 2.4795413 0.73909295 1.5287458 6.1812077
5.564806 4.0557165 1.7164214 2.143762 -0.42283773 5.162478 3.7791624 3.9174252 0.07860851 0.7910897 10.318113 0.6718217 2.21576 0.6472614 1.3980949 5.784581
4.4141088 7.5490413 2.1442773 2.7107356 -1.2584585 10.663907 1.6057323 6.295083 0.33810055 0.8992027 7.159592 0.6467342 -0.34964728 0.6435755 1.7851512 3.6250756
7.4458637 5.1388054 8.287813 3.8878102 1.704607 5.1206446 0.35688132 0.3452791 0.16415465 1.2270715 8.103013 0.7939199 2.5888605 0.8762151 2.440791 4.019448
7.162159 4.850266 6.3627505 3.8512073 -1.7492456 4.6844854 -1.4757689 1.0977923 0.41595092 1.209753 7.0904713 0.8300762 4.7152457 0.87057227 2.5472813 4.591387
5.6158676 0.29306793 9.460651 2.9851987 -2.9342322 8.44473 2.3808203 7.545197 0.5161371 1.1765335 5.570903 0.5611676 -0.36597878 0.810332 2.1973329 3.6933012
5.7181606 -2.6174912 8.573277 2.711316 -3.5675735 6.726677 8.554533 5.336331 0.6784252 1.2100718 4.780628 0.5763576 -3.5724247 0.8282087 2.3332865 3.716815
5.836337 -3.190436 8.439585 2.6872907 -3.9239054 6.0339885 10.396387 4.549548 0.7264983 1.2029132 4.7048593 0.57573444 -4.508148 0.83693403 2.3849998 3.8641043
5.5840645 -1.0424795 8.855038 2.6411247 -3.7684941 5.7753325 10.616493 7.1911654 0.75690705 1.2904942 3.9144907 0.6862025 -4.3070474 0.86760706 2.3634818 2.4524226
4.817337 0.71261835 8.893213 2.730159 -2.743028 5.926343 10.618383 9.390247 0.71367353 1.2739447 3.5803046 0.67776453 -4.3092074 0.82930994 2.3822207 2.2661734
5.6216493 -0.4864292 8.927894 2.611335 -3.8859217 5.876715 10.659657 7.968454 0.8274127 1.3453939 3.4120548 0.7445035 -4.2428336 0.8994343 2.372945 1.7865939
4.740696 0.45620918 9.0554695 2.6192005 -2.9209085 6.1661253 10.5918665 9.119251 0.7687085 1.280534 4.0002656 0.6942234 -4.3028035 0.82724583 2.3257113 2.003627
4.977577 -0.85878897 7.6078672 2.5599885 -3.2071824 5.95494 10.86013 7.775619 0.877602 1.3435005 2.9529133 0.7266432 -3.9750178 0.92157006 2.3548567 2.3553064
1.3890553 -2.7775636 4.8505774 2.1884573 0.27634478 6.423538 11.289161 6.2145705 0.7931316 1.1166234 0.99300027 0.4774378 -2.4510388 0.8178616 2.1932242 4.9174995
1.7188416 0.8864403 4.717844 1.5486695 -1.9381506 6.9253974 9.844457 7.1766615 0.6521911 1.0365695 10.366342 0.6411777 -4.0753226 0.5691684 1.5016823 2.9519203
2.0508165 3.1089158 4.4348607 1.2198853 -2.7141209 9.404611 4.3937945 7.95458 0.5510348 0.8544293 12.089508 0.5267708 1.1323276 0.31650412 1.1146735 3.0108404
2.7394114 4.7243204 5.2495704 1.3678265 -2.7065964 9.221472 3.071262 9.304319 0.5487368 0.832954 11.42956 0.48225355 2.3328776 0.25285304 1.1284522 2.58718
2.0549603 6.6336308 4.6260276 2.1025417 -2.3317826 8.1689205 -5.162185 5.169142 0.60860443 0.83373266 15.920823 0.78470284 3.7760906 0.57154304 1.2020074 8.488943
2.2051249 4.6477213 4.5656366 1.5937828 -3.2250407 5.724946 0.12596953 1.7100513 0.67500126 0.7560948 15.24566 0.77402174 2.4452732 0.6273374 0.9750495 11.2477455
2.510951 3.7895947 4.256689 1.4357668 -2.8563476 5.1690288 3.063826 0.41880056 0.7644855 0.78722435 15.033212 0.7842066 1.4116426 0.6432517 0.94022906 11.8546715
1
1
1
1
1
1
1
1
1
1
5
5
5
5
5
5
5
5
5
5
8
8
8
8
8
10
10
10
10
10
2
2
2
2
2
6
6
6
6
6
10
10
10
10
