14
1.7609694852581066 1.6781135665142952 1.290658746532173 -1 -3.21 -0.42000000000000004 0.0 0.0 -3.57 -1.3599999999999999 0.0 0.0 0.5300000000000002 -1.85 0.0 0.0 0.16999999999999993 -2.7800000000000002 0.0 0.0 3.33 -2.91 0.0 0.0 2.9800000000000004 -3.85 0.0 0.0
1.715656984869509 1.5480691440861283 1.2440197229003416 -1 -3.141871423776606 -0.4478830911573968 0.03333650660891648 -0.01698211622189954 -3.600046784141072 -1.3727958931947875 -0.008775228049943337 -0.011519830566111808 0.5330870220051782 -1.8489071588015833 -0.0014348427007756389 -0.004661403547520069 0.16860944600615113 -2.7792844174044724 0.0017125912867273058 0.0052642610452936275 3.286888472491415 -2.879875753668079 -0.02547525063848581 0.008101728553705362 2.951393848130377 -3.8557783616865096 -0.01175151428853666 0.0037705520440275628
1.3569086611493586 1.2612585934675096 1.3049079610392702 -1 -3.062077168381882 -0.5655569413956066 -0.0012012904900778245 -0.028719796814332704 -3.6677485258951608 -1.425748799200132 -0.007940042658128997 -0.008795312778169088 0.5212847881135243 -1.828834883442815 -0.007329367613396037 0.003275402442104872 0.14998997474064435 -2.7863187915746996 -0.006079874617474436 0.0013054347556464441 3.116595983718514 -2.8158473396134935 -0.04050228744231811 0.0024209137509458526 2.838104606845371 -3.872704179667623 -0.02949218053810075 0.0002099948351607546
0.9622843592526286 0.9873715957368414 1.1285495253537403 -1 -3.1261046408117728 -0.6386522964055701 -0.016626904336804568 -0.007252507214897111 -3.693324208988527 -1.4725415890464022 0.0033309542140961927 -0.005586302409234417 0.4657623617725344 -1.7876676159212184 -0.01726610081937082 0.0059079175713704895 0.08366166660792196 -2.796751588882321 -0.018184436625538432 0.0013507470816779468 2.9341672197084208 -2.819813218266919 -0.03555071800109232 -0.0070700582369489645 2.6486210159097663 -3.8967237856427235 -0.039680447794881446 -0.0008832506585214599
0.7476656267097762 0.8561800300634067 0.9865776584327376 -1 -3.2038007460658027 -0.6168201373031997 -0.009102538227652824 0.005482018950864191 -3.6905482587005936 -1.5058809356947385 0.0007726675630626186 -0.006622866325822664 0.352281529837275 -1.753130603130612 -0.02909341402843022 0.005640045511653443 -0.03828659026110692 -2.7872938345543696 -0.028713900701319402 0.0051520062955828175 2.751891540332635 -2.8193769194312326 -0.0400864376199357 0.0026571044851832967 2.4530664179838135 -3.907807225274258 -0.032002347203649244 0.00517224850704525
0.5830472704293456 0.7636497838213638 0.9330727525175203 -1 -3.2407098697021746 -0.5923873891533005 0.0029408771908226855 -0.0015667705319830898 -3.7385152848566174 -1.5343911548626987 -0.013764640147323016 -0.010420120203274697 0.18503571941562136 -1.715900599684943 -0.057644931086467094 0.014382951167036508 -0.20213086550834536 -2.761900713865595 -0.057737005579969206 0.013405738783006146 2.5427423571659418 -2.766032077726154 -0.02484803687742958 0.009770966918574521 2.3194172219376012 -3.8730027933293334 -0.0062184948785383685 0.011368179623873277
0.41099352692740393 0.6458778791013875 0.9145760835198643 -1 -3.2488311123619837 -0.6104893918386323 -0.0028726958625500294 -0.007237437359903081 -3.8582069152704555 -1.5742183752238792 -0.027177533087074938 -0.009329305379375203 0.008547564783238037 -1.6980056595505535 -0.012521003054534671 -0.010835444646454478 -0.38825117932062003 -2.7483795404095686 -0.01483439624660048 -0.0077064787412517415 2.3531168159958478 -2.7004367859129603 -0.05262770055806205 0.008911047827265864 2.214476616672978 -3.80197933667005 -0.03733849659653392 0.02165777969089032
0.28564946813869846 0.5474390980919798 0.9379212248460728 -1 -3.2836814824919482 -0.6473628662414055 -0.0229374474450444 0.0027890817051578563 -3.9852874182245444 -1.6311798101982196 -0.031467112859500025 -0.006808321767053556 -0.1379000250257585 -1.7377682748755423 -0.04194464559438654 -0.00959538912367759 -0.5698971482338875 -2.7834967261365455 -0.04742134652670926 -0.005155838322030774 2.2195030090131667 -2.6525674340994083 -0.002285988326720771 0.02185671604016827 2.106518636874724 -3.7497018346750255 -0.009148083694160772 -0.014526694599759273
0.18445398587968997 0.46665094075595137 0.9766275348454615 -1 -3.3379509283801814 -0.6925280431217011 -0.00029837344538276626 -0.017399196539248978 -4.060694015700209 -1.693219906628087 -0.004289891907848642 -0.014838886742865308 -0.26143199930899286 -1.8177234132896736 -0.008895385485725799 -0.024134768907990323 -0.6948077208309318 -2.872313986492534 -0.0016674468761890965 -0.025115358220774424 2.107815510807269 -2.6174198362118624 -0.045135774506252016 0.008729256436888686 2.01317054857524 -3.7208133730780686 -0.03462913739610262 0.00539033592407866
0.08203484757086375 0.3851167840269946 1.019392207064555 -1 -3.3704649703276885 -0.7543717800954106 0.001712401595179944 -0.02322790133324134 -4.110428326729737 -1.731325880030347 -0.0021196403654132855 -0.0037608364202163015 -0.36147237148725075 -1.8922583361185343 -0.005179492589838474 -0.020446712285210916 -0.7503838173871387 -2.981360136546127 0.005886618004129717 -0.022615893671119797 2.0091515526974746 -2.585122991840329 -0.014947595195949532 -0.008204279234000748 1.9710503050896566 -3.694689039816085 0.0019334196078601047 0.023632946352630503
0.006088643693223121 0.30804942616076497 1.0735209881964496 -1 -3.3713740134188104 -0.8312575955681838 0.013802961467014787 -0.026454937616770174 -4.1783528951575875 -1.7230801581519524 -0.0060772486448542815 -0.003386421366866117 -0.42060151464350604 -1.9690247417602842 -0.00015588382488122658 -0.00947618704144357 -0.7765037310012439 -3.077982994014621 -0.00396096006849323 -0.029481507870706754 1.9431902796923586 -2.560789940924379 0.009439966323372191 0.0018417385949158417 1.9812576403257145 -3.6771038629481394 0.021084437733608196 0.004129942006993502
0.09889783268119469 0.23108922938458887 1.037696540102438 1 -3.3676741513108555 -0.9071799741490874 -0.013938158911754137 -0.00028360906119616856 -4.241778339600259 -1.705878467943021 -0.019511406287699165 0.01366066043572339 -0.447000768978862 -2.075951089387602 -0.023269009920215168 -0.017965067762232563 -0.7916051745958295 -3.1744863136493207 -0.02099751948797643 -0.017389290900184946 1.9161599864101886 -2.5643481189599227 -0.000588578142545957 0.005808802295515713 2.014972499220062 -3.6790100547961466 0.01050007907331672 -0.01393211531001995
0.20621886150204055 0.15253484397187955 0.91000197254474 1 -3.3839595962246567 -0.9660830851307408 -0.021124410478957238 0.00900126851997004 -4.282527232195537 -1.7043413900131337 -0.01664887721769224 0.013179574533074943 -0.4865820737907267 -2.207791592130805 -0.022528667002580872 -0.02627374761156931 -0.7960720163235746 -3.296090251222084 -0.010667091035313388 -0.021583422046354717 1.9176815808389112 -2.586971932121248 -0.018600392925875845 -0.00599792794698863 2.071581423754367 -3.6851795058565293 -0.002256641559166167 -0.004682412131769826
0.3148626570395204 0.07355902363945818 0.5094105167529582 1 -3.540922160761236 -1.0893410500107747 -0.03860082954791813 -0.031083378467231915 -4.384494644371087 -1.814624780054079 -0.0435737139969789 -0.029615129428188964 -0.5463924937892926 -2.3937424112330214 0.0005757925639228376 -0.053927151659025674 -0.7732023598175126 -3.4517978572211176 0.017688554256428096 -0.027229491078632227 2.0904516250550174 -2.7689454656784536 0.08980844615820645 -0.051145925658873506 2.2414595443037184 -3.7516774515563758 0.08259179174175148 -0.009100316260004824
4.701697 1.3625226 1.9047748 1.3832154 2.2181928 13.14402 5.912622 8.014177 0.791619 0.9300927 2.8037915 0.53851986 1.2629097 1.1128135 1.0318377 5.1942205
3.9695253 2.1952555 1.3081976 1.2988956 2.2447977 13.09511 5.012832 5.3492937 0.9648904 0.8202337 3.2753444 0.80130976 1.5219982 0.98515 0.98924524 4.929875
3.1565795 2.232478 0.5185704 1.3141729 2.2260337 12.734819 4.702943 2.5724778 1.1590152 0.73472214 4.096303 1.6077964 1.5693521 0.90130043 0.96923506 5.4861774
3.7443542 2.2048466 0.5016412 1.2228694 2.3152359 12.422893 5.02479 2.2732763 1.4973838 0.77796376 4.42784 1.6345817 1.806648 0.97941065 0.9164146 5.672261
4.4804482 2.2253518 0.48625058 1.108125 2.5181372 12.17055 5.5268755 2.1972475 1.950587 0.8544744 4.690605 1.5669419 2.110973 1.1014493 0.85032344 5.9770927
4.0356584 2.0285826 -0.049992204 1.1516337 2.9614282 12.389225 6.1397696 2.293149 2.228581 0.9188411 5.083523 1.8260636 2.0785933 1.191827 0.83011293 7.1011667
3.2877855 1.527344 -0.58414507 1.2531058 3.4432676 12.919563 7.3051233 1.9665394 2.739914 0.98149014 5.970807 2.1989558 1.853848 1.2752026 0.84568036 8.289474
1.4348378 0.47361326 -0.71963227 1.2178531 3.9372282 14.917046 9.356823 0.84997916 3.954515 0.9607452 8.752093 1.749047 1.204092 1.2658037 0.8727478 8.574065
2.2072787 1.0111508 -0.8486521 1.2006344 3.8499634 14.074541 8.232621 1.5007215 3.5697608 0.93429875 8.519044 1.949539 1.5782089 1.2399592 0.8124511 8.397413
2.7542293 0.659178 -0.8673314 1.134274 3.7251732 12.99807 7.9176264 1.1828237 3.4300504 0.89225197 9.727232 2.2362142 1.7965977 1.2028201 0.76168096 8.221904
4.413927 -0.5047822 -0.7258619 1.0263839 2.9809356 10.988193 7.520691 -0.13747406 3.5544531 0.82457817 11.361627 3.0194712 2.1633167 1.1800376 0.6669711 8.054353
3.5707057 -0.6737523 -0.5997195 0.81920147 2.3673031 11.407945 6.664428 -0.74274135 3.1136804 0.56812835 12.787264 3.204476 1.2086906 0.9978004 0.5322368 9.115447
3.286048 -0.7246418 -0.61577237 0.7588793 2.2145772 11.495024 6.2351007 -0.8895111 2.8997283 0.51249385 13.084697 3.145442 0.9756002 0.94403875 0.48891652 9.438086
3.1168318 -0.9311156 -0.7640898 0.71459424 2.0924206 11.36532 5.5453053 -1.1183958 2.6426663 0.5011091 13.35501 2.9827409 0.90887636 0.8988757 0.4384464 9.7448015
5
5
5
5
5
5
5
5
5
5
5
5
10
10
