60
1.8030044181741014 1.8471951044570105 5.006395909234507 1 -4.06 0.3500000000000001 0.0 0.0 -3.61 -0.54 0.0 0.0 -0.5 2.17 0.0 0.0 -0.04999999999999982 1.2799999999999998 0.0 0.0 2.17 3.5300000000000002 0.0 0.0 2.62 2.64 0.0 0.0
1.6638708649777647 1.9261261924031083 4.989314346875618 1 -3.9946503646793046 0.38305995666770754 0.033990913908414244 0.014204368481771949 -3.6238486688722684 -0.5711842425793242 0.0023458706096001663 -0.014560939626124815 -0.4999837573220445 2.167259850859734 0.0018580544170049866 -0.005476309160303859 -0.047543184363147084 1.2788185581779543 -0.0016752629933564477 0.004254886516761598 2.1115122881970807 3.521242526428466 -0.026554066116290458 -0.013094887088702477 2.6024969395694377 2.614405680864603 -0.011842912295187117 -0.007280391099173217
1.7451730985055756 2.1396630179135436 4.918026214557161 1 -3.8542547322867 0.3686747967143684 0.0177517302186286 -0.024296736271085643 -3.6288308913750074 -0.6535498323062181 -0.005546286513737342 -0.006456927086978511 -0.5286104374445841 2.168342932691711 -0.009163662685477886 -0.003229933217547545 -0.05299681735708983 1.2567681669443949 -0.005697059185221356 -0.0048092749032591225 1.9382400787333331 3.4320865772314697 -0.028546754209289076 -0.030238491276467244 2.5243261547515976 2.503742299940442 -0.023610114396327493 -0.027807557336024216
1.9518463021196675 2.3054111165684663 4.793071983240524 1 -3.841195676080803 0.2723608971372524 -0.006715434311885569 -0.023564805066679295 -3.6094555698886106 -0.701729736425875 0.00038321191481874295 0.005154739763577865 -0.6046022235700961 2.155090796167524 -0.017651711743898423 -0.00828937948934354 -0.09909150080136708 1.1943822544551455 -0.0158877755986409 -0.014600563346293484 1.8299408136282107 3.2738461847281366 -0.01637178518790583 -0.03652410003134583 2.390564486480889 2.303930860368184 -0.03044695453993214 -0.04127464470435971
1.9271145877306146 2.2960075578988643 4.672061216602312 1 -3.9121397620950145 0.22591303451519873 -0.01780426441836811 -0.013562341595380053 -3.583241466070608 -0.7254039208810485 -0.006177838190506562 0.0014259633181141738 -0.7166941243253548 2.0945291911614894 -0.03790489307589569 -0.023939064484506754 -0.20606192506973287 1.1001187463756517 -0.03905087266413235 -0.025743626135700602 1.7131364190273315 3.102373606450885 -0.023022727435813652 -0.017858210292611632 2.2463401381977715 2.092575379755519 -0.011491033444092271 -0.0435949338741438
1.9401526027013631 2.2686854330317408 4.616738988881891 1 -3.9643912821631457 0.2115258580310031 -0.013962793018719492 0.001509680415344403 -3.5961568601741254 -0.7931852550224382 -0.010807072572248947 -0.03158275355598439 -0.8706700446254856 1.9934836532420586 -0.022521520797535825 -0.014760211190815015 -0.3544250641347304 0.9937560309259919 -0.01857160655486663 -0.017707740678094698 1.5636362769452292 2.941190359134433 -0.008519841308419486 -0.01456242393871833 2.1363181903153423 1.9657643896262988 -0.0011311280537083838 -0.00539627455630618
1.9824856600248302 2.298429229524611 4.619762709537905 1 -3.960286131969103 0.18775071512676744 0.016505275356786062 -0.007526764767697517 -3.6477234948865194 -0.9234190896779035 -0.0028335195699222167 -0.022783363428397256 -1.01387720953901 1.8781178965348428 -0.004314832821426494 -0.015009131431093909 -0.5037327629651043 0.8697270098884493 -0.0068868477442939335 -0.018107473351153903 1.4132178419142347 2.8218615682590924 -0.036368772562193105 -0.0029921977847047164 2.0409356764823867 1.9109091200435557 -0.006156299731422909 -0.025344909606568527
1.9908824367255689 2.325920968956686 4.628403210880817 1 -3.9500812678913335 0.1321399299240058 0.014459398719872672 -0.014897847988897879 -3.6923670019990693 -1.0628006395959115 0.0036858652326812492 -0.01822111291417256 -1.0782011587186098 1.7458758287424425 0.011357545671845333 -0.021389662524044235 -0.6025173653424534 0.7162546987373943 0.006332613167293897 -0.023568379934668874 1.2812744270813408 2.7411641070356927 -0.003053686297744343 -0.0048784360593962794 1.9493911582812693 1.8621898994013866 -0.006034831418619491 0.00499888235943503
2.0161964438772584 2.3509055945050785 4.619900112451743 1 -3.9450225159158854 0.05425501276368783 0.014799761934600928 -0.02168271597241924 -3.698348104165597 -1.159887512907647 0.009061104460351826 -0.0030636222932537904 -1.0883844572432215 1.6052061111507485 0.01874501153988937 -0.02249934384872263 -0.6135531756532004 0.5570159937494907 0.022415277040954862 -0.01694859354029111 1.183799961743584 2.6710207362051537 -0.042895285671039285 -0.04571814454586859 1.8704460704197947 1.7985422441327321 -0.04572080428914392 -0.024830969521150895
2.200187763105615 2.471329635232619 4.538406475797877 1 -3.8942770552935784 -0.19543748203712286 0.037202743986248635 -0.07904684810338337 -3.6447293966127017 -1.3451070620813077 0.009557436026103573 -0.03442329028345732 -1.0537241793768528 1.5032272011960504 0.003076080741125191 -0.025507333555801984 -0.5610696679175367 0.4729066239736168 -0.008503965208747893 -0.007725338064286987 1.3509213712995969 2.5830463701175037 0.07140958113005069 -0.0020277024688549264 1.9556910954165172 1.7581412343898544 0.06785438465013519 0.005514671367105525
2.278964218042539 2.550866559575879 4.4653548884730405 1 -3.7925599450890113 -0.6306106893602523 -0.003747218097022746 -0.09555044071098974 -3.8143102074721598 -1.6165111672895813 -0.06185742960210005 -0.05502629679699631 -0.8673891722911184 1.5101150370492444 0.04805469616878755 0.02368777041909232 -0.48421022905545374 0.5459806571132049 0.025353304681977457 0.023236815387720888 1.7843401736679763 2.5981347904737118 0.08778024538480886 0.028547274106605455 2.4248176021056382 1.956066324986515 0.12759976756445576 0.051278012774937
2.348825359137768 2.6468615040089083 4.198602162562308 1 -3.8597893368150826 -1.0451591400501992 -0.021465046273464027 -0.056707576534700745 -4.061419826776538 -1.8780119174276737 -0.03735758793760325 -0.05794780687168423 -0.6120302810742442 1.6024804619349733 0.05946498909098779 -0.0154355690078971 -0.33754068416957406 0.7515980573115724 0.030527470201094205 0.07535135939769347 2.2429563546496594 2.744174060511959 0.08342738482647566 0.013384709492191837 2.9530333078285 2.2487231882107843 0.06735178258648372 0.052534453004945254
2.4388138887643427 2.7166616642402657 4.046119677955863 1 -3.9504285525620872 -1.241776000263327 0.012041151720197958 -0.034745007844970754 -4.168316226821248 -2.018280644378499 -0.003442213569626349 0.011589474578068724 -0.3921766106522391 1.6749883586714582 0.05264992040507427 -0.03414802496626306 -0.13585953768683012 0.9159263237291777 0.03161988789791851 0.05477796242931246 2.583897669921246 2.9335451528838017 0.0851446619856299 0.017730766619926102 3.299191110062263 2.47619736871915 0.01202959293104627 0.0684566113183585
2.477604450929826 2.802681317236851 4.192231516545941 1 -3.7854189988411004 -0.931779274653356 0.07772670721176413 0.08024744723277827 -4.152693369928237 -1.7882915117536988 0.015742777095032266 0.08360082076794956 -0.22062061399982902 1.5493602224774556 0.02437771583697477 -0.021314020846148064 0.14313338887301796 0.8545443756196025 0.07561814527503773 -0.05794670088623927 2.613332546801394 3.116322944397517 -0.031689456480795644 0.002484687754686842 3.4083817072309097 2.67770618734373 -0.011528359347344539 0.022077983426232753
2.5965856780425094 3.0404854449900034 4.45931426248069 -1 -3.5383395715033887 -0.48855880548452224 0.029604731627795967 0.08129271755438902 -4.026200281202808 -1.4504017577370405 0.053617703886467166 0.06275952224793559 -0.04364552722589643 1.3195979425414985 0.04397376496751232 -0.05072856355738715 0.4404757624332545 0.6466402138784495 0.04234809543404923 -0.026293916241889745 2.4137846179410367 3.14183305819805 -0.03890544406698885 -0.014340876145890975 3.3390107146955676 2.6325082567389817 -0.04141599440029799 -0.0500889013360766
2.5510794439413824 2.9386989605595515 4.4958450773338505 1 -3.537346889436419 -0.10391379769878517 -0.017594600149339994 0.07957417056361617 -3.731173734069574 -1.0713645729968144 0.05289585132317095 0.06645845956324693 0.056751253676083024 1.1959841716178552 0.0023385324824874917 -0.010763651020539534 0.6436138993697229 0.43730091325446474 0.03146641763538091 -0.0420087170682187 2.256567627332557 3.0946996846704966 -0.04535643729231589 -0.039613051492295256 3.054961715679436 2.335739990670776 -0.0858851223603397 -0.07839020076192627
2.1415507437748422 2.531606047923768 4.36694315082028 1 -3.610027573525473 0.14931892707061545 -0.01803637927948515 0.04999115209623468 -3.5447059282150506 -0.7207279245731646 0.0196789414517199 0.0277865860773393 0.010805275299470729 1.1338497900929614 -0.03254132301298053 -0.006189746770400271 0.6914524161758013 0.28415821193368473 -0.0017160219170258457 -0.03478494454019089 2.038094794381524 2.938487043903444 -0.06182917854729732 -0.04686173139638772 2.710860776229569 2.0208101589653773 -0.06693941585229607 -0.0639050597463149
1.9024203702952458 2.2453524118115884 4.23130385804212 1 -3.6552870178770833 0.22611067099742166 -0.0006304962019980896 -0.013101421260968889 -3.538751035064471 -0.6256028731999057 -0.013995695898351066 0.005212191288651073 -0.1486131169573035 1.0749560496701847 -0.04703348400407556 -0.023856874278909243 0.5716573452190898 0.16210763195529831 -0.055294796432610364 -0.03132827162212169 1.796786088367094 2.7391895507943813 -0.021313874115214137 -0.01890931457950189 2.5056880189434834 1.8338446650339577 -0.0024539218177705062 -0.003640040610951162
1.8888203509411985 2.2235935208987696 4.102770447819225 1 -3.7045159955009126 0.17637180867967417 -0.0122218534887692 -0.028073870120745307 -3.634953737183321 -0.7883890070531586 -0.023978787822527308 -0.031843336619690264 -0.2983797365843337 1.0193630732223617 -0.04070472828589069 -0.022532460766360035 0.27714756620522696 0.0335911590821254 -0.08790070219726198 -0.03125716274420668 1.6197385628581022 2.551099694692116 -0.01949474161088104 -0.029416179789593825 2.413244913244215 1.737736247170616 -0.0053822903812362315 -0.018372172646797122
1.9582327568183806 2.319508352525141 4.055300387684859 1 -3.8270093838195187 0.0897177692048774 -0.039825242462968424 -0.015978871958260213 -3.7221562146278693 -1.0329211735670292 -0.01920895398522615 -0.048966149020062195 -0.41531869622256945 0.9698674567427314 -0.02730550505998982 -0.023735263417137626 -0.0863159364099717 -0.07409932684958487 -0.0762471444717708 -0.00315711653647871 1.5617932410992017 2.3439072487964134 0.01263553653592906 -0.05179321207680311 2.351873805173118 1.5775313620714786 -0.017364599007106067 -0.022670949739519542
2.099495946228437 2.446071381014401 4.0149765534643205 1 -3.918601957675511 0.01075530824051385 -0.009520735825559882 -0.010930164133448293 -3.733499331692749 -1.2198765915752061 -0.0009783245195136006 -0.030642239504431464 -0.5871134634777087 0.9273896686381011 -0.025727096684792942 -0.0005988503405933996 -0.3505683347307542 -0.13427046826521571 -0.021991659074400177 -0.0047419576613155386 1.5503798448465567 2.115579867359509 0.010283812756919046 -0.05409244575881136 2.314415197798981 1.3679750291913044 -0.020367509933684788 -0.021094800604201252
2.227066716227799 2.569855127420285 3.890203098449776 1 -3.912033908152937 -0.055912371003512096 -0.016968081395119818 -0.02092744653273364 -3.7512966478609098 -1.307623723026247 -0.018551899429097428 -0.009435654823238831 -0.7781481581766627 0.9240207795998621 -0.016998795714529925 0.008611042450319325 -0.4561016306147021 -0.1462984344058903 0.0026570846239141223 0.005801490071851164 1.4873419218769817 1.9071063693018329 -0.008150476556653097 -0.042859395584509755 2.2651820763125707 1.1842218822113582 -0.021935708159631508 -0.019112807639842463
2.2737405296483746 2.6416859626266795 3.8073352491844856 1 -3.8525784653545916 -0.11508252254468887 0.007028775417967897 -0.0038121409839194983 -3.8127333370836025 -1.3483894269931243 -0.01852601841711602 -0.013220298803792104 -0.8578710233466973 0.9597957689755416 -0.01529359896291977 0.002539545107657415 -0.486701035472354 -0.1376602580677001 -0.01812645323348347 -0.00489554520680344 1.3925810075107954 1.7662377165866165 -0.001020942336310583 -0.027650035692356512 2.200547768844756 1.0345215662963843 -0.02740741297486786 -0.006919178517055279
2.3213023604596086 2.645195413290207 3.749167177916665 1 -3.800573067520658 -0.16262321982135275 0.0022933416762009953 -0.004010198483024748 -3.8635171190939515 -1.3682156672412897 -0.013102067475191761 -0.007435998261867216 -0.82796144015773 0.9714095918363679 0.02743995624646715 -0.002061471163623029 -0.4862671803936145 -0.1570336197172173 0.025391450159150317 9.706740020588682e-05 1.3430356828280097 1.6841904715318226 0.010527823529626543 0.0021353264467373345 2.1553178828912305 0.9255290628667403 0.00542493378187622 -0.013554775827124471
2.3012544460972206 2.627979108557408 3.7162724264248825 1 -3.775658831855383 -0.20307353460666921 0.013440600128969242 -0.012518567135240894 -3.8843829512791332 -1.3854918800291731 0.007715830041242251 -0.0025391152164540554 -0.8198375005177905 0.8859281832213817 0.016094067411299862 -0.019166616976761114 -0.44353198521475434 -0.2295495942803336 0.03455529748053 -0.0132303521911367 1.3582947061442088 1.6553210086404824 -0.016645144351467217 -0.020861653988747977 2.1449870181232926 0.8748207948667097 -0.007422731069150388 -0.00934189471999506
2.2515200278101815 2.6230418511261315 3.7394076972303067 1 -3.771757605879395 -0.25353557929382375 0.005162730302598293 -0.013408173819743869 -3.901933494390314 -1.421200858374442 -0.00265428580409797 -0.007587311094184563 -0.817831537580417 0.723830009911633 0.008809857571237381 -0.02482256160491262 -0.3667803071185425 -0.3444685479041846 0.025803264057465927 -0.03065850373357437 1.3414961135957082 1.6515316169153014 -0.020577402081143926 -0.02014218139611785 2.1873054268755663 0.9384713266503144 -0.0050161585960981 0.006035164202295882
2.2660532405163423 2.672835357470147 3.7988925881008018 1 -3.7554713732432985 -0.3188381896051722 -0.0005114321658085466 -0.01423091768288324 -3.947865297946052 -1.4675154041191716 -0.015639654161298595 -0.00658486120383371 -0.7605536608397019 0.5486877668671846 0.007962788199297379 -0.03929919907458668 -0.28870559735024237 -0.4825340958550819 0.004906996625505884 -0.0321017549301379 1.3278782591458045 1.6889995984031243 -0.005890355987595382 0.004007474292781302 2.222409201342213 1.040421853920372 0.0014757776099122918 0.012245263245099836
2.331367063148985 2.7212879915248323 3.837511502019715 1 -3.7189099687228504 -0.3839811461289623 -0.005699117751731715 -0.004759990526392397 -4.012244858630918 -1.4987313593724636 -0.022390604765424513 -0.004243309106355873 -0.6589395742242927 0.38842517987395664 0.013120494839618677 -0.04041022887333813 -0.20746502155152768 -0.6221057919719184 0.005193652100087511 -0.02526127531489936 1.3458361666780414 1.7486553173600319 0.015441428630278359 0.004682776725354516 2.237665080164258 1.114671025342509 -0.009874229325970773 0.020613597207112686
2.3134556597975133 2.699482057021509 3.823328696214712 1 -3.684183002481328 -0.424455571455166 0.016159428666389235 -0.011253733402254546 -4.042136933371242 -1.5011239287429794 0.009418042745713853 0.0035062824533188468 -0.5653264505337194 0.24866582864198694 0.03268454029445152 -0.018443762644524672 -0.1048209655266934 -0.7389632897219558 0.036840616598024636 -0.010974307686836889 1.3610888967506796 1.7819935538792078 -0.015447286459836434 -0.01468639631824409 2.2471659451085797 1.152379032226905 -0.005489790841749976 -0.009776690602354523
2.4517147942932724 2.761111466365246 3.709649581202348 1 -3.7578526874619014 -0.5632509660265546 -0.004450673619210971 -0.031544872109069436 -3.9968144898971616 -1.6160109731246672 0.006085737019651569 -0.052366560547270825 -0.4814719917639323 0.04082852317232932 0.04247026240661658 -0.045756362308952095 0.04756395433733562 -0.8689111639352849 0.0448057721118208 -0.019357396376554863 1.5596150538487619 1.775859011056546 0.07516031860461586 0.020230756904305813 2.360416329752801 1.2154004300855656 0.051552252182072364 0.042315067367857354
2.5311383871724433 2.7802012788603285 3.556370096582647 1 -3.761995118880928 -0.8413842793973979 -0.0075636383802169735 -0.05884382328067522 -4.115790187614469 -1.7126725229411748 -0.05686402964983613 -0.0014763849930944182 -0.2640816093922842 -0.18934842424701925 0.06828757892351561 -0.05098100728873733 0.2251492735512155 -1.0100303399998158 0.03154020052041983 -0.004766817175190587 1.8982397692048334 1.9059612354246025 0.08700804572542552 0.03308747155291588 2.6561617460795492 1.527975260901588 0.03390516724637116 0.0984269557451676
2.5504307544776226 2.8365048514830593 3.4754931675625027 1 -3.788094979278508 -1.1018376889468455 -0.012778525515093996 -0.03743739746372305 -4.343014068004239 -1.7518106942847784 -0.026965017477976125 -0.021580583727037674 0.04805812696499867 -0.3304927357843026 0.051925145967731186 -0.0028520000079804778 0.49751372487385837 -1.0604515756750699 0.08032844097036045 -0.01486825134095926 2.1407908706637517 2.1400790269126113 0.06438299082916302 0.04334583977049874 2.926205042798978 1.9077438356132306 0.010084524182133459 0.07172492902353214
2.6060497221903023 2.9037681175527545 3.28728699750947 1 -3.891896492033716 -1.2119667508164282 -0.009091137242816735 -0.0072846387319581984 -4.36023185126237 -1.8699562748828529 0.00907953219651736 -0.029794140503822376 0.3064362062555164 -0.40610163296471347 0.04148045085903155 -0.000403209643413005 0.8064310795801237 -1.0153204081850504 0.05686787931372643 0.006801980557156424 2.275082893002092 2.359913832970412 0.06181933065124132 0.03312696600906384 3.0810142980257655 2.128939377827062 -0.022934563036070013 0.05328831113728681
2.5983315136200895 2.8865283730329674 3.188323161681708 1 -3.8799913638907557 -1.2530128839275079 0.0020153154393593962 -0.018200131662053753 -4.258608996652924 -1.8985355791389629 0.03846116205803124 0.03467832420646369 0.4889712572244509 -0.398027169012112 0.04156828412052836 -0.003434654293234878 0.9838019678242249 -0.9752664278313918 0.011367286841909702 0.019980296160106884 2.3386350133462788 2.4656069150758118 0.019614735151620415 0.008086439152151095 3.150840163727854 2.280722469543947 -0.00509213033413319 0.023881480471738117
2.6040023123895 2.885559282563235 3.156472004819161 1 -3.7716570093443162 -1.180626694181931 0.02067610370783458 0.02777667653064518 -4.1516524388097285 -1.7800383622366662 0.028099432833587228 0.0353218725534344 0.5882672603068473 -0.35277520774139404 0.019905110493649403 -0.00418888668109073 1.0705370593462407 -0.9643657512486454 0.005677349001316197 0.015148513101326548 2.369589017641598 2.5162304230604886 0.01568258360541232 0.0036890786074815895 3.1762214034052345 2.315956897692031 -0.012448469891058321 -0.004016053579847804
2.5749900701441257 2.8583578404581043 3.149702821595367 1 -3.6592480304056743 -1.0043902182847972 0.015253374823983718 0.026168868328290445 -4.017954002909507 -1.6328883985898455 0.03479728808691812 0.035619360130995176 0.6054535006946997 -0.34940272109586623 0.00602001213826729 -0.01048767141375957 1.1400187031827134 -0.9494330538449204 0.0022051507319131337 0.010749566056708534 2.369453918956318 2.5077616583662237 0.005254023118516471 -0.016423138804260648 3.1688292210418014 2.257576166752703 -0.014618212456467647 -0.010684328195424489
2.5041735216752388 2.7962880899350595 3.1510301856332954 1 -3.5940813057896177 -0.8469839744613037 0.0064381990672239126 0.020370504933932984 -3.8996283065241673 -1.5114156477693996 0.021659577841962527 0.028079527965159667 0.5984925887912285 -0.35967555809627527 0.0047207420130071995 -0.007301446963140961 1.1547123149833798 -0.9715483352623111 -0.010273340582616086 -0.003248651568127335 2.3351872971296084 2.4202796247111666 0.0012205730017896058 -0.02169771972357509 3.1509911724388298 2.179379234321879 -0.015062452503726623 -0.01957065258819838
2.450780193782923 2.8021632568631634 3.190188536396235 1 -3.568578216773231 -0.6457749802640108 0.006439443752714635 0.035905481396226645 -3.6920882738276712 -1.495233715064797 0.07207261744438151 0.010540041246696406 0.7261113258006624 -0.1726996835143979 0.004370698431996922 0.057899976001948676 0.8461377851747205 -1.1533343368073363 -0.06544377297455767 -0.0490394718292017 2.2150445777583094 2.317409532995238 -0.03283476385174003 -0.021257359619033772 3.0821614616818014 2.0197226717704666 -0.01581459841812773 -0.036081694776181575
2.5211277668146117 2.9523387991793997 3.256481645932923 1 -3.536375860423791 -0.3769347844859121 -0.0060126081515121796 0.054983494734360705 -3.4741447408953574 -1.355948636813309 0.00972367797467969 0.05227763665791837 0.661757416503499 -0.04309901161490126 -0.05928441702612192 0.03104781801817731 0.5243477813645692 -1.1572993757109025 -0.03575654975029778 -0.005350776532596168 2.01965677666717 2.052064073887838 -0.03938163130684227 -0.05804310714697721 2.9908235793540774 1.63215550100815 -0.002844295206509634 -0.10572870652612573
2.5159383751029702 2.927793176106687 3.2136561401661714 1 -3.6265841906200134 -0.14242843039734587 -0.024022892130930115 0.04903972169856661 -3.546141363627443 -1.0852735589174645 -0.03148027109855731 0.040494909127911156 0.32644139753767387 0.014609539766587964 -0.08990393268238522 0.011761381062502265 0.3408988715537191 -1.0749967161964449 -0.024223801297364875 -0.0006991393128493104 1.935171451428447 1.6753377102265703 -0.029779301257963596 -0.0765454352978346 2.8865680080608263 1.1428300465671892 -0.006129630491559359 -0.10703221242268987
2.3316557230051305 2.7756228455220615 3.0671107625117227 1 -3.753117241750763 0.07958288050649598 -0.02870210440703254 0.05114724336032418 -3.6879555027451674 -0.9317377492206647 -0.022148942381800124 0.014696162809940128 0.014945922204425699 0.068918530177557 -0.06371998654958659 0.009134680702385007 0.08430228351664937 -1.0229077171121355 -0.09283495249987854 0.012809692895699946 1.8218299792199018 1.2813183497166434 -0.0397790024769759 -0.06760405563525604 2.769639264410748 0.7084540711686551 -0.014040459450770027 -0.08860699963123236
2.295635462836475 2.713477930302504 3.014067624024654 1 -3.9094185324585 0.2839341157217903 -0.028413249346388107 0.03757367943311884 -3.7324403223957976 -0.8392283794275502 0.009456012643805543 0.02136394446428691 -0.13174336512719442 0.13321108264627157 -0.03196530296243756 0.015055848332489038 -0.36687641644954727 -0.9218627959681169 -0.10355045852415844 0.01655413063182196 1.6966835384285215 0.9798993357134125 -0.029648157164346527 -0.05217723679625225 2.6152912116314235 0.35212168589124526 -0.026001470033409385 -0.08101701255788349
2.3400574819509683 2.688853368658471 2.8848427453555954 1 -4.098856219227636 0.4461037381919155 -0.01985631845778915 0.02796948490702986 -3.730964355392311 -0.7172906470860008 0.0031933763386874335 0.039158417931428664 -0.24325919254609385 0.14212021803171715 -0.008275734549228468 -0.009504400205177288 -0.7631787913203434 -0.8350438348816946 -0.03877848590434787 0.0013823530853803185 1.6347238103610522 0.7311031749513137 -0.0005059104362364238 -0.04098623373270171 2.4489504277560012 0.028672797083974633 -0.023265192552265234 -0.048911045392366556
2.224291774047311 2.5846463961276 2.7967269737841365 1 -4.248872306732055 0.5786639747896121 -0.018012910006675414 0.019314064345226166 -3.7640503832787586 -0.5431789622494143 0.00786653017787613 0.04442482111519377 -0.41049913528518456 0.1328289726917189 -0.03916751540870522 0.005356289150657233 -0.9732061811623214 -0.8337959616738206 -0.03921913083772177 -0.0018432425151985524 1.5446088155353683 0.4654998129973136 -0.006881993358876501 -0.04174263197783669 2.309289100184386 -0.2614754763533428 -0.01972049610469089 -0.0391578381645398
2.1051357425909956 2.4615307658027814 2.7605203328598704 1 -4.382151972338891 0.6395283952529145 -0.015907346075982924 0.012308883513562827 -3.779620183703458 -0.37946007692270045 0.006358158902053244 0.03541275039396802 -0.5302983457332102 0.14037854646201775 -0.017325865771406494 0.012914138670029074 -1.0998006708481198 -0.8113123355402868 -0.035723720404051945 0.009222203631483333 1.4290198638177563 0.24439537728401373 -0.003076570186607147 -0.022323613424035486 2.1827148727200907 -0.499779300562712 -0.019406479339678748 -0.03141148072440477
2.0659928024869556 2.3455042768841152 2.76791806360827 1 -4.485228078865878 0.6712818199859438 -0.008436275821527645 0.008115755134003328 -3.806091121047405 -0.2539105093327213 0.0009678465004231279 0.0294109257257286 -0.5453590305816101 0.15067787989292225 -0.0033057359513264436 0.009419305034839306 -1.2359011669996574 -0.699409667152206 -0.04054366369394653 0.028931949948582246 1.3642511666410488 0.105276386690905 0.006375162367848984 -0.016201284933810525 2.049008116259949 -0.7139171128230684 -0.018357192255997117 -0.02950763315907918
1.9431359156687535 2.184263242233419 2.672003408956456 1 -4.554438462280036 0.6974484770280136 -0.006631183229731517 0.00954910867289084 -3.84499018378915 -0.16880339240387066 -0.0030618973343165268 0.018400226159803974 -0.5362571738778703 0.15220829837385352 -0.020367789005851213 0.013896537436509121 -1.3598532229598388 -0.5661810917943866 -0.035323597722106345 0.035314275203815554 1.3309497948843418 -0.024419726466553993 0.008648709179359212 -0.02280835299689404 1.9305322366673643 -0.911901588012422 -0.012445686894169344 -0.02593634461537311
1.7850060041854172 2.027764110316388 2.5835014769019664 1 -4.613611049103481 0.7094006208381729 -0.00880646991555856 0.004340953266473404 -3.873276398065533 -0.10072523518011667 0.0016749963577782478 0.01558111342614319 -0.5820572358759253 0.18399912714991662 -0.03111721665411995 0.024769370959491388 -1.4464082534719664 -0.4780344073940723 -0.02793425896285549 0.027835366443489794 1.2807267243038316 -0.16330365735150998 0.004996598588068751 -0.018120846419751153 1.8301366465122628 -1.071956069431684 -0.009978239700222036 -0.016968288395748547
1.723408506302969 1.9187749165707684 2.469970823734723 1 -4.675337982685207 0.7016950881932669 -0.006756647898679372 -0.0068831783423412216 -3.8854439440149617 -0.05762231681682717 -0.0066397187544292025 0.006603068946716029 -0.6414130358879833 0.2504808296849155 -0.027544303159105873 0.028413913213384982 -1.502583635528473 -0.41999679338585383 -0.02228972700467721 0.02557156793377273 1.2173090273906073 -0.26671379909258486 0.006101804726612009 -0.008533109763152826 1.7295741849492199 -1.189964679933425 -0.010704955462334936 -0.011180829667809505
1.5819791021835785 1.6400091172478148 2.451616317674103 1 -4.7195046015744175 0.6939161020014306 8.373829142580783e-05 -0.005305283911838529 -3.8917648472686417 -0.04252477702517543 -0.0037286822973777757 0.003303376151696437 -0.778859759880707 0.4430601252415598 -0.05313237328037549 0.04781207106497074 -1.413858702772055 -0.49172535529393613 0.006527325911767784 -0.0009615599282570553 1.1691618067138148 -0.2999909913717662 0.013037935472878064 0.010534050793667456 1.578142847188908 -1.3042143892457219 -0.02939997598324036 -0.014731534375940858
1.1137128818548723 1.165299889335096 2.4104765789597793 1 -4.738303420432853 0.701623408294421 0.011356284348548918 0.004047156951915079 -3.897761461387592 -0.06117573452674385 -0.00316167147610796 0.0044444604222930026 -0.8840337690289779 0.571839229788764 0.00550373086107136 0.007092257003874613 -1.378964650384043 -0.47876617943040645 0.0054186161068110065 0.010404922906612954 1.1287323531600801 -0.22856627842984711 -0.03240363000397864 0.020555964222222934 1.3386389343408371 -1.3586513183396551 -0.058975616315350685 0.01213389381602948
0.7330191940159136 0.7205350444891249 2.165646020542147 1 -4.756584489923174 0.7547571624540288 -0.002666662825553341 0.012520395880780499 -3.936870938109698 -0.10494098634228877 -0.003960528267614047 0.001093247891533207 -0.8956443105189402 0.6389721015434455 -0.018787203668704573 0.02355200440499004 -1.4772190958215337 -0.3921312852909322 -0.03563853082978895 0.024503522525664935 1.127653927747022 -0.03983614385231227 0.01651075271951439 0.05029987733651619 1.2106713735850283 -1.184918880929985 -0.002113516227876387 0.03689015117791857
0.5011080177094253 0.40866503574770396 1.9753560383584172 1 -4.796792202941802 0.7846187857547615 -0.02112257811307454 -0.011309552968183378 -3.9719976543490425 -0.09676222225388631 -0.02080855190158203 -0.004844579273254254 -0.9491390870045255 0.7296425339826806 -0.03242592167290158 0.025971903350357487 -1.524566855958529 -0.3149947607305792 -0.013617898402605026 0.021250139811354186 1.2183087704157085 0.15135559080354088 0.04579093451673478 0.026394245429590645 1.1872394787626304 -0.9829569486355848 0.020939901518300306 0.03300783063328772
0.32007173119190857 0.18054158414673505 1.5292652326535483 1 -4.996985344071612 0.7194499264018319 -0.043270737482802184 -0.023962295425650378 -4.109702324429012 0.1818489977259532 -0.054811791439235105 0.07859759552864605 -1.015417097192831 0.7737509215344704 -0.027246331719378798 0.003496318003135207 -1.5178221717424205 -0.20310289100854928 -0.02268777628989582 0.037849789264282195 1.403667143168697 0.19887740111714347 0.09414360914498904 -0.014345668936984735 1.3787552713810767 -0.8257750413517684 0.09852056586831257 0.03671689642928945
0.28777058516868553 0.0711513573605204 1.109179140898276 1 -5.272523820554139 0.6591669322842051 -0.05030917471421688 0.0005929172205581586 -4.394661998531353 0.4215651906270268 -0.049998639454898984 0.024164823372838026 -1.0186641634692126 0.7341808855627552 0.007468906733803327 0.005037421756444359 -1.5528368393653094 -0.05276505940733234 -0.004192673277710286 0.022503033285243775 1.8607421759409277 0.17339240020614866 0.10379365481093589 -0.002380970318182421 1.7268898308525662 -0.7359787997490836 0.06759714381443997 -0.002998075875343592
0.28113164306616895 0.022688778013540592 0.7733749080288367 1 -5.410047289858723 0.6583327886529373 0.011725701669002914 -0.0065962376683912525 -4.569322258081261 0.4575894233088309 -0.023333287565980028 0.005105054479941509 -1.0074211424426323 0.8285144679519558 -0.0009237929082438054 0.017415576437484766 -1.4469124882001267 0.1010084591428333 0.05491477693022738 0.04983935781707258 2.2540328849342135 0.089976646565876 0.044181004106826925 -0.046841612673689345 2.019766419839466 -0.7492905086515613 0.051526213056686296 0.01834286764386637
0.27693914997204394 0.09111403205206504 0.5735242387410656 1 -5.419908601304969 0.6195780051709825 0.031979796479996006 -0.013156127010789383 -4.539776920085132 0.43949171079134364 0.0021551668947301685 0.004778780313516837 -0.9388736665976274 1.046963713081686 0.020161940301130915 0.03337876471033657 -1.2437393524228177 0.27993713226515515 0.04035091935245598 0.04474982556291686 2.436587765452689 0.016814892341551424 0.022538503549202105 -0.023449393659526276 2.192598781654919 -0.7974063336847433 0.013205700635527135 0.0053619251385502685
0.2851790275551794 0.13606854752867267 0.32417529182103716 1 -5.454439730384709 0.6486336783032247 0.008760257755278965 0.01994194841747899 -4.568924979394132 0.41545605429791665 -0.027724641077800146 0.008202420509499401 -0.7849935301057402 1.2002758812025465 0.02911797033147798 0.014772656631541217 -1.1230948827265128 0.44422367953235153 0.021470753516863634 0.03332952633872878 2.5398299523031502 -0.008478343715348613 0.012677760758736119 -0.017254072884763244 2.2317681342082603 -0.7939368924193059 0.014690730948828746 0.014068816502761435
0.35921547281690674 0.11387496629861893 0.18324752671752606 1 -5.452155953488271 0.7434843895451966 0.022824360179540384 0.004328781041758708 -4.651839286596747 0.45875913275117686 -0.02181059591132843 0.0018247068918710897 -0.6705540579316311 1.295104399226667 0.010000171651609966 0.00611615830038135 -1.0165307309712732 0.5313774953968895 0.030053193215772833 0.01767825012785297 2.6318400444413417 -0.0557964334023221 0.01414100945247105 -0.026907612922358347 2.294074765241616 -0.8065259967117062 0.017078945234516488 0.004644668087043828
0.4337051482203889 0.0844849287594342 0.1141427673838149 1 -5.367790048354776 0.7561483422997779 0.021919122217160004 -0.0014707967150229123 -4.627594031771747 0.4925109235473122 0.018036235934728424 0.0014807471833144193 -0.5984617411026738 1.34371097306179 0.017500887191885563 -0.004592927014494746 -0.8893712416472375 0.5600463495755748 0.02515004727207568 0.012528693834300653 2.7335888127377155 -0.13207469252478143 0.011085441974065217 -0.026383857346517298 2.348205333361169 -0.8580745937502239 0.01692840068446972 -0.00043430620759794814
10.539644 2.7807822 5.7728767 2.8707523 5.710008 9.466105 -0.1863485 2.3305557 5.351037 1.8244944 9.515029 -0.24793696 3.6557145 1.7376481 2.5788226 6.7783856
10.498194 2.8801117 5.6576586 2.8919592 5.894137 9.726986 -0.23369706 2.4573863 5.392419 1.8283656 9.3272915 -0.25052595 3.6354685 1.7458763 2.5923407 6.7751813
10.489636 2.8841355 5.6487393 2.8947477 5.8765473 9.712048 -0.21790189 2.4485118 5.395215 1.8320814 9.338933 -0.24954557 3.6425025 1.7476695 2.5938218 6.771922
10.552625 2.840356 5.6810126 2.9125352 5.765745 9.641199 -0.061871886 2.6296484 5.386309 1.841476 9.379899 -0.23474097 3.6660316 1.7584443 2.6043007 6.7624836
10.913618 1.8846676 5.5225444 2.9513688 4.4366407 8.676047 1.5245664 3.676756 5.223984 1.8584667 9.819235 -0.0100598335 3.9322948 1.818126 2.6387758 6.569955
10.837809 1.4315305 5.0518093 2.991294 3.8774588 8.574008 2.449597 4.3372793 5.2317305 1.8664967 9.455459 0.14060259 4.0668764 1.8652644 2.6879256 6.379757
11.226608 1.3214486 5.8702464 3.0964968 4.221326 8.6614685 2.113762 4.9067755 5.107329 1.8954663 9.223467 0.14315045 3.8067315 1.8989048 2.7438567 6.569127
9.111607 0.4140625 1.1805642 2.814003 1.9466624 8.443242 5.325821 2.537359 6.136135 1.8157431 9.076537 0.9302336 4.719549 1.9369833 2.6897001 6.019065
8.024237 2.3883712 1.2110463 2.470464 2.19371 7.4735613 3.7681763 0.6522279 5.8392115 1.7311347 10.549311 0.43962264 5.20954 1.7061329 2.3618782 5.697731
11.013585 4.825031 1.2644925 3.559421 3.196694 6.4465427 6.736679 2.3808467 3.1526098 1.8434646 6.4410005 3.6088276 2.4629245 1.8919165 3.0482275 5.1933384
5.5297003 6.172035 2.6298559 3.647287 2.6664033 6.527784 7.4437275 3.331411 3.084612 1.8777548 7.775133 3.8968825 2.4668517 1.8857324 3.1251287 5.4600515
0.2547617 7.92609 4.9044137 3.7841518 1.6562653 5.6100216 7.7362485 4.243906 2.4309044 2.012541 6.139743 4.5605984 2.4605641 1.959982 3.2050471 5.839057
9.634049 5.03943 1.7016344 3.6088648 3.076915 6.17121 6.362222 2.734473 3.2553072 1.8212883 6.5615873 3.608324 2.2834516 1.8710191 3.0794795 5.0512886
10.312384 3.8536568 1.2715875 3.6581216 3.2010145 3.3647842 0.6514271 3.134993 4.497208 1.4661312 7.038718 2.3961906 1.1247183 1.5828776 3.0269237 2.962748
10.213095 4.3215427 0.5814744 3.1515288 2.1131117 6.213602 3.3464746 2.1879292 2.729083 1.7550881 9.708488 1.5343984 3.3239205 1.4928534 2.8557959 3.2905493
10.864455 3.7719793 0.7348281 3.0953717 1.7277598 6.037749 3.1005824 1.969075 2.8125641 1.8026279 7.9381948 1.4708132 3.5208833 1.5523696 2.8406792 3.3769069
11.119362 2.6178646 0.7855469 2.9619732 1.1602044 6.208606 2.7307782 1.7407539 3.328443 1.8401365 6.5765333 1.0874314 3.9318738 1.6133865 2.809145 3.519857
10.284046 0.6661749 0.5841 2.8846092 1.0715785 6.789672 3.272667 1.1125935 4.57551 1.9090655 7.868362 1.3118261 4.295167 1.8236825 2.7105205 5.0892897
10.005259 0.603806 0.6523243 2.8393583 1.1286621 6.7720737 3.3152053 1.0757626 4.7146025 1.9107156 8.324324 1.2874975 4.452095 1.8390961 2.6470344 5.3322086
9.591034 2.0988002 0.7032323 2.7603827 1.6278343 6.900211 3.4241686 0.97310376 4.6278534 1.8081801 8.824706 1.0002996 4.457767 1.6965063 2.606209 4.788787
9.444977 2.018273 0.37877035 2.70912 1.5949521 7.2015305 3.006662 0.5457058 4.7127347 1.7564313 9.130813 0.6905892 4.3590784 1.606459 2.645865 4.333426
10.1211405 3.0837746 0.8394376 2.828076 1.4714098 6.879586 3.1708379 1.8212456 3.862142 1.7484586 7.205133 0.60279214 4.180502 1.5408063 2.7702875 3.3464837
10.56867 2.805396 1.0159206 2.8913236 1.2300148 6.6566744 3.226634 2.2343044 3.666922 1.7994367 6.1958094 0.7396028 4.177518 1.6009946 2.8070018 3.383791
10.669753 4.331222 1.1850536 3.0823336 1.8584821 6.5235286 4.0340624 2.7376761 3.0340548 1.7591133 6.085892 1.2514727 3.6225653 1.5577264 2.9111848 3.0579696
10.537583 5.0994725 1.2558736 3.1956356 2.365196 6.7609706 4.835368 3.0567126 2.867676 1.7188795 6.3011374 1.5799905 3.2552075 1.5418106 2.984621 2.979383
9.458487 4.00997 0.6569338 2.9828892 2.3878574 7.0863585 4.1429176 1.5802962 3.7971907 1.7031049 9.0974865 1.3135295 3.624682 1.5416892 2.801373 3.78048
8.615898 5.0774636 0.5949656 2.864954 2.7451162 7.029404 3.8760781 0.7259371 3.9021707 1.6382184 10.321915 1.1754837 3.695169 1.4355624 2.696152 3.7266412
8.005461 6.027478 0.75068045 2.8146768 2.8684583 6.804577 3.5767298 0.5424192 3.655579 1.601535 10.791971 1.0504768 3.718017 1.3425914 2.6470778 3.4274426
4.8388133 7.68472 2.0506408 2.8879657 2.3834395 5.5908957 2.311358 1.6415733 2.1330574 1.6355692 12.1116905 1.0458033 3.641218 1.1831436 2.6140926 2.7383862
-1.8126521 8.101679 5.005542 3.2127728 1.6084447 5.4389305 2.218543 3.2786367 1.5691284 1.7716928 12.455307 1.6745658 3.0098088 1.2754309 2.8871975 3.4058895
-2.0551867 8.121111 4.72544 3.1885247 1.5105877 5.4343634 2.3364308 3.089192 1.6470755 1.7621629 12.504653 1.690623 3.069573 1.2699734 2.8789847 3.36381
-2.3541603 8.270524 4.213412 3.1400523 1.3431063 5.3866763 2.5370002 2.8268468 1.7463746 1.7465698 12.570623 1.6965513 3.220553 1.255603 2.851185 3.247723
-2.491869 9.620991 4.612307 3.1644216 2.0351841 5.735829 2.0551362 2.7488077 1.8244303 1.7749512 12.27854 1.6734676 3.2082412 1.2487211 2.8159962 3.4550471
-3.6459203 11.68862 3.8279781 3.2573242 3.4838822 7.6211696 2.1933074 3.5404022 2.1997962 1.7767525 10.56139 1.675423 3.2613182 1.2770361 2.8571894 3.3960018
-4.2778597 12.502498 3.4220598 3.3750787 4.458297 9.696981 2.3581996 4.4509516 2.4951026 1.7439977 9.134417 1.6904936 2.9311569 1.2969706 2.9321764 3.6258168
-4.3538346 11.815026 3.1007156 3.4163585 4.125432 10.037498 2.8216968 4.9122562 2.5025382 1.7300358 9.252014 1.7959303 2.8233435 1.318465 2.9633238 3.7277336
-4.513064 11.846909 2.7325878 3.3670406 4.0195417 10.236814 2.7139103 4.625823 2.520753 1.6986938 9.328941 1.7683599 2.8087647 1.2846283 2.9181 3.7702532
-2.485498 13.905489 6.978323 3.37475 4.931747 9.266119 0.24549145 6.296392 1.0814241 1.6873932 6.941746 0.8709047 2.307001 1.1605052 2.8569536 3.7197766
-2.9907389 14.416088 5.2611723 3.182129 4.1143637 9.744141 0.62871534 5.504268 0.955865 1.5793358 4.5308275 1.0838305 2.3742821 1.1044695 2.6994119 3.7557092
-2.4171624 14.543814 4.178568 2.9824061 2.771392 8.267221 1.7069726 4.018882 1.045299 1.5813184 3.7236369 1.2481451 3.1646957 1.0550493 2.5812087 3.018712
-1.131937 14.158682 4.7996187 3.0438712 2.1015801 5.652713 2.3075392 3.8424706 0.6945579 1.7795625 2.8146982 1.672642 3.83637 1.2143005 2.647556 2.4768786
-0.60536146 13.335558 5.475561 3.1760664 1.632401 4.883165 3.178896 5.510578 0.1913464 1.835739 2.8244648 1.8644401 3.901063 1.3055285 2.7193897 2.376727
-0.74318314 12.87983 5.7285995 3.3725774 1.8970625 6.0638103 3.7069025 7.6489124 -0.020390868 1.8359811 2.259079 1.8903339 3.5878837 1.363525 2.838078 2.4874215
-0.96644545 12.676193 4.147867 2.9395847 -0.17393112 7.5913486 3.943437 7.5037584 -0.61541617 1.4183726 2.1518435 1.1819115 3.2942963 0.9378089 2.4333303 2.4009595
-1.955277 13.106502 3.357624 2.9807034 1.2623806 9.222042 4.509614 7.1885605 0.27440143 1.4802877 2.166175 1.2347032 3.0461311 1.0506939 2.5755043 3.1348166
-1.9124346 12.064056 4.0444336 2.9622262 0.44262886 8.771328 5.9235945 8.086874 -0.33281124 1.4551914 2.9207964 1.0545597 2.889358 1.0037764 2.6055052 3.3213844
-2.6137857 11.11986 3.1069665 2.7286394 -0.4612689 10.160328 7.599379 8.181867 -0.38446927 1.3007699 2.6584926 0.69467926 2.558025 0.8858409 2.5190775 4.078992
-3.4216485 6.9060297 2.4057288 2.2595677 -1.2701263 11.891657 9.357487 6.917019 1.746017 1.3835206 2.1796308 -0.057580948 3.1328216 1.1307495 2.5206137 6.096339
-3.2408905 4.459256 2.570135 2.0333254 -1.7624545 11.813732 10.701503 5.8432894 2.3037891 1.4652798 2.3563685 -0.042734623 3.2527149 1.2690504 2.5587683 7.041331
0.039453983 -0.9098048 1.660568 1.5057471 0.7148323 13.3370495 9.590204 5.3623295 1.9780236 1.2443486 4.32953 0.7933203 2.8567421 1.3262124 2.1757305 6.815382
0.029117584 -4.419818 2.7638066 1.4656539 1.4008341 12.332041 14.857045 2.942915 1.1439785 1.4398243 6.54558 2.6796875 1.4336331 1.6467679 2.1879811 10.971746
-0.4004979 -3.88246 3.899672 1.1104102 0.101530075 10.937221 13.791993 2.2942405 -0.2243874 1.1272402 7.5273695 2.4628031 0.5440219 1.407195 1.6823659 12.619651
-0.14448977 -4.3876696 2.96514 0.2722211 -1.0060792 8.37528 12.508847 -5.009603 1.0856862 0.96117914 11.945154 2.7782526 0.4625038 1.2785668 1.3835498 13.484863
-0.34372854 -2.3939843 4.124432 0.69031 -1.6953268 7.303113 12.817446 -4.2517986 0.53419673 0.7743877 13.069014 2.8184865 -0.8221351 1.0183249 1.4772168 13.229143
0.93342996 2.5871892 8.6753235 1.8416806 -0.13896847 6.7729707 10.16039 1.1983663 1.2866046 0.84994817 13.672099 2.3596237 -2.9250586 0.9677291 2.0399485 12.717041
-2.160019 0.7053132 5.1009445 1.3647335 -2.0159278 6.666931 9.865755 -0.51313734 3.5518706 0.5425725 13.7434225 1.8392993 -2.492093 0.8983033 1.8136926 12.446617
-3.2026067 -1.4302907 3.8390682 1.0717387 -3.119461 7.4747043 10.234719 -1.5191898 5.0464764 0.53084576 13.345892 1.3793147 -1.7335091 0.9916245 1.7336295 12.907747
-3.0292144 -2.0215797 4.072727 1.049762 -3.2117505 7.5307684 9.98712 -1.5465941 5.295314 0.5593842 13.239212 1.2207618 -1.6129827 1.0235337 1.7407365 12.996353
-1.7886753 -2.6674004 6.007369 1.1834812 -2.4500766 7.7294602 8.7451 -0.8997812 5.1833153 0.66296303 13.005698 1.1058676 -2.0306835 1.117821 1.8491855 13.53274
-0.108652115 -3.547029 7.4474797 1.2427583 -1.872828 7.1233697 6.1594186 -0.8669944 4.7701864 0.7813953 13.989178 1.1994567 -2.0588167 1.1906044 1.8482641 14.111841
0
0
0
0
0
0
0
0
10
10
10
10
0
0
0
0
0
0
0
0
0
0
0
0
0
0
0
0
10
10
10
10
10
10
10
10
1
1
1
1
1
1
1
1
1
1
1
1
5
5
5
5
15
15
15
15
10
10
10
10
