55
1.8784223176119856 1.9239032919120211 6.013318551349164 1 -4.26 0.3899999999999999 0.0 0.0 -3.68 -0.42000000000000004 0.0 0.0 -1.0 2.7 0.0 0.0 -0.41999999999999993 1.8900000000000001 0.0 0.0 1.4500000000000002 4.44 0.0 0.0 2.0300000000000002 3.62 0.0 0.0
1.7789435772473725 2.0256195824138015 5.9907412589738085 1 -4.20024477535938 0.43614149832954574 0.03192559747415225 0.020447261837466094 -3.6914006234236942 -0.45095021165141413 0.003748783351644534 -0.013556442569731103 -1.0026288530412448 2.7006641913631735 0.0002784418404853115 -0.004481153360786671 -0.42062322341787706 1.8856686624729395 -0.0036846537127318375 0.0016595713502274168 1.386052660156163 4.3581050522363975 -0.026172708707327144 -0.035233321665527596 2.030806227450155 3.539262419756155 -0.007110330341326067 -0.032536582334037056
1.8422251226895492 2.2019833473647643 5.8466076713148505 1 -4.058479999784644 0.44744672651131845 0.024053706537577317 -0.011650132968881613 -3.684832422923495 -0.532921494696993 0.01021934179617012 -0.015137132080923491 -1.0549177082619208 2.6912621086457134 -0.016758265008678722 -0.006367384680869205 -0.4397057086620384 1.8411692033000846 -0.009914157284447063 -0.013993648255505775 1.2410245874636443 4.13664318439376 -0.020181529832515335 -0.05610011563625866 1.9640366933492226 3.267989309935862 -0.02288072350234199 -0.06582984496599627
1.983819709410058 2.293195196341873 5.585357358587275 1 -4.039714614861386 0.34788422771212657 -0.005694147616772999 -0.015113380110347244 -3.6585102121788 -0.5843241484432409 0.01244321107752484 -0.007209504431670987 -1.1654038238265447 2.647804999093796 -0.01865812169463738 -0.022635399614004525 -0.5200004272839389 1.7294647420739948 -0.030470926589600586 -0.019227244070334396 1.1777660814228774 3.8642194802330447 0.01314174743804631 -0.03485471901698421 1.8171041231201617 2.8988046028542698 -0.01892978757823155 -0.05740427801650369
1.9481181890091273 2.22113806083995 5.391679685764855 1 -4.127552904807479 0.2814621283426748 -0.0033713941924829703 -0.007393875464123532 -3.628339094419212 -0.627688241187474 0.011270433030265002 -0.000968116071130138 -1.2970600049856547 2.55010304584007 -0.039952078491937486 -0.035751288106570384 -0.677183031900535 1.578896803359457 -0.052045266010401436 -0.037328119409533816 1.1102120515773448 3.6132826025871863 0.008875323355810611 -0.041641235271503714 1.6421138986241886 2.571946726007683 -0.0037017979991216783 -0.03483151265635668
1.7591923247883907 2.0887557811127486 5.260737770980369 1 -4.189425609763506 0.2510297340569265 0.012874209997459123 -0.008295021228400435 -3.6300736387947894 -0.7348261683717308 -0.0023979866837926093 -0.012066104381859162 -1.4555544532795541 2.408270654187718 -0.007039547928073837 -0.023645736009939525 -0.8568932958699951 1.4242892363517776 -0.011572606549444352 -0.010841262843668696 1.0055732898356897 3.362038514680094 -0.02811094793895736 -0.07407082857095386 1.5329468431249644 2.344186628046428 -0.0424785393724004 -0.018804423114830056
1.7139537740045439 2.0480450354014224 5.130412478233564 1 -4.168277895379804 0.222241165982898 0.0018932360610727575 -0.013891391239183995 -3.674927442103069 -0.9061363578737777 -0.017526907278464336 -0.035944754138250615 -1.5888897090147633 2.256824759680275 -0.0054536796748328766 -0.037689845937933904 -0.9976763400346496 1.2621849343197384 -0.02135434358099969 -0.01934165882903456 0.8954105762964151 3.164378757633565 -0.046620510288854576 -0.04548937123049964 1.4543965910645644 2.181991862032116 -0.03711065725723617 -0.04866307974988152
1.8037778059418281 2.0727719351348637 4.998913667200766 1 -4.131780358035809 0.1394465111871781 0.020505896505816808 -0.022581953281189917 -3.6903941573454557 -1.0635240350845971 0.012490555058805627 -0.017203703686759005 -1.6210567439036114 2.129953383033735 0.01545077230702533 -0.015632053692658313 -1.0622391316832283 1.0971842284278885 0.010225075421980322 -0.023151741984655853 0.8482006354042548 3.0214856840882396 0.01356780626975684 -0.013054457211074904 1.382365802662238 2.0377359726941733 0.00433750960788775 -0.022494593586707086
1.799421137631481 2.0736703171220388 4.953468578311739 1 -4.105108205780215 0.031362437551114786 -0.0005033666901171005 -0.018111024914409163 -3.6659476687742307 -1.162403606945294 0.0015645400039841755 -0.01924593676382505 -1.5916074475287196 2.0217455161037576 -0.008466710151072542 -0.029720281425425436 -1.0519314659934889 0.9584652656370474 -0.010381609809039585 -0.03164620500988773 0.8409602454251441 2.912799577932825 0.0281537161755648 -0.007504477307528335 1.3534674218842335 1.9011794296800542 0.026320679992199003 -0.0058140873572674594
1.7902989332623669 2.1027683182230152 4.919511721062117 1 -4.0554611447929645 -0.03305529902855864 -0.010242173986557272 -0.01697000956317605 -3.671319869779256 -1.2017171528224848 -0.019326750981039767 -0.0065297370315747 -1.5394583633401688 1.9414987875932774 0.023727054937804085 -0.004905887337986817 -0.9694732152213903 0.8780740469021131 0.03639934386468392 -0.0044576400088487175 0.8305266392266342 2.821980751346528 -0.014631951880056317 -0.02940510534944757 1.4137254465982085 1.8309926852830354 0.0022507001860295264 -0.009855019577395364
1.8994924236707456 2.2131249409399314 4.851544917949557 1 -3.994747290585075 -0.04371557072853538 0.02188960638149732 -0.0014578878544276941 -3.7237652065235185 -1.2116486752152418 -0.00135937757642016 0.004143127414788312 -1.478273648640593 1.8668502580723816 0.0062764303997401676 -0.01948665836358069 -0.8735651448340906 0.8269549644730461 0.008639262595166368 -0.017917431802028493 0.8719282317146044 2.775544218464953 -0.005753991683671615 -0.02261334350013034 1.5278719523783932 1.8345720699216423 0.0036404476545310697 -0.006357484394352752
2.018165720315557 2.341448368979349 4.798848091445349 1 -3.950512948409381 -0.04445176549377161 0.01549653994192915 -0.002416378296713045 -3.772190811224865 -1.2184940726368396 0.00012925916596028117 0.0019508519369672598 -1.3604665536995912 1.7808321508508382 0.019909512547872363 -0.023854391061218776 -0.7687959904934134 0.7662945034330966 0.01405017887495309 -0.021234928730949544 0.9701463035701652 2.7722648658300866 0.004440823943430832 -0.01282604878055375 1.6575269839486948 1.8664311913945735 0.012728683456077996 -0.004575253830320598
2.1009872563809284 2.4363039822689347 4.761133256522072 1 -3.9188352964012445 -0.06079059983212787 0.016587676548746173 -0.005286832938865808 -3.7944554401688197 -1.226806134513352 0.005563071415624787 0.00045710856581014127 -1.215633448448484 1.6629249083664281 0.02296176262896847 -0.028619242042681372 -0.6371766734598912 0.6763003000273247 0.02440302652052008 -0.02354524054309677 1.0831999515771278 2.786302805693554 0.011084179519226233 0.007286438537661921 1.8049641850540787 1.9249422725078702 0.03386284261929176 0.0034296063086314862
2.1487235908771756 2.521586260200466 4.765605163115654 1 -3.892833332404332 -0.0910579997279305 0.01815492823617726 -0.00710776636401826 -3.8037157193197237 -1.2367177300639416 0.006969610210724529 0.0021336656482957416 -1.0777233010066758 1.5178043704301336 0.017454706524911837 -0.03550043984864905 -0.47681714428161737 0.5722932309502164 0.02343682810136709 -0.028624364233767137 1.1616843643034613 2.81023966602073 0.02085724183699843 0.009051767605455143 1.946013219249851 2.0234492782273352 0.02668477545245323 0.032776514309383456
2.2265481956553566 2.6169841849897204 4.748398224084236 1 -3.8628093978041194 -0.11086256248279014 0.011372239136850362 -0.001868121708218558 -3.814592814257244 -1.2364009683647412 0.0018826376285836664 0.003009415382788076 -0.9361631115587388 1.373048280197922 0.02024670123460058 -0.029943162185026663 -0.31630266119538675 0.4617411078055671 0.02321090888975674 -0.029707570715899644 1.195231195556353 2.8249483202986085 0.019909157235392605 0.010350556897843689 2.047896044978656 2.1143144591280305 0.01900172994293589 0.028786272979688665
2.2734340079884023 2.648386121929128 4.666696829513037 1 -3.8325300009559324 -0.10671336127472142 -0.0020631248246710523 0.006071816492616398 -3.8159672010614574 -1.2127338338592129 -0.003764302775325388 0.0024620984354956628 -0.7986645417013869 1.249287912535686 0.018181309960288196 -0.027412309493398016 -0.19041117021735143 0.33938228848945506 0.014132584210226845 -0.030317394703701817 1.2309445037799014 2.813395137132172 0.02817254972166799 0.021445462771791678 2.099676340273777 2.1168458072512863 0.025222912436367838 0.015139564395587949
2.193890740059957 2.5925852969921155 4.56606420203978 1 -3.818096908848572 -0.08728154710473068 0.013609929132462915 0.0010142492406930961 -3.808522586278091 -1.1770337725230813 0.01121972929319286 0.010254820323267359 -0.6905344310966175 1.1411706300061124 0.005994398399445388 -0.03222323794787273 -0.1028603398761998 0.21317542866681238 0.00010666674906545381 -0.02854498661454969 1.2545083199401503 2.7531840422169642 -0.01170456400976917 -0.03953364528552238 2.125469367568477 2.051057162315652 -0.011141373672292253 -0.027988268081130883
2.200094794044544 2.602388734453667 4.450593067950912 1 -3.8152083674157464 -0.07298345407544571 -0.005680287524360679 -0.001662841066533425 -3.8034666892850257 -1.1532081137175083 -0.005411216061224265 0.0062674874089036475 -0.6366967622281758 1.0328210027515028 -0.010478458000157564 -0.03178888674718813 -0.050846757117408714 0.09668390049103293 -0.007713234781758834 -0.031092681690302333 1.2498062337787736 2.648120260648594 -0.009740541870005857 -0.03259828338193776 2.152311843092887 1.9957465684729891 0.00045731863469689743 -0.02090731849825973
2.3300850496785026 2.692110458476401 4.346930469269623 1 -3.8143446638777805 -0.0776668788981395 -0.011673761216776424 -0.003907441427251965 -3.8093715893879807 -1.1607237293030768 -0.012818401126148534 -0.0033774955914776953 -0.6197894413260134 0.9262907167720664 0.025946766138388 -0.011204667536985163 -0.03395385290612829 -0.007507279960405344 0.016522005365942394 -0.003911440014380731 1.2628706146946556 2.5410658763396485 0.02414858146457967 0.0041122274091642316 2.181084222273882 1.9383368588470806 0.01730996885272 0.011719332793610693
2.3659234746645166 2.7391963727472985 4.265545208179898 1 -3.813953593919696 -0.10451887253239234 -0.009590306488609077 -0.003194931910421892 -3.829502866864633 -1.2014971862343125 -0.013284547205148855 -0.014643973318341602 -0.5959209389045501 0.8342876068070897 0.013211581362904814 -0.024886969871015012 -0.04224936174603222 -0.10466469366471631 -0.007827597744893881 -0.005909230690412728 1.286069115854958 2.4442965276797484 0.00828669858685784 -0.009726761034767935 2.209846455011961 1.8588880914377155 0.009885762116297141 -0.00816312335060334
2.3733251600273073 2.7613619287973616 4.1926379170859915 1 -3.804724927590571 -0.14774040795433874 0.011357471920915387 -0.01225193056207756 -3.855482600806814 -1.252496913576226 0.0015543795369232036 -0.007119449773301902 -0.5844772253332007 0.7617146529323664 -0.009085348925630106 -0.014570887655758149 -0.06471300338760777 -0.1987599167646107 -0.009674044718000322 -0.023703397465773764 1.2776156462427313 2.3428751703554713 0.006797756907216047 -0.033277181435088087 2.2184988551857785 1.7895768007446016 -0.023433544116272166 -0.0018243969160341954
2.5800412865433486 2.889151041724993 4.036099569940973 1 -3.8575298987976208 -0.2905731942005124 -0.022531762369159606 -0.037247762249563006 -3.8343134202844706 -1.3953671816040676 -0.004529849166142835 -0.03963118040700518 -0.5356013210384352 0.6214694385871407 0.018594683559842555 -0.030575307424117654 -0.049628052907318754 -0.32674759540576714 0.016238582588052143 -0.03887254199613735 1.4780855081847397 2.2660772368144686 0.08424280012742089 0.014265852727530351 2.3194786776826923 1.748102266440117 0.04627168768609657 0.027281172159100635
2.6382329955654114 2.91513480966579 3.842673369479704 1 -3.805670321584667 -0.5247332166420278 0.01885949383001785 -0.04621263052066585 -3.9546510650909106 -1.539946480949387 -0.05436799312299074 -0.03826725398427039 -0.34256580428963 0.4344277651595929 0.041619697936912656 -0.04230768465641477 0.07862951446810751 -0.4517127454101052 0.029434280818748635 -0.020326231540142712 1.8184263801036673 2.302291892553172 0.07938841945332724 0.0074021871157768405 2.619735975643726 1.956079549954021 0.04156946647676533 0.0735404178576768
2.6782891553975734 2.9762748610986027 3.717008343150876 1 -3.7823716203396054 -0.8332869692899667 -0.017309044763139735 -0.07006575250616302 -4.158170409198956 -1.6759346787988436 -0.013756257104327697 -0.015468634402341235 -0.02836993425745593 0.29991757076076797 0.08127762843415784 -0.04644902558995606 0.3717068784075055 -0.4962478224104442 0.055754960181755124 0.0289609608621264 2.0772291170904342 2.43936896150865 0.07843550681812356 0.02972233519921011 2.911895568453745 2.2672296854339336 -0.0004559079780870681 0.05990393644280782
2.7664346238727897 3.0756171957742517 3.4827570646777435 1 -3.8689943530952213 -1.0533701669980025 -0.011235341397775066 -0.021358214768001097 -4.164824285193202 -1.8345327804922273 0.0033551241717155005 -0.0338010667579314 0.29485644994757276 0.23031596157409706 0.07517397925374733 -0.03634014606091654 0.7159920872096581 -0.48018813917573655 0.04552577055631205 0.039265630728085185 2.239974703800592 2.6226209504160303 0.06251039668967215 0.025971293161522805 3.0897947412914837 2.4585052159473424 -0.01955129863253772 0.04227008091527452
2.799989193087381 3.1040728959138115 3.341645776708312 1 -3.8587043182292886 -1.139834543431909 0.007622457196514845 -0.023304995681013206 -4.10840387744236 -1.8485597829342653 0.02608121348161139 0.043409669107187826 0.5319316135332457 0.21584620899617324 0.055868345431847766 -0.03154554051720671 0.9672952190521231 -0.45498865383015563 0.017647134907142467 0.038856325569804014 2.339722368564857 2.7121122211262416 0.05616551122634432 0.010299572256602193 3.2001651626815937 2.635304051234477 -0.028890755795039774 0.03616075751059183
2.8712225660590924 3.1149213717318744 3.2782744843947116 1 -3.761985305195574 -1.0578147058408758 0.01573651626114026 0.0062683761643513615 -4.040482750666076 -1.7137270763481585 0.03377010857365838 0.06111569454953183 0.6713495621333943 0.2146772152259202 0.04097806595582367 -0.032365368326383495 1.1154647655006462 -0.4515008572514314 0.0009020770665333182 0.03397755028882326 2.422581532468305 2.785498830205652 0.05293712435990397 0.014816486175679558 3.277604499395636 2.7202326135850146 -0.03441110295303043 0.007815836553272157
2.9140818642975983 3.077788483554727 3.2547937023154345 1 -3.6738469392663338 -0.8650886947239789 0.006141223061136566 0.013839078507727195 -3.921584479182024 -1.5464300692032953 0.04170391850040689 0.06081521858625406 0.7397526874731808 0.19276256451543627 0.028514399179408807 -0.03670575942477986 1.2107334751790217 -0.46446826846075406 -0.008319314572851611 0.029904232597624106 2.477088861370577 2.828219413476656 0.04633447183009573 -0.004533196609945218 3.323316837939295 2.717783312583371 -0.04091970577410947 0.004894460767499132
2.9167036923742624 3.0742707716760145 3.251735067533513 1 -3.6326133061642834 -0.686836195619458 0.001421854071570982 0.002994164121543026 -3.8070943846144347 -1.394974298144177 0.028409196298429813 0.055480852184342976 0.7545148894469227 0.15032018058638164 0.022626305353631127 -0.03726603645620895 1.2590331534441752 -0.4968709903146211 -0.019684958639387934 0.02322861168102359 2.4992072639571523 2.7817515292263306 0.04116093806216614 -0.01334491472769653 3.3484905856998166 2.7028596075129183 -0.044394017292412616 -0.003862071931768507
2.9328590547343056 3.0517591528669774 3.2436329317393042 1 -3.602416345905178 -0.5605564324657066 0.0012597635652771017 -0.006299020416684689 -3.771510956927877 -1.2774318327046381 0.01210109977217712 0.04625380661065726 0.7587269456390784 0.10365430974264567 0.021313440994450886 -0.0374167964423669 1.2575277456264926 -0.5609607550591778 -0.027587098883316022 0.017296627097419342 2.5049523122072914 2.7374491509671226 0.0381823230706991 -0.014640003882551308 3.3536426822595127 2.6029373449923607 -0.048166235741999686 -0.01871625952276152
2.9051992341572297 3.0738794147589563 3.2180428906746874 1 -3.5986912215106854 -0.4647547363194868 -0.005894813020923845 -0.011231658830910297 -3.7703107413490824 -1.2082283963343607 0.011544884524894387 0.035686733929551843 0.736761235597946 0.03812287404699699 0.011783821335683344 -0.04256951663210602 1.2320741631450485 -0.6398603515145651 -0.02999620381067809 0.01618428951312005 2.495995289727057 2.642275581573487 0.034574890078600845 -0.03157566403012277 3.3450048306097315 2.478348859875615 -0.04827902421822826 -0.013771896143206045
2.8657310495126476 3.1077048397407157 3.1787045936291016 1 -3.6313850972869557 -0.4006825616879607 -0.008000266090030296 -0.018777080111965546 -3.7584974613632016 -1.1837584754955357 0.010723993289932898 0.028921421705997805 0.6837538473586724 -0.04505007141551398 0.009609755569333422 -0.04257190262495811 1.1828129403138075 -0.7308313111921014 -0.03644790674998329 0.012244253395329498 2.4803349289026686 2.5092375310540906 0.03381087531789927 -0.030766580188215487 3.3321135973486724 2.3499839723063825 -0.04944824424902472 -0.02184091321783182
2.8272415820315584 3.1371516831696638 3.1323586435581645 1 -3.6489170573279086 -0.3723681276574675 0.0006549789116503024 -0.02228326394895289 -3.7667567316243638 -1.1807799843784659 0.0048201477535539305 0.024199655276641346 0.6435540829127504 -0.11814875861219964 0.010262837494556528 -0.04142202859371859 1.0970477905883085 -0.8435189240496008 -0.0392537663694007 0.01098813896570977 2.4637733516321756 2.3919041796645377 0.033279572360006934 -0.03330803106526808 3.305822256994632 2.1744427778357918 -0.05112795479211468 -0.02398463136853491
2.685058119345003 3.0729180684611954 3.157048703471019 -1 -3.6844591407871596 -0.3286654010120553 -0.007502066458900442 0.024129137979927738 -3.668616744250099 -1.228269647954617 0.04418684322159542 -0.016627051151748676 0.731571328743879 -0.0024239890618014126 0.010485990089517509 0.01980716766917873 0.7168899704077027 -0.9916939004640646 -0.10308471037727349 0.001648999334811589 2.293956058308928 2.232146317630972 -0.03548259802435625 -0.05019266672940211 3.1967696432782837 1.9902185792728146 -0.05204178226185646 -0.03749054171702598
2.6604166798635216 3.12917502394418 3.275234762447279 -1 -3.714786433152903 -0.2077635537247592 -0.006803657951713472 0.030881630283639223 -3.510268509695802 -1.1880638615900767 0.0038962133945658504 0.023222285161634534 0.6109814802278777 0.11940117724733001 -0.054972347973286706 0.014109795703226286 0.3698267564316762 -0.9400605157247253 -0.050973424769080004 0.028435280433519797 2.046554812215412 1.9373446394056009 -0.036666357842310995 -0.0729841112660297 3.0660861391440744 1.622818901512992 -0.027839911234941086 -0.10763032339209695
2.607537423241003 3.020047175884774 3.16208633918216 1 -3.7757935601214534 -0.08368893034089653 -0.015479992287149925 0.0331638610176999 -3.599853959356349 -1.0451324662474741 -0.032068296536143265 0.01767982250656846 0.23357539338210032 0.20850312349106814 -0.08499510075039035 0.007863823212693556 0.18293920059554125 -0.8607780500027155 -0.04556462786575185 0.01841291182733492 1.9644408278645562 1.614857791495659 0.004890984641770443 -0.07619184934134837 2.9286257511072993 1.1144001228615799 -0.050738069931479446 -0.08656295311306436
2.352355747108942 2.784834065767036 3.104760367997165 1 -3.8611527532860306 0.06692992176231027 -0.021755251076635545 0.04123624201900702 -3.7376414882511173 -0.9591226243915028 -0.019551018030278547 0.007541205729003086 -0.05637548726371122 0.2821689203121791 -0.03972846753994096 0.020441480735261874 -0.09123844891863797 -0.8110694414908424 -0.07480518097160799 0.0012484989558458502 1.8506697808974497 1.2709180485938716 -0.034273610113696666 -0.05756338255000035 2.7693010408218504 0.6470006270973117 -0.023360192002866386 -0.08471760468260188
2.2569111126711445 2.6652195856355445 3.00467627592444 1 -3.995648361389701 0.2426038716757708 -0.02032867559781121 0.029655590084906227 -3.780958804950866 -0.8821793040583494 0.011425812924020355 0.028011846560398745 -0.20458711903308568 0.3195711323950603 -0.02592643104027743 0.008624478690841906 -0.5032195496962824 -0.7494020322875072 -0.07924706380551508 0.003319976535785276 1.712734433733477 0.9979119232200626 -0.00956102376407622 -0.03522815199202439 2.575031150653979 0.30707053471509993 -0.04149145644142285 -0.04867719600945236
2.2654365833737704 2.6064835092453245 2.924505713191285 1 -4.180937208503616 0.40399027297183787 -0.03040014169363657 0.02982724080566036 -3.784086799947769 -0.7554480819053684 0.0027740661726746146 0.03564197940821221 -0.3447363094835172 0.2998957636033852 -0.020244480845870896 -0.014337050886124234 -0.8281987104013737 -0.7212562537168279 -0.03204140361089838 -0.0041373290450235824 1.6087623038601588 0.7747437113915021 -0.03350998138999924 -0.036677162478645595 2.3797117531600174 0.014227250535723268 -0.021667110364957096 -0.07581135737993677
2.1133163996846287 2.462625624380622 2.8745412621491337 1 -4.336115824405077 0.5355471414637643 -0.043482992216843694 0.01220422193648605 -3.817686556085143 -0.5764424262751957 -0.020509583885487737 0.028372544302069896 -0.4977090661484782 0.2574975557183241 -0.04360757624380026 -0.0036653368478941723 -1.0097361242317602 -0.7496976285254343 -0.04288089193445268 0.0019496293919171793 1.499408606019566 0.5476167628369688 -0.0157035358766032 -0.028637205453992207 2.2184669849407737 -0.25140211340837715 -0.014849642970260151 -0.04420262069809536
1.9696677674583651 2.309540985160776 2.85309202083404 1 -4.467399768368231 0.6001362437262727 -0.013795316555452953 0.00894636631896731 -3.842594656301368 -0.40901184937016577 0.002343248126460999 0.038184048820180456 -0.5945843913599704 0.2357593138376295 0.011908633961592625 -0.015152939139511084 -1.1364076413899884 -0.7414558325733276 -0.009102597863631129 0.010018242020672407 1.3945613929330678 0.360214531700789 -0.010573769067466501 -0.03914395618926993 2.092803825753024 -0.46848419595565727 -0.038477256388517504 -0.025778141230377784
1.930001432266486 2.179883152170018 2.7698832837210015 1 -4.561048362718762 0.6367629245650495 -0.002074006211800536 -0.0004933209160954185 -3.878500127395674 -0.28263994546331883 -0.004901662184456208 0.03384434593762473 -0.6071451236952581 0.23133843831406153 0.02059552409188752 -0.013048313261816043 -1.2671924228834084 -0.648040685330938 -0.009764873853204539 0.018730225268302553 1.3450535870171283 0.22689866759655297 -0.003916512005460253 -0.044923929006225924 1.9694903933820278 -0.6635962066266969 -0.04490247686100664 -0.0227377354963308
1.8196212029593017 2.062564796705222 2.6737696451801973 1 -4.62865667694069 0.6539127399683231 0.0034107175531128088 -0.006700474493801532 -3.908979236819716 -0.18942027515508042 -0.006106473257875181 0.027595467984946793 -0.5995074951245534 0.22547438356472083 0.016134071521755472 -0.013681999235477364 -1.3894898946291003 -0.526180491709521 -0.005479330517713956 0.010685417811300795 1.3128727556359916 0.0955068217129611 -0.02603354623190923 -0.03939799982386071 1.8714441096099437 -0.8425199489701813 -0.02291275644981329 -0.043098843336818335
1.7155509714090982 1.9586797624033878 2.586735489325656 1 -4.691240006903539 0.6598008591433584 -0.01823666146243482 -0.0022100242449951324 -3.9316373753473215 -0.12636241505625734 -0.0025037303026675065 0.008757212983978406 -0.6377498168254969 0.2545097401484804 -0.022109230361663054 0.016206836854986643 -1.4797942870477825 -0.4429813056393045 -0.02173542385491437 0.02343412822394429 1.2665757061410696 -0.051506748730920426 0.0221942924372292 -0.010296881779835667 1.8042350547268597 -0.9856920911245426 0.002255365725494044 -0.012830092841516143
1.7025868082166375 1.8974980878370087 2.4783176816772365 1 -4.7492359579629895 0.6497032729139309 0.002282616673258381 -0.008484366577960123 -3.940308611373307 -0.08234657039153315 -0.008339702846928317 0.011414844799123136 -0.6946336276666267 0.32017547816106195 -0.014998211918438236 0.0221605082626665 -1.5237522514560649 -0.3823954241082749 -0.019932673425961334 0.02060878229487613 1.2203448680906943 -0.16353158818602687 0.008320842453380719 -0.0069213593247583315 1.7214844653217218 -1.1075047567047247 -0.005024030417033103 -0.019220077425271716
1.5790227254818467 1.648988579137649 2.472958703881648 1 -4.787599090100315 0.647406683840946 0.006711299236472021 0.0033931146495614056 -3.9496123631946887 -0.07569784600321516 0.0025859268643701125 0.009762363276319894 -0.823050308702614 0.5054106036906156 -0.019569440262303013 0.031009931372056074 -1.4247427108762687 -0.4434917940388571 0.0415430532646367 -0.017738741357617945 1.1785174372022578 -0.2078106587003613 -0.017314246311871097 -0.009026783994157149 1.5734056337255637 -1.2258584153594438 -0.05513584919634147 -0.018106879764136857
1.1118234513125338 1.176508859889005 2.4512984410544454 1 -4.7983013100539775 0.6577228922355118 0.009448822980793102 0.006693804313716939 -3.95780343890506 -0.10038210667873382 -0.00035544135976636813 0.0016024891252995467 -0.9292459431135986 0.6433279198953519 5.919905246781071e-05 0.01760872400548422 -1.3740854147776238 -0.42812457337136034 -0.002526625963255223 0.010226632671491879 1.1407662908848932 -0.13714975141084684 -0.027252998269513357 0.022172776808968318 1.3417858553429234 -1.275901982197329 -0.05600735802781393 0.013222145924614117
0.7371289585726745 0.7364354561425391 2.2115707325550673 1 -4.807002426087581 0.7000434665069861 0.006655504643910775 0.004098494106790557 -3.9851085448363968 -0.14050158030768067 -0.01779941506708269 -0.0063896919847859935 -0.9434437251147427 0.7168009276359775 -0.020166010057027377 0.02203879760171693 -1.470792414308248 -0.3382557364308264 -0.0397395098885229 0.02631259166959768 1.130794540108849 0.052021365012550946 0.040242232466515544 0.045645898348164196 1.2154485390833143 -1.0922474160123714 0.014879139910967704 0.04780625258382235
0.5180541360847044 0.4341446330796218 2.022957454515121 1 -4.843188360087192 0.7333309676000632 -0.013946255507664922 -0.012383398159554866 -4.0194092481366415 -0.14281831173116788 -0.02729902551609089 -0.010062445375088764 -0.9895363154928036 0.8030320775554534 -0.029055308060159876 0.021009271266553605 -1.5212379924221535 -0.2674733353955736 -0.009057248946589217 0.018330719158430552 1.2236000589875982 0.25284651345639664 0.029024979202215105 0.03316206390883635 1.1919516671116668 -0.885416258243702 0.0018424679767036559 0.03162924735134977
0.3334635971758087 0.2042362224732707 1.9216283822364717 1 -5.034951128537918 0.6883905122974512 -0.0422901547802393 -0.00999943159427059 -4.163194262285385 0.1453403248595897 -0.0504744950686292 0.08712856567107213 -0.9725911888365921 0.7162730629735343 0.004158894279724389 -0.024452348483577788 -1.2509455837231935 -0.21935729011737937 0.043674249444287744 0.005629204846309759 1.4291292389868344 0.3736401122017077 0.07950151479960424 0.015590128264790164 1.268873290332956 -0.7750592099563299 0.05756815872755429 0.004992761654531603
0.13622586292235891 0.05001041764761296 1.6827089101901291 -1 -5.262734607972746 0.6735067955872558 -0.01397790916931628 0.0024905281216431215 -4.4796008686113815 0.40670974605639554 -0.06953166749115239 0.036035428231665986 -0.8174248342894352 0.5958845976605891 0.04103374991176392 -0.020731723335613978 -1.0520549190359336 -0.23307460947894643 0.03985542776209579 0.003706497665545743 1.759592404610319 0.42535892567649625 0.0831531640658998 -0.013179387392426046 1.4895269673814884 -0.7273554822070294 0.06743911365423148 0.01804806565241339
0.016677807603421073 0.2484355158891537 1.2758007227270527 -1 -5.368421177625908 0.7533039603663976 0.02649546177341221 0.006362327617563552 -4.661361027001455 0.4651870654120924 -0.03332841102846368 0.013540858745924502 -0.7326418104663865 0.6380821847355176 -0.0059527985198701075 0.014492846983371282 -0.8812519735468713 -0.14930970540197352 0.04058367634822256 0.05148742159656302 2.126705556347491 0.400226262665456 0.04563986987895839 -0.011385871653553575 1.7214868761853648 -0.6532446869582366 0.014851590045816758 0.033563411861975624
0.04490309942812984 0.33562560345543574 0.9167290638489338 -1 -5.3458080444296 0.78232807448508 0.04570019587967736 -0.015022734745851198 -4.642876661835446 0.46173159957329424 -0.003071722212858447 0.00649478751150437 -0.6574611669162587 0.8335903807319849 0.011138777723569717 0.016157659186208644 -0.7057550337131135 0.0538629846057459 0.03928069638909519 0.07507965503247818 2.440132641188468 0.32979029870809473 0.0559825985399342 -0.01640915565597937 1.883905588034306 -0.5973473251243102 0.032900957412727624 0.002540871033651502
0.1371325280226133 0.5166920327253676 0.5116131892768642 -1 -5.281270730335825 0.7230772314049521 0.033600419924624716 -0.017080494034984555 -4.527828274250605 0.4207152442824693 0.015541489216294295 0.004121913715616411 -0.6350971013237845 1.1149948367628082 -0.018877028301928167 0.02432359226546062 -0.8753193085387694 0.2665211228919824 -0.04048394622133296 0.07315513264173334 2.6508217166084638 0.32896352015767594 0.05040894065082044 -0.018619165877067592 2.2081107094205557 -0.4911700406040864 0.10132628499749441 0.023974746651029624
0.04611450010095039 0.555702336147602 0.067423674480185 -1 -5.239978476307988 0.6849007255943123 -0.009169749800523184 0.004746852366664157 -4.434916039480126 0.37063428135320153 0.01960745954790362 -0.008776434372067116 -0.6966602864539175 1.2950507143906838 -0.016476356856102388 8.114075750388638e-05 -0.946014811022216 0.469374176416435 0.01926963567924521 0.06220649740298961 2.923115459942978 0.23040957151663077 0.03752300523620121 -0.06798891364750906 2.4969669374258414 -0.4229729029545817 0.05411648589478355 0.017804741288611342
9.4838 2.5391064 5.8795714 2.2937803 5.804867 6.1825094 0.3573078 0.941942 3.8739781 1.3643125 8.985867 -0.09772658 4.5289054 2.1969852 2.2936316 6.6004877
9.587913 2.562231 6.1353693 2.387579 5.763496 6.6908255 0.85457623 1.3838034 4.2299542 1.4058216 8.9011965 -0.046809435 4.4397626 2.2364407 2.3816733 6.7800198
9.538677 2.6030965 6.1619477 2.5014389 5.6466966 7.4493456 1.50195 1.9043868 4.73309 1.4546729 8.897495 -0.0102238655 4.3407063 2.2741969 2.489405 7.0217195
9.368929 2.3194826 6.2656956 2.832007 5.4203577 8.197779 2.2035813 4.0278773 5.748027 1.5300642 8.693167 -0.06727171 3.776486 2.3358972 2.7986836 7.0444517
9.011592 1.9119511 6.6950183 3.2824492 5.6755123 6.4744134 0.21030426 6.927184 7.007867 1.4294165 8.098714 -0.5381074 2.1403165 2.2562735 3.2206435 5.4761295
9.041584 2.4710612 6.8540125 3.4187732 5.919043 6.092606 0.12823546 7.651194 6.7103324 1.3939703 8.10903 -0.33001208 1.6744351 2.2075384 3.2993002 5.1696887
8.991371 2.097126 6.766968 3.3492537 5.770494 6.2881513 0.12189019 7.2985754 6.9443507 1.4151738 8.079823 -0.4789896 1.9170759 2.2379787 3.2650242 5.3124456
9.100284 3.3982654 7.009017 3.5279746 6.2640924 5.752532 0.21835124 8.046167 6.0780163 1.3453983 8.262033 0.036441326 1.2548795 2.1393456 3.3311617 4.9415245
9.078702 3.3208055 7.019105 3.5082045 6.2428503 5.7395487 0.22488856 7.963593 6.0459886 1.3467048 8.293509 0.02111888 1.3103466 2.1444294 3.3168724 4.9665103
9.311699 3.0236108 6.945771 3.3103297 6.0268774 6.4200516 1.1653033 7.099099 5.426296 1.4212462 8.432996 0.16041803 2.1113162 2.2180407 3.1437886 5.68547
9.19028 4.229528 7.2052975 3.596962 6.4735117 5.306333 0.37274408 8.233133 5.41462 1.3073252 8.526359 0.38478172 0.96985847 2.0749898 3.3356726 4.7634487
9.979721 6.052461 7.6197433 3.797853 6.839408 3.9191875 0.9475715 8.391514 3.8895137 1.2555498 8.863077 1.5334506 0.1996823 1.9361106 3.391264 4.207175
9.46498 4.3604937 2.6177096 3.3381224 4.197345 2.5396461 4.63108 4.535729 4.5838714 1.5801027 6.1629896 3.5116825 1.1846387 1.9431119 3.371418 2.7355042
8.92396 4.8205814 2.116789 3.3191671 3.8995461 2.1776276 4.247016 3.7254796 4.6655655 1.5046887 6.0657954 3.2549386 1.5232061 1.9731697 3.3299594 3.0175614
9.276838 5.0988183 1.3857307 3.046181 3.3877802 3.8030734 5.4620314 2.3990703 2.2834103 1.5961654 7.5791955 3.3969896 3.1137152 2.0108144 2.92284 4.8997116
9.180613 5.1514134 1.2421737 2.9286785 3.1851387 4.212307 5.0530167 2.2148552 1.8158667 1.581098 8.134136 2.956223 3.5595086 1.9558628 2.8231392 4.9394083
9.111786 5.054841 1.2580667 2.8923583 3.0937796 4.3464704 4.908354 2.2618434 1.9190563 1.5821029 8.129654 2.743539 3.6728978 1.94577 2.8213744 4.8241787
8.752626 4.13191 0.955127 2.8559425 3.0029995 4.6740355 5.1324344 2.099833 2.5488946 1.591377 9.009057 2.656866 3.8517592 2.022125 2.8144147 5.320467
8.284 3.0000143 0.5963992 2.8120406 2.9343133 5.065043 5.5511312 1.9370705 3.365778 1.5998249 10.256472 2.6160972 4.059139 2.1222515 2.8110232 5.9592657
8.184685 2.957708 0.5822501 2.798595 2.949437 5.130862 5.562289 1.9680667 3.4283018 1.5902876 10.511212 2.5697353 4.081586 2.1174524 2.8107345 5.9507704
7.825384 3.839121 0.822899 2.7374582 3.3425016 5.2725816 5.35094 2.4052262 3.0139039 1.4704123 11.855873 2.359276 3.9358168 1.9604696 2.8068922 5.260612
7.782257 4.2533073 1.058862 2.6754663 3.5108416 5.2593594 4.99282 2.6111403 2.6640482 1.4154757 12.064619 2.1245956 3.9090996 1.8693545 2.7904563 4.713031
7.7593384 5.8749537 1.4940848 2.6657393 3.80703 5.100122 4.628756 3.0361266 1.8794849 1.3163025 12.093733 1.9800129 3.6845818 1.6853981 2.804783 3.722248
-1.2150273 7.1370683 4.4677305 2.915903 2.056696 4.634753 4.5888767 3.842618 1.0423551 1.4825245 11.392126 2.2633696 3.245927 1.5445821 2.797257 3.3392267
-1.3081789 7.6048603 4.336075 2.988894 1.6514397 4.7994514 5.0933647 4.2563114 1.5060556 1.5409544 11.819294 2.3183403 3.4179254 1.555388 2.8641217 3.5446143
0.6023841 7.627263 3.750179 2.9511561 1.9275246 5.0598555 5.062675 4.2450075 1.6945171 1.5132473 11.660843 2.1386602 3.520875 1.5607378 2.889584 3.4691854
8.60692 6.778931 1.916106 2.7301972 3.1683838 4.969557 4.065566 3.206234 1.4815269 1.4479306 8.493873 1.663343 3.8039646 1.6541969 2.856761 3.0224953
8.548698 6.8298907 1.9200599 2.7348216 3.225947 5.061899 4.2083197 3.2817888 1.5301952 1.4443321 8.556092 1.6974032 3.7784123 1.6571069 2.8639584 3.0522432
8.095508 7.0987935 1.8752164 2.7269955 3.4416635 5.3886404 4.2475686 3.5662193 1.5566301 1.3920879 9.325121 1.5981725 3.7041292 1.6150727 2.8588376 3.0588665
6.900708 8.475275 1.8475428 2.7359536 4.0863986 6.511762 3.7660365 4.9264307 1.2283614 1.2861459 9.583602 1.0099982 3.481945 1.4792123 2.795379 3.088708
6.250172 8.940475 1.7878335 2.745009 4.327248 6.946212 3.489377 5.3983555 1.0723243 1.2412282 9.861291 0.80290675 3.3772798 1.4221928 2.7619152 3.150824
5.4336 8.976442 1.867809 2.7719045 4.2218585 6.9542837 3.5584278 5.412834 1.0851474 1.2549616 10.00318 0.9294975 3.351525 1.4248658 2.7618923 3.2263818
4.35504 10.482015 3.0414495 2.6866498 3.680825 4.3144417 2.4470642 6.265115 -0.28134793 1.3102075 9.373799 0.97662807 3.9144588 1.3602343 2.574399 2.753652
-0.7576513 13.003096 5.636217 2.629391 1.484828 3.5504208 3.3671994 4.992608 -0.14065564 1.6201949 3.3072796 1.7155578 4.241971 1.3440362 2.436083 2.4923997
-0.56528187 12.889861 5.7920475 2.6527982 1.2953448 3.345318 3.5930767 5.34455 -0.22285548 1.6533432 2.9971342 1.7581258 4.2569523 1.3646437 2.4626842 2.4763412
2.929822 12.741891 5.1651316 2.5871403 2.102102 2.9565544 3.3574076 4.8566713 -0.029250741 1.6788583 2.396749 1.5903454 4.5960407 1.4511384 2.4868302 2.1624632
1.1891255 12.186234 6.2100153 2.9078927 1.4267869 2.6601958 4.520307 7.881695 -0.5526357 1.8478239 2.0236573 1.9226817 4.3416204 1.5669887 2.6914082 2.3747425
0.21712828 12.204835 6.4630013 2.9729512 1.3158627 2.7862172 4.6994324 8.325858 -0.5888176 1.8701906 2.0924015 2.0182602 4.236289 1.5769405 2.7182767 2.4797363
0.27398157 12.05812 6.676923 3.03879 1.0856028 2.7250762 4.9361687 9.036107 -0.6975072 1.9021394 1.9350014 2.0554466 4.1749883 1.5987737 2.7653909 2.5804358
-0.140481 12.047834 5.5633373 2.7355266 -0.8834219 4.156032 5.0940666 9.064583 -1.1578736 1.49646 2.9820848 1.3752408 3.9198656 1.1398495 2.6215227 2.456233
-0.617815 12.376934 5.8508406 2.9728913 1.1878629 4.4109135 4.909859 9.162492 -0.5635344 1.7100195 2.6015887 1.929375 3.7549527 1.457669 2.726879 2.857141
-1.1363878 12.800819 4.4585414 2.9049804 1.1493411 6.9482155 5.0683203 8.944854 -0.28008226 1.5167288 1.5441151 1.7015493 3.4077964 1.2897612 2.705247 3.1280227
-1.0564342 12.555318 3.0995247 2.6246984 -0.12645292 8.778927 5.7176023 8.5949745 -0.3695951 1.2436885 0.9701195 1.4070246 2.9646714 1.0117297 2.549964 3.8873901
-2.1882043 9.856176 3.7225537 2.363614 -1.0766282 9.021455 6.7902064 8.540854 -1.3781621 1.060676 2.916194 0.6190152 2.692976 0.71371293 2.6199853 3.2361908
-1.944818 0.644609 4.69507 1.9311087 -0.6973958 10.602801 9.641993 6.4956565 -1.3900899 1.4252902 1.7385263 0.6843573 2.024644 1.0087981 2.6361935 5.3626623
-1.3797302 -3.6785898 3.6421864 1.7565563 0.5706463 11.842198 12.547703 4.118001 -0.001015842 1.4847488 3.8112621 2.160581 1.031738 1.3963008 2.5971596 8.739478
-0.58181906 -4.2062154 4.270359 1.5920209 -0.3135872 10.0492 12.793245 3.6549022 -0.3289963 1.5160136 4.463256 2.2306676 1.1577694 1.3897948 2.4733129 9.060575
0.9616542 -4.2462783 4.99711 1.1087221 -1.0733886 7.2761745 13.582746 3.2936177 -0.78457636 1.4481766 7.349368 2.426235 0.9393127 1.3553225 2.0172186 10.968746
0.34559965 -4.798955 4.6475744 0.64879036 -1.4547763 7.2504783 13.088069 -0.36496115 -0.08526963 1.16427 11.0322895 2.8731542 0.34563863 1.2096055 1.6992466 12.083905
0.29764938 4.8846674 4.403609 1.6064608 -0.4791174 7.504983 16.085968 0.83284736 0.8115372 1.414143 12.834837 3.3962154 1.4067354 0.8403392 2.2736623 9.799938
1.7754016 6.319269 5.8335857 1.6534104 -0.20846415 4.725473 14.608392 1.9384779 -0.8754786 1.3902192 13.573585 3.658053 1.5255024 0.79074347 2.1667223 9.496095
2.6225307 4.3699408 9.593253 1.8901207 0.2563405 8.349239 13.525498 1.2776936 -0.3224582 1.1567386 14.12245 3.6340322 -1.3452711 0.831802 2.1522105 12.724903
2.7492473 4.3696847 9.758745 1.9128516 0.37317848 8.442865 13.398094 1.3534634 -0.34899896 1.1521881 14.087027 3.6399498 -1.4260699 0.8410394 2.1547 12.815847
-1.9461408 6.6246533 5.0292177 1.2242897 -0.08144665 4.8075166 11.194341 -1.8721621 -1.1333808 0.5286628 13.853738 3.2305882 -0.6513693 0.6564008 1.6801382 11.916577
-2.529395 4.32243 3.1630955 1.1507312 1.6422067 7.082087 8.428941 -0.8805959 -1.5176985 0.63692343 11.904134 2.5789444 -2.6833782 0.6410072 1.6389511 11.871777
0
0
0
0
0
0
0
0
0
0
0
0
0
0
0
0
0
0
0
0
10
10
10
10
10
10
10
10
10
10
10
10
1
1
1
1
1
1
1
1
1
1
1
1
5
5
5
5
6
6
6
6
10
10
10
