67
1.8917149346280706 1.947043306697365 6.226732690585007 1 -4.3 0.3999999999999999 0.0 0.0 -3.7 -0.4 0.0 0.0 -1.1099999999999999 2.81 0.0 0.0 -0.5099999999999998 2.01 0.0 0.0 1.29 4.61 0.0 0.0 1.8899999999999997 3.8099999999999996 0.0 0.0
1.7953673743764755 2.048522501685112 6.18512354304767 1 -4.240159785175862 0.4458398752049193 0.03196570043489896 0.020326336761966567 -3.7083843025528305 -0.4325981951309641 0.004444864789781111 -0.013505947018191638 -1.1178164319509007 2.8078882379490047 -0.0011500544530038724 -0.005486144796701085 -0.5117716873817884 2.0049032637768116 -0.004120425837462823 0.001177729260938995 1.2193390567183267 4.5242175620534955 -0.027681204024895503 -0.03778691771589414 1.8918157457875466 3.731199890800794 -0.006778879713426436 -0.03271566736939666
1.8665554728930085 2.2476448069955657 6.0670646829458805 1 -4.099913711500872 0.45633499581442516 0.022369444216936984 -0.015981619380759777 -3.7002334099727348 -0.5175802386826283 0.0031024294870990324 -0.011703509621196276 -1.170589323486849 2.791638935553914 -0.015490240601626942 -0.0078065108419113904 -0.5324432574537048 1.9554485437637634 -0.010261728270555532 -0.01611859199708869 1.0773915757247616 4.292329634561374 -0.01841305783780349 -0.05738092569949178 1.8261314690470636 3.4460720658313715 -0.023583094394335084 -0.07267363688263126
2.0103077882933107 2.324409179357619 5.773603559149505 1 -4.0850270137825175 0.3593701526879647 -0.0018094563849822397 -0.019817686055771458 -3.6748406573913526 -0.5707102335318901 0.008671048886237896 0.00010332351053460867 -1.276342220776947 2.739461344470071 -0.015498023579271207 -0.014698259595936715 -0.614481145641975 1.8272215302103691 -0.020449697017956292 -0.023448308096037977 1.0327071865330204 3.9870778553392805 0.01237122844577839 -0.047702442828274676 1.6862856980056575 3.0415781145367884 -0.0144911363122907 -0.0732415692172928
1.9707111928739174 2.245751845266769 5.547669943676204 1 -4.173874321053432 0.288862721214604 -0.012965574418661608 -0.006686874213845024 -3.6417614665164035 -0.6178738905579897 0.010129615376229379 -0.012048499329789103 -1.4130345582945694 2.628657354613044 -0.046680578401038765 -0.044563612467663306 -0.7742241208486966 1.6626975986631711 -0.06045779928807982 -0.04202479042122901 0.9700126615794051 3.70742883731186 0.006274847914772768 -0.04296593869313284 1.5322452098683428 2.6871178041114927 -0.005771951899493059 -0.03695649722992764
1.8126807522295345 2.130138995303148 5.406792641839204 1 -4.22739059879545 0.2540375696527579 0.00857490792050073 -0.001931992388970316 -3.637831658859596 -0.7320047735533697 0.0014673146237176508 -0.024756085820402812 -1.5786575569454553 2.4818845252707096 -0.051053255377477874 -0.039234133948991765 -0.9542645661415228 1.504699357931226 -0.05173759235192556 -0.04501709121702141 0.862479866556713 3.4515077445878424 -0.014466203628779208 -0.030286492888975954 1.420846705096018 2.4443471577194 -0.004735814920803147 -0.052141904050677604
1.7170071996351641 2.048383889815733 5.240025401053079 1 -4.195384958931471 0.2213977612685223 0.023853381722433842 -0.006752912414829526 -3.6788558833361 -0.9094936346935018 -0.0012624670762004283 -0.03017014582019035 -1.7074506264877405 2.338002347754214 -0.024172982231306553 -0.01951861602345365 -1.0909022118684324 1.3421430851266303 -0.0199756457786347 -0.04491143356416027 0.7762591892053292 3.2387329099604845 0.0032049686523828013 -0.0259814764993919 1.3282221802427516 2.251389361319852 -0.0016997725392076451 -0.02637169701949739
1.744687256721809 2.0270155036999222 5.099537058708542 1 -4.15711655401384 0.1262036752278799 -0.01204904831590825 -0.02994882403893885 -3.685560227710749 -1.0708851253316072 -0.00995720659690186 -0.03164786226481457 -1.7316452450093416 2.209293842175635 -0.01261422250378701 -0.035943003574127684 -1.1584774980128878 1.1727318093465975 -0.026894204553201108 -0.04087061573871486 0.7319419960627656 3.0864314700363 0.02199436064955149 -0.01420383976477585 1.251792985346925 2.084466090175553 0.00897088769917987 -0.015898415304750165
1.7765840656801877 2.0354411252628455 5.013666787489459 1 -4.118580049030973 0.014804444600800215 0.020378333075049167 -0.015890026746021715 -3.6573995324529323 -1.1699210797599708 0.00850446756812318 -0.007293725362537692 -1.6953305314393035 2.1123653772259363 0.01976315389753528 -0.013991558010833837 -1.1357082626368795 1.043446292295445 0.022301852571814322 -0.011013285151999976 0.7328948871146617 2.9710237176499232 0.01208964413016488 -0.029557718757328905 1.2252093982800245 1.9457587535841512 0.0017310376269071316 -0.005075971034647901
1.7618495020691782 2.0593016528806 4.984954820268797 1 -4.067921438447159 -0.05124377036487748 0.0239772581105838 -0.005094257134076312 -3.6694400252760304 -1.2141102141408673 -0.0022208545976970216 0.0024491941328612116 -1.6524441010213202 2.033413911069941 0.02124392247779612 -0.008633141907529365 -1.0564809594873075 0.977908184439636 0.03056233014919829 -0.0007358516970238579 0.7525913930143622 2.885469782727092 0.039562815337916016 -0.0014290368375697417 1.2974205589051415 1.8668417379247155 0.046399312960989966 0.0129921796900723
1.8405256603374327 2.15744791054836 4.937445374324624 1 -4.010955410827309 -0.06683952397241322 0.022435128398338527 -0.0019668311181465807 -3.7237138896460187 -1.2308361413408329 -0.002298031519442901 0.005251618800949742 -1.58688556561781 1.9642031427964803 0.029582240604442114 -0.022891481275051473 -0.9647948298987843 0.9370584514908791 0.01917769205911967 0.0041802183758776635 0.8105272044176646 2.83465651626859 -0.019910758561805283 -0.03586886188375334 1.4286612350788594 1.8659080454056736 -0.009106317284214141 -0.011557362611749606
1.9778508150386174 2.290709602624098 4.883743709563482 1 -3.9670985217698265 -0.061810137794473974 -0.005010895526081454 0.002037005111006021 -3.774227948619134 -1.2355127482370998 -0.012209098450273959 -0.00821317224798242 -1.4653465604304738 1.8873937660259497 0.01717181883292887 -0.029419885469735837 -0.8573859226347835 0.8807098276368965 0.006342374416773739 -0.02147852682772814 0.9248810266942398 2.836522235613877 0.05333204362627966 0.017069818757757132 1.5718980574478953 1.9086022610037303 0.046229706056698565 0.030451710477191498
2.065956248436116 2.3862259126107674 4.844183871670712 1 -3.937673435729489 -0.07286110465206341 -0.016323833233920088 -0.007480294969317272 -3.799341067402003 -1.2390318308581905 -0.01777292401023211 -0.0018467737422242763 -1.3138565406388159 1.7728893302218425 0.0218999416252779 -0.03292000110086478 -0.7198413169898328 0.7971781465688128 0.020486978011504543 -0.025119849854226602 1.0564037790812746 2.8611458228212134 0.04036965888833374 0.016659746905759817 1.7248562804141123 1.970477895442519 0.04308295186047127 0.028264254228896418
2.079475477931171 2.4656565728103734 4.833953918542573 1 -3.9147839253656276 -0.09697005021510252 0.00026778678748714743 -0.006896404906213669 -3.8104225007633836 -1.247096735302634 -0.00635696906734926 0.0006679053007468869 -1.1610884006214937 1.62882436444347 0.02422689035147972 -0.035606354855844055 -0.5465476518494481 0.6944583518117693 0.02752073635611524 -0.026150837324292343 1.1357829011296907 2.8846434217892156 0.00858431315203003 0.018351763523643407 1.8762494453287006 2.059931466595852 0.0418227295165505 0.012841584066325643
2.171232007497803 2.560726645487014 4.850180972638839 1 -3.883070689388095 -0.1123941378988299 -0.00681637603705198 0.0013822869848754329 -3.8205011472522084 -1.2439777469001942 -0.011046047886619642 -0.0008599512044947227 -1.0067395907429626 1.4825399881339494 0.04243417926450428 -0.03697757861614835 -0.37476194775481986 0.5796301779492452 0.02652236447483294 -0.009899056981319224 1.1775539957741747 2.903595036674022 0.02192176680970405 0.02285500116600388 1.9927018982470468 2.1518323299832165 0.033555365677263575 0.023050226615812564
2.211346493298519 2.581555565431823 4.774580741143889 1 -3.8531970320289757 -0.10093140229842612 0.023335334752484407 -0.00030205709604456607 -3.8222109649109743 -1.2140781930297977 0.014297313926530709 0.01582337230588602 -0.8534793775950225 1.3594136034930067 0.042253165000267795 -0.014893350193157894 -0.2360365563415474 0.45324917033791423 0.0354396582088952 -0.017374311148250398 1.2275512599773313 2.9007220491653523 -0.004358444626886108 -0.02150903890553864 2.052134489255881 2.155826410377376 -0.004902173582896645 -0.023611782769109888
2.127387514311379 2.524484233784231 4.664399047768108 1 -3.8394769157361797 -0.07234939721745404 -0.0059963904791429466 0.012847958117236855 -3.8107156561506965 -1.1674048536080863 -0.0015405789159785334 -0.00013020866251853107 -0.7302629337546866 1.247958294899751 0.0076613588979557706 -0.02938455163983803 -0.14037716929053 0.3228480644117555 0.004768210506601869 -0.03177743873288216 1.2567279021813578 2.8479978120601603 0.018075518534153113 0.00025713783386380196 2.0903992288586126 2.103265585626887 0.019353318798876397 0.008047938587086736
2.141722444406359 2.5423665825952564 4.54644087854668 1 -3.8362165956129832 -0.05139873429613839 0.005245911713914791 0.001598807386144302 -3.799391213009523 -1.1328155497865104 0.005270174897142472 0.004129771057146137 -0.6682970549005773 1.1382615956297495 0.015666201295997363 -0.02186317105356049 -0.07905555700410627 0.20567801169462108 0.012048669323079644 -0.013791608223460112 1.251659067178971 2.748998448028801 0.0231671824041404 0.0014929938245591065 2.128553173947523 2.0586178722685116 0.020918864946756276 0.01859861546766109
2.2559213158825857 2.6459845742143107 4.438417372486455 1 -3.837919495140834 -0.05340998665570451 -0.014472823933480705 -0.0017601967773284424 -3.8043549882890635 -1.1365546625555947 -0.014645335654716688 -0.0060757276794852445 -0.6479541001216678 1.0299046485344583 0.017428333537748746 -0.016467686883090926 -0.05412861068859254 0.09811658361317432 0.009742313106816652 -0.0106063048428648 1.2647912750025876 2.6311084834648315 -0.005548751409546153 -0.053048211618720115 2.1642565523776707 1.992440485285249 -0.013914964685132421 -0.03475252926021354
2.35286223973531 2.7205427303332277 4.344038763225125 1 -3.8354779210213725 -0.07807986522603183 -0.0005806065197302025 -0.003915355206509217 -3.822212468098548 -1.1760885808502965 -0.0054950989167712825 -0.014135670386964512 -0.6245797778076061 0.9342124610313525 -0.011999610837132055 -0.029935936454037033 -0.06586146188481123 -0.009881881668724835 -0.023048386385938674 -0.029490546678212236 1.3057922346323734 2.5173424161225797 -0.007341402578580996 -0.015089179235825357 2.2044909648894766 1.8954114337041998 0.01972764573403167 -0.03424134518461136
2.3595222102357223 2.740480967112336 4.253054484618208 1 -3.8302152460276844 -0.11829496736365364 0.004564007796999682 -0.003843068811307941 -3.85030738914251 -1.230988291941176 -0.0030961524826123034 -0.017621244792668654 -0.6032481806700201 0.8598422648156259 0.001973003004898992 -0.006025522779381622 -0.09464065706280422 -0.1091725753237579 0.0007312629747997755 -0.0228303748441005 1.3152769614944226 2.4115722898707643 -0.01481308064003713 -0.04577924208077979 2.2252979115396734 1.808588511828897 -0.013251518086984715 -0.029351344383644735
2.3932650542742464 2.7785540466510428 4.164160019453791 1 -3.8208795895851186 -0.1633574480575305 0.0045650898508656414 -0.01714932975243262 -3.878039141674383 -1.279916030905536 -0.0026293895148631063 0.0018182019143641592 -0.6121537337134648 0.7946645299676194 -0.01432540253325534 -0.018062788627622825 -0.11765215352603864 -0.1849535858403093 -0.011918548488143062 -0.01736036891079266 1.2799824179551011 2.306881372254967 -0.021583335854001684 -0.033064558822313656 2.2186986661481143 1.7554482639354174 -0.0064903364282643886 -0.024410340760308097
2.4432146038719997 2.8296088292282113 4.107376219458786 1 -3.8149208851787977 -0.20308739753403504 0.006764211875827243 -0.0070664480464241045 -3.8984038507177647 -1.3219553420738381 0.0011069504651549352 -0.009549746569856164 -0.6370955470023225 0.7296850330303022 -0.010056024555411385 -0.01165648190456935 -0.12562173049845438 -0.24577254231770695 -0.0025346901985966435 -0.019023583271513815 1.233783211399114 2.21760503452159 0.01185366804850361 0.011608918584335132 2.1950859498937945 1.7030151432111964 0.0015756766556678918 0.01670518162128802
2.4577132126946744 2.853802029393594 4.08271884579832 1 -3.811120376710263 -0.2389095672380397 -0.01655273657847415 -0.005519738301655429 -3.9171040586727166 -1.3562438689182197 -0.018112976599533565 -0.003738227297359748 -0.6563937721935189 0.6565027412469051 -0.020830274375673148 -0.02229753110630079 -0.14022377680023812 -0.3188908701478331 -0.018477053155706802 -0.028502910686816717 1.1979426781619145 2.143384168550999 -0.016203038117960967 -0.01256820437703178 2.170438464341859 1.635736527489378 0.003584212915040602 -0.02183033349872194
2.462730078349402 2.8565584843118086 4.064658355047941 1 -3.8010451469111395 -0.27157156377886094 -0.006749769522885089 -0.007644938165366214 -3.9449467919257106 -1.385772587638579 -0.013413170527641185 -0.0010201664139257078 -0.6615389435601897 0.579060410301655 -0.02336637621836609 -0.030108483021877748 -0.15331175666208718 -0.40596142912653055 -0.024296026672910337 -0.026178205847686844 1.1590276539456754 2.0794203571060965 0.008444124183065265 0.014420198791648731 2.138030080414917 1.572862531396828 -0.0014609211131302348 0.012953741666429862
2.4641102959747476 2.8572303302990143 4.047458395768104 1 -3.786179906309753 -0.30277514431382757 -0.004190603221481159 -0.0022321277233722583 -3.977669707177733 -1.4145761228937161 -0.01206734221385283 -0.008540358631232078 -0.6815539725980155 0.4943432472979432 -0.01632028723217349 -0.02767536295933346 -0.1623068383104025 -0.49037371619519077 -0.01441224720960229 -0.018639276048646042 1.1071962180676076 2.023008325879109 -0.0011001004264122294 0.007080045392475157 2.093628777869746 1.5281227918043423 -0.004516212379774724 0.008144242973787531
2.45904449508843 2.856515748908139 4.038071259018666 1 -3.782742623175765 -0.333366448381227 0.0033436907285858443 -0.004132084312024742 -4.005054139895421 -1.4457561849547091 -0.002526469313845838 -0.011019389336381287 -0.7036380610143826 0.4032389915881802 -0.015707850620828308 -0.024209162957763975 -0.16149747920664037 -0.5671218239006608 -0.009637086798117376 -0.022164666470345148 1.052543066267246 1.9717426126349613 -0.01715188752328322 0.0007142511290961148 2.047175969638211 1.4988987197275194 0.006543434224461395 -0.007977142382341405
2.45536865153591 2.8519269875789957 4.035521660269989 1 -3.785533390792409 -0.3677410348392516 0.009104229769104528 -0.013167852433886927 -4.026217871560504 -1.4761281386859877 0.0038830078224353862 -0.002642053302649039 -0.7164895494483181 0.31012221618102975 -0.011645148323862844 -0.023782158450733983 -0.15991832372452475 -0.6490573660215022 -0.008659281731904535 -0.023176814345628252 1.0026347070233586 1.9308795930082954 -0.010233284492841142 0.011439031312589804 2.0018440590079347 1.4820232141489886 0.005297375867229082 0.004485913448364135
2.4516284184826334 2.850354350611684 4.028488590027975 1 -3.77604686058952 -0.4083476230294629 0.014115614976801196 -0.014416476114608712 -4.053029182587664 -1.5022513165060074 0.003317237457866922 -0.0031167414329840958 -0.7145473811437784 0.2219634336598455 0.008710285525704955 -0.028092546653056515 -0.15863899734332154 -0.7313970700226802 -0.007558940587700425 -0.00044811668283122746 0.951205791344516 1.8912753716790731 -0.014988476198664944 -0.03268400558518458 1.958410935113709 1.4570995795484887 -0.021273425388169502 -0.021416005711618155
2.6092813929622336 2.9190827719576813 3.9212339650887835 1 -3.8228047517908372 -0.5771200207036855 -0.00017226149927489567 -0.05878713740661978 -4.089419113947887 -1.6408072271605787 0.0002682941747300903 -0.03218928558049077 -0.6389836074235129 0.05486625558837721 0.028920035805640468 -0.03303653974439809 -0.10441312754885601 -0.872256157623472 0.03315785037581229 -0.04354601039221854 1.1462524716304783 1.8792349246835203 0.07542969805725046 -0.0048920535934225025 2.0365457558957356 1.456465293085742 0.019635017566187393 0.023769781764297625
2.6705568053250794 2.9335871612607787 3.757691791153587 1 -3.843052579208608 -0.8800361933423391 -0.019654597766561793 -0.06150696938363589 -4.255020572426743 -1.7640339620622187 -0.058006809307575846 -0.00892156635730715 -0.42876866500024313 -0.18838711783675566 0.0683263250963584 -0.06055667218846872 0.06223416711275753 -1.0147103838529208 0.038191343786360146 0.0029925835564416567 1.4701896247574275 1.9964589277019202 0.06027066447931888 0.03232308333149389 2.294521278943513 1.7625491822505257 0.04362386188683473 0.08804612586943432
2.70843592793134 3.000688477549037 3.6157738438680673 1 -3.9153914353352044 -1.1771324668981273 -0.03323744458781114 -0.03570095797055881 -4.465680089609457 -1.8393410532069407 -0.032321327178468834 -0.020004416205984792 -0.13194054940899935 -0.3652344841958287 0.07516415823450523 -0.041475796524961264 0.3526293071369757 -1.0637083944899601 0.0496022656812061 0.02077973646708448 1.6718081205028676 2.1856057905227844 0.041260299480853566 0.03698757892520263 2.5053074668922823 2.1352806397916138 0.014365321902779234 0.05249671468594333
2.813497305603566 3.1024735052497068 3.425250280878801 1 -4.019054918563483 -1.3186561481164676 -0.0028261844360123302 0.00018290609772313345 -4.498061537161023 -1.9501206013743246 -0.005805916662616505 -0.033334392637179314 0.1451081614482117 -0.4356259494824408 0.025355655806953457 0.019089287969351436 0.638629985401014 -1.051526930320547 0.06847353288088187 -0.024124744291666243 1.7748930908367955 2.384262512837237 0.010707604890652068 0.04692512826959831 2.61637113291554 2.3162409919220432 0.021183864383153506 0.03860703832265841
2.8487923658844414 3.134286467201227 3.3375057307788794 1 -3.9964146671990255 -1.3407903827973096 0.026819810599277502 0.022909546620371757 -4.410003340971464 -1.9605982128348867 0.005625378776350422 -0.005378759724618343 0.31163482355924543 -0.43685771854926136 -0.001811856567642798 0.028210340127470576 0.8173418238534351 -1.0240619991767317 0.04987047147797171 -0.025544866067002993 1.8222819895895421 2.447132586504591 -0.02465040473778069 0.0037769705619627777 2.6663983797807873 2.4407848875301603 0.0455994992933035 0.01955019213457901
2.897371368368267 3.09773581415385 3.308097975121915 1 -3.8771286383973407 -1.2527882861237596 0.03743064451192705 0.04716901038918152 -4.280333211544804 -1.8464348145213985 0.01063019373254896 0.007337289509455343 0.37542290092976494 -0.42474548997854644 -0.013626625916663703 0.02506651496893054 0.906333510607638 -1.0142832137712066 0.035460604959734215 -0.02784348370573568 1.851422537946564 2.4651425895570096 -0.027548908039906117 0.005298755317138007 2.69524616937629 2.4627240448984327 0.04213603644129884 -0.012362771923152237
2.9173968085170725 3.0771135681562263 3.297745458620654 1 -3.758114577684297 -1.0852152226223495 0.027723642731612756 0.05517961482950336 -4.1340294424317525 -1.7089192976285126 0.012493057083738846 0.0056204402693801215 0.3984725619804168 -0.42183254859212005 -0.01816309116294403 0.018603968163384676 0.9465984852201235 -1.028095434861544 0.02660784377339276 -0.028772813937347545 1.8587979855923793 2.4452308529383346 -0.03071826144333865 -0.014818465724965021 2.7076678538708254 2.375793338809345 0.03754232145587457 -0.019380044896929367
2.887978619518658 3.097095950321977 3.286665607696835 1 -3.6893944935183893 -0.9201849696502815 0.017405793050623633 0.0474340612524097 -4.018545740719433 -1.5907644717222351 0.002662677482802427 0.0025951770475281695 0.3894956164803327 -0.4463767110503878 -0.020611934082179324 0.009624507251499778 0.9617414940605826 -1.0640979097557608 0.020110292450149815 -0.03203082349807023 1.8521020060169873 2.3313955665648693 -0.02944323181667133 -0.021889638568071766 2.71251868289802 2.291393908396377 0.03580235730239817 -0.022633847979212193
2.881387652690772 3.094317623589058 3.2591670927616208 1 -3.6495887755014875 -0.7984208504943036 0.011166946536504746 0.03826190902257753 -3.973630848502421 -1.498764210608603 -0.007951324965095027 -0.0018315513286306147 0.37956586870171893 -0.4980039198948458 -0.016551221004895596 0.004225129669990323 0.9494773205982616 -1.1376128488241994 0.012772171952384745 -0.03969478009280803 1.8494275242474263 2.2334218642410404 -0.027130963970708674 -0.01639436460786683 2.7172582879456977 2.1532123305769835 0.03421905947978351 -0.03544873081406974
2.8508965274053186 3.119480406578709 3.2141072174516228 1 -3.6375147009612117 -0.7100359799156261 0.00365350196628329 0.03073536447234261 -3.965626240589415 -1.4466944982183403 -0.008059008565026528 -0.00947375414474031 0.36996363490509143 -0.5744086124810772 -0.01927018184673087 -0.002379883005632539 0.9155720907589666 -1.2433381184786412 0.00968024207178927 -0.043296594427899515 1.8527576291126033 2.113507877698626 -0.025088950234649 -0.02789875101055711 2.7235381361567956 2.0081447297768946 0.03455536672937244 -0.02785996950606147
2.817977712533646 3.1335786162804253 3.1558913770901333 1 -3.6510972260511734 -0.6571306332613935 -0.0012410757562377741 0.020098803210701784 -3.9593014767937036 -1.4341630082264556 -0.008611462893218335 -0.01184299004950432 0.34353775302818423 -0.6773965118761565 -0.01802533689183695 -0.004884012547221019 0.8779049169306541 -1.3610468087049177 0.0077621026489232536 -0.04628910716611224 1.8630191206005113 1.965024245921259 -0.024381736326613213 -0.023965757451476614 2.7338869506896373 1.884372903300334 0.034904078126769794 -0.03229965351751175
2.800129420584597 3.116488639364668 3.0928120894809026 1 -3.6575783945304163 -0.6463737757702385 0.001863907989059511 0.011828437589731344 -3.9689290586966752 -1.438084895448016 -0.01261407665288276 -0.012488257916342116 0.337431051093775 -0.7764283348314034 -0.011928926223850136 -0.002493268483269317 0.8339736316184485 -1.4913961228874593 0.0063770868555083704 -0.04789445543167372 1.8741979352488416 1.8445919931346815 -0.025445619210246788 -0.02256833898916624 2.7393891117321996 1.7246032872470693 0.03398771383443232 -0.036717551033390604
2.6787876720880224 3.0669816235636764 3.115383959027014 -1 -3.6788818149516445 -0.6032670419056883 -0.006794963248578445 0.0010962815739518367 -3.873331650657672 -1.5001048048293162 0.0556190761873982 -0.0013971805431668566 0.4531412138875801 -0.6581667020084623 0.006898933006686758 0.04157971793444737 0.4934534087938811 -1.6653015005808887 -0.08094269051124908 -0.026414159269025152 1.7393419898900913 1.6843348388173833 -0.025637897118380288 -0.050417817835620354 2.6627586118491635 1.5486685338049448 -0.047411533080786085 -0.04026415850674312
2.614890388555398 3.100002146028389 3.154717272418656 -1 -3.6835986336063264 -0.457754946292811 -0.008441266525613196 0.010736188653641423 -3.6956511291700895 -1.47390833750561 0.020421140026647022 0.04758006371119983 0.358711165818864 -0.5256235602071525 -0.042865614181184404 0.005115949087258591 0.16938025109523824 -1.6155661095724128 -0.053172586657215984 0.04556076653765572 1.5362522151229818 1.4007988668524978 -0.005308280866868041 -0.06327476295841575 2.5826551734728413 1.2211515028698785 -0.04164176762191763 -0.07374952503655456
2.6182675830791355 3.0460905622621492 3.0629053269061206 1 -3.725930984102142 -0.28838800759141214 -0.012557935882779923 0.0165131751264395 -3.756387195390177 -1.2920242318358894 -0.020903897617873996 0.049849161796404716 0.019635012418318 -0.4522527857275479 -0.0485585871664135 0.013932574583485142 0.01931613703121382 -1.5265022026397608 -0.01528585478772893 0.021386338138963408 1.4752450368474896 1.1117770615908382 0.010915544414831243 -0.06585036853985093 2.5209604622310575 0.7702521261468362 -0.03576287769156199 -0.08375448132131476
2.4273354486117107 2.8593115422760733 3.010459836814154 1 -3.7838194913784853 -0.08232157288149644 -0.014988063103581186 0.03860530631960788 -3.884271081143742 -1.1658303601778381 -0.015864179384735166 0.023450796112258917 -0.23766908919823493 -0.35982078258256656 -0.01362703290339233 0.021570981760120712 -0.21683351615533564 -1.4513801513723967 -0.05595689297618264 0.018604760924467726 1.4345978221162454 0.8054026636113276 -0.0019390333599139144 -0.05303673255477324 2.4558830525884314 0.33948026475329507 -0.01405107409044428 -0.06487158568031869
2.311195817590436 2.7357094085789364 2.9201850590155956 1 -3.8948796722291883 0.1308820012244578 -0.020014899346702104 0.03904270648623239 -3.8959976151955904 -1.0793819597476872 0.021065291209179552 0.02016209405313978 -0.3566854258860337 -0.2889133759650374 -0.015412011385525452 0.0048123758574474505 -0.602798107869142 -1.3696514652854124 -0.08398533321258327 0.016657962511667124 1.418131239660049 0.5544963891463217 -0.021319828349695143 -0.08101167235175791 2.363366204320844 -0.009453139948823464 -0.03878614743615631 -0.07460068746358514
2.3358081585900714 2.689227296930922 2.832388808521314 1 -4.051780021786522 0.311006571900714 -0.03766888679476448 0.028666131930816383 -3.857429283645028 -0.9442823723506045 -0.022289080620735747 0.03549371634094461 -0.4224958715497582 -0.30907037105471913 -0.028900962600882492 -0.010674845077961811 -0.9025999972789149 -1.3328796898769721 -0.05064369528422553 0.00389319929766393 1.384434968424305 0.340354417961366 0.007884504606395233 -0.040772238347530396 2.263699409665853 -0.2617865400624887 -0.02647734651570834 -0.03228090859582956
2.2456491364666036 2.618832515929805 2.7570621372445823 1 -4.176131909873448 0.4506517073042542 -0.012119519923139208 0.0179417861217831 -3.849486695202705 -0.7538250354557149 0.007412036019348403 0.044197584606594786 -0.5092389079464965 -0.3678407098855635 -0.0066400860317342445 -0.014175358734800523 -1.0326706909565782 -1.3666499504446792 -0.0010031059894947496 -0.009711219250786432 1.3364184831191235 0.13876354847581318 -0.025236047472327036 -0.06859543640386206 2.1857881297566033 -0.5013956331799166 -0.02859633275241836 -0.05785669066506905
2.145722236177195 2.508813821035823 2.6772761733134063 1 -4.2796295040775885 0.5178356564126303 -0.00956580797377463 0.006358102657966741 -3.834634612649422 -0.5856919933754933 0.014615062290656875 0.03575971486251442 -0.5500251192317815 -0.39203387781370524 0.0116942611229214 -0.01019438740348329 -1.1034786355949002 -1.3480815272877966 -0.0075711379332924 0.0179609929329297 1.3171416105614036 -0.04689189704785035 -0.01764723283925044 -0.051349834835712094 2.1511021939102477 -0.7152872676203349 -0.013263405214358683 -0.05530199516440455
1.9914167710132578 2.265842151063471 2.6428706602756944 1 -4.352004939450224 0.5476464150769706 0.001930368239147359 -0.005322240532458611 -3.830014547688158 -0.4656140890675091 0.006702600813814416 0.033454872810840544 -0.6089887526245437 -0.30396095574955706 0.014273450486497672 0.014500164441051521 -1.0442317067510563 -1.3504605858420684 0.03800381972996746 -0.013753888722013446 1.308752159642272 -0.15723118861900276 -0.025566002582299952 -0.037791696267828016 2.0810298484029586 -0.9354114726202094 -0.04415261130373834 -0.05779716224532788
1.553707368752157 1.8312156023017436 2.709537479748219 1 -4.398921944459521 0.5557711907529894 -0.0023378546404583967 0.003930641269219155 -3.8210894729846587 -0.3820948897103349 0.0052888651743305155 0.015438777853236411 -0.6488522928695062 -0.2256650474070674 0.013157813519903753 0.007709633092551167 -1.030139660705247 -1.3314108892921557 0.0007845229287783903 0.007228393252485679 1.2552131270251223 -0.1692567380282436 -0.020781628136524857 -0.005009303362057651 1.9374973076816424 -1.1195607312133904 -0.04927600843259384 -0.013523546248911654
1.2259534640422372 1.4163046551879586 2.6801413736355553 1 -4.4380783311233145 0.5826967057939252 -0.01618895018788615 0.020823328361904758 -3.8461112753479823 -0.35891222162375214 -0.017103330611186907 -0.013922276684414068 -0.6731328069296092 -0.1688482569439338 -0.012201194060459488 -0.0011516279312243048 -1.1372450518318242 -1.2463085985949434 -0.01134746487798741 0.032268118169189286 1.1908671485858413 -0.08738430247703932 -0.028106072628660973 0.015297848839332353 1.8139830191816388 -1.089711456422599 -0.028295043589882517 0.00536138777445829
1.0626301554316095 1.1697785526472926 2.3756200421525633 1 -4.460535947775465 0.6586442611872272 -0.00981046909087647 0.018552463005916925 -3.9157075322871506 -0.37187121421905567 -0.010626028838164641 -0.004557535440123047 -0.7507634899084965 -0.08807887608119302 -0.029574532353903945 0.01746065212400075 -1.228869548947221 -1.1801530476681106 -0.020728634449228414 0.015394798919665631 1.2193440999183967 0.024385708742582723 0.03898446844000836 0.03258914038554522 1.7346878749352443 -1.0214400218768596 0.008942363033724192 0.01479998612902211
0.9486796187823087 0.990768852412885 2.1283040984998793 1 -4.498411295044614 0.698755913499624 0.0009452439450686886 0.0072743456663097224 -3.9470203321283783 -0.3620505023709969 0.01484745239723036 0.013101680122487412 -0.8341794202192108 -0.019855450987258938 -0.027143426256602106 0.01708685378669106 -1.2367028700761673 -1.1373770414064035 -0.005316185396321452 0.013125761281362109 1.333011773153932 0.10772097002960379 0.011050127125633278 0.0227280641029868 1.6680651694786715 -0.9802975725265758 -0.012669108855726249 -0.005724830924093211
0.7899346960373967 0.7597878988854021 1.8960549025195754 1 -4.55873167319675 0.6785386354528147 -0.0010857450941950848 -0.004785049722795677 -3.930800238695511 -0.3217683596138773 0.01372610088537576 0.015266915459538169 -0.8605900770987152 0.05952998528784614 -0.016978675034698097 0.023679278426095234 -1.171810840112196 -1.0666473341019005 0.00211613081320383 0.025044878803675966 1.4727587574220564 0.18627512515327016 0.06033446579842407 0.019158715819495808 1.657788752675792 -0.9168868833622432 0.0310453553717647 0.02274469158230631
0.6147502353996476 0.5241307543720876 1.6979591785144923 1 -4.598019584577569 0.6593598324465062 0.007046390442842457 -0.0005759181069987865 -3.91676626192576 -0.2901232525306625 0.007997649057642484 0.014278388792204163 -0.8177379314954134 0.18679215819219808 0.028258787016569278 0.025087338625828917 -1.0810515920253914 -0.9298503729262472 0.03263709841776061 0.03393828595529147 1.6332468418869395 0.2866743788715038 0.06134691007953077 0.018088867885231424 1.6949529610137937 -0.8327085218437744 0.03842938784377031 0.020076228684396024
0.48207314994675465 0.3391044768774283 1.5587544216401221 1 -4.589942532498491 0.6647378703007227 0.009969026058381288 0.002032055243833681 -3.922705154686843 -0.2798667232110009 0.008110570414492575 0.007675824004046736 -0.7452507126383887 0.36460863384565423 0.03258658623673391 0.03600581177552293 -0.9818004903543582 -0.745226913900395 0.03487306882879469 0.0352168995056761 1.814928054611447 0.362941808685465 0.03082070373390427 0.009693855850232948 1.7535207619461435 -0.7502748354405826 0.0039701437668621595 0.01664592498799531
0.3644383997721565 0.17194541231077404 1.4543802511203108 1 -4.561231215452963 0.6489308076894236 0.0015354112165995581 -0.00451217020843599 -3.9076306561357224 -0.28789001668067093 0.00835056444558837 -0.006947569531785911 -0.6716811313868538 0.5614669554516427 0.033202438240427054 0.029508240828939058 -0.8772157016032391 -0.5452529030753535 0.04092332907886084 0.043598332305488874 2.010812997408893 0.39323986916935905 0.015965469040480417 0.009523742084932854 1.817650085149114 -0.6912826852408781 -0.011849043206035286 0.013662880722287912
0.2622386643791501 0.022668342081592196 1.3762360418641124 1 -4.528845812986335 0.59455599349977 0.01079033330140072 -0.011010190104069274 -3.8524094273284115 -0.31956308943871814 0.021747782274603316 -0.004587066460090867 -0.5913647347911333 0.7524802514753248 -0.005413588125455912 0.03722730606336781 -0.7612606641088444 -0.34799521177826465 0.004213560096398217 0.0448318139750476 2.1841137171008738 0.40223745868500727 0.056574333662476335 -0.005109160147770396 1.8811465772461622 -0.6427494535971165 0.03914414081656843 -0.00139212692166897
0.17000842829083454 0.1038679787733289 1.1882778875011077 -1 -4.472142083481222 0.5229153467590888 0.025035853315470265 -0.009465910251663786 -3.776602116052965 -0.3769757892018424 0.021644231877890153 -0.004302743567692224 -0.5036046620856647 0.9356637141774473 0.03908025991187852 0.03151946112583642 -0.6388885496053738 -0.15618205082192693 0.04537100410833263 0.03739704038743852 2.3286417979377614 0.4011802309644299 0.0290113970918116 -0.023917896746697004 1.9267142184418624 -0.6028812375400102 0.021780169935146528 0.017045074741322705
0.07471450937806258 0.2229579079872372 1.0274917674621737 -1 -4.375451067415343 0.46565319429662444 0.01190902234299479 -0.016541672401537748 -3.7361899906587634 -0.4499828839274007 -0.006304287761769522 -0.022694210995859884 -0.41735546417858416 1.1062774015392431 0.03085060926392517 0.029027282622819332 -0.5325688203172665 0.023194224794892415 0.03462152942272766 0.033123627648050394 2.451334426897846 0.38535295885624565 0.035466301589991374 -0.007211180066955743 1.9520350961190358 -0.5765764876931065 0.015783655899101134 -0.005497355781530603
0.0574309195827226 0.3847993524382176 0.6554855370513496 -1 -4.307452262109104 0.50587755697248 -0.012989099564426631 0.020647349800170387 -3.80464524276173 -0.43622502020454845 -0.021989938781112255 0.0047264630613932865 -0.3362627761129726 1.2881310816269695 0.0006738877616100092 0.0416592135473449 -0.4420433229586447 0.23412936663128825 0.0035471995872856724 0.049216365880542415 2.607209588587958 0.38296774525031374 0.03626539249358551 -0.0016929198836976907 2.1121212236576143 -0.48651376549617076 0.04125190189415103 0.03131865922214756
0.08471394591488039 0.4942217780450505 0.1986897630852692 -1 -4.404977096467553 0.5412926514781073 -0.03830739742893339 0.002584684268275861 -3.809147522217291 -0.2763532168561268 0.006180904427930355 0.03606507710594374 -0.21266648036363822 1.464497070985849 0.023135588813710597 0.029056686427592807 -0.28168965964687764 0.48288000347909765 0.025502161469609076 0.051398657535613373 2.9792064004681125 0.26778995760555446 0.06439717793220641 -0.0608742942383646 2.418977073770324 -0.44561117624197477 0.07306960927811934 0.016909879707808776
0.11825781521051935 0.6647072969570375 0.21517970640703707 -1 -4.513695884588831 0.5658851606855955 0.00652911338366232 0.014555228678796623 -3.8277105198500463 -0.0886102953660114 -0.0072767315242772655 0.04140746817275599 0.031891289521079 1.5937562268822552 0.06074410445775112 0.0033820689095353327 -0.06316566095810217 0.6924749064537599 0.05136830219608265 0.047103147644590435 3.3432085266321634 0.10392256346593154 0.043667480691332555 -0.054946906232062685 2.6890063283068546 -0.5002127833660039 0.0767791071378224 -0.012497387008749535
0.12660813736261795 0.8117689812659418 0.41421970690986765 -1 -4.472380997850971 0.6219734239680288 0.00795663588987337 0.010647877326010902 -3.882704380804604 -0.01036935290301011 0.006216743431362845 0.005624370409845404 0.3218672380052521 1.6609938059068545 0.051223156234275126 -0.01877195103098976 0.1550495184438887 0.8147841778415474 0.04886528744796453 0.035053835263384917 3.5762611674846596 -0.005080432417004066 0.02087752482477016 -0.01920704351709528 2.8986662293822114 -0.58542813643592 0.02580239723400164 0.008334013173175028
0.115069669940281 0.9416074930369206 0.5729483769722125 -1 -4.405739150936085 0.6365576431598003 0.02577894538548499 0.0005891975849072924 -3.902211867610399 0.0414811379524489 0.0002430367694313063 0.018619826715768794 0.528773238345372 1.7041994337738031 0.025765347539072656 -0.018688630075745227 0.34686597077213666 0.8815150759681527 0.03897736906555971 0.03737779529145559 3.7711277851695044 -0.08682664373365767 0.017265429801653888 -0.03903415173987247 3.085176803517304 -0.6241790969724021 0.06589387907539417 -0.0005829612338692659
0.0290971931197198 1.0574682864966514 0.5360573549545046 -1 -4.329831227041798 0.6255299206569678 0.03203279695273768 -0.026187915814235865 -3.8685168828533465 0.05247521782388387 0.00043490841065933414 0.013633328277835047 0.662656499716225 1.750062290192671 0.018887262843362375 -0.022752539080080195 0.4868496113148266 0.9456924941138509 0.029043958275264743 0.03788299671501341 3.952383991970448 -0.22290876732639187 0.0021861103063798293 -0.057687556244039394 3.277636266358721 -0.6986649233315864 0.052722694315673176 -0.0031115001217753083
11.0975685 1.6511424 6.043251 2.4896514 6.522932 8.59869 -0.23104125 0.8410013 4.360067 1.5595281 9.021064 -0.037713766 3.5558424 1.839488 1.8545381 6.4097996
11.409545 1.8116565 5.8154593 2.5367353 6.8579483 9.062551 -0.30909842 1.0351332 4.518 1.5787153 8.781351 -0.045879602 3.5420804 1.8665799 1.90165 6.4290447
11.590996 2.0844457 5.706813 2.5912619 6.5277033 9.142873 0.39694047 1.7270737 4.792579 1.6005701 9.077103 -0.066584826 3.6774552 1.9380683 1.9457603 6.409111
11.684228 2.0062313 6.0045853 2.7121563 6.5214515 9.414946 0.7647107 2.59591 4.97797 1.628016 8.939049 -0.017037153 3.590134 2.0365849 2.0354548 6.5003767
11.584623 1.4424243 6.2842674 2.9722095 6.521379 9.5369 0.9664047 4.3555536 5.525521 1.6162553 8.430942 0.0434978 3.2236676 2.2034783 2.22508 6.350952
10.99987 0.7730856 6.550864 3.4078894 6.8271103 8.37694 -0.7252614 6.4319344 6.7505403 1.4698641 7.563938 -0.04834199 2.10325 2.2965713 2.5360608 5.4150567
10.829573 1.0089841 6.6085978 3.5738778 7.113617 8.036625 -0.9738368 6.9536533 6.8619285 1.4373119 7.4379683 0.12659693 1.6598644 2.3223677 2.6529136 5.0914955
10.921099 0.87223816 6.571973 3.458958 6.9249315 8.280872 -0.82502276 6.540862 6.795833 1.4602338 7.528875 0.014797211 1.9642767 2.2995424 2.5713959 5.3332186
10.98284 2.7707791 6.87425 3.7988467 7.777726 7.333605 -0.61232156 7.328068 5.8112 1.4265333 7.9507422 0.8283142 1.0936706 2.268424 2.7625685 4.6075025
11.719256 3.524181 6.894209 3.365497 7.3694544 8.176324 1.1940073 5.4660835 4.143917 1.5643615 8.928267 1.0054001 2.2219381 2.1437483 2.4125607 5.487423
11.295322 3.0890925 6.9052515 3.593032 7.564784 7.608629 -0.03095299 6.5129814 5.1007347 1.4785724 8.386872 0.82774067 1.6173303 2.1907449 2.5890834 4.9628396
11.639056 3.1198046 7.1449556 3.7323613 7.21716 7.0394583 1.2022069 7.0124393 4.878564 1.4667681 8.772863 1.2504351 1.3864757 2.292932 2.688273 4.889363
11.862694 3.921823 4.931383 3.4456913 6.0195007 7.770596 6.4301224 4.814971 3.4593403 1.5896833 9.248613 2.6933408 2.3716671 2.4166653 2.5412025 5.405755
11.534016 4.042916 1.1180751 3.1266575 4.4037414 6.6055765 7.2732587 2.1472483 3.110022 1.5380387 7.9898915 3.538969 3.1565518 2.3306355 2.3295453 4.809949
11.253437 3.762221 0.7165433 2.939042 4.073265 6.5291605 6.002542 1.616668 2.736271 1.4726373 10.601688 3.0108578 3.4128563 2.189788 2.1953952 4.5459857
11.832586 3.0524702 0.7889682 2.8584065 3.608365 6.388315 5.516513 1.4515433 2.8825643 1.4950249 9.001217 2.8054578 3.6467533 2.2114878 2.1465046 4.648235
10.910229 3.3720217 0.62979686 2.8222528 3.7250655 6.724474 5.3900704 1.6902959 3.014267 1.4294467 10.818001 2.4435682 3.6302395 2.1303198 2.1662958 4.234057
10.533413 3.0029867 0.55751276 2.8117101 3.7541008 6.939558 5.571364 1.5584334 3.310964 1.4390259 11.344845 2.4758084 3.6651306 2.1647081 2.1418438 4.5786157
11.449292 1.3740997 0.65633607 2.6070857 2.8285215 6.941567 4.659322 1.3972266 3.901387 1.468374 8.820816 1.8450811 4.281276 2.1917071 2.0080788 4.887677
11.518748 1.4399137 0.70332074 2.6014988 2.7808146 6.873702 4.580288 1.4528983 3.8370657 1.4679861 8.597008 1.8108312 4.307532 2.18005 2.0042634 4.8202457
11.034576 1.2995801 0.53278875 2.5067315 2.8170633 7.260819 4.3416014 1.2671955 4.171226 1.4217131 9.379353 1.4218072 4.3761377 2.1137488 1.9881378 4.596744
11.069891 1.3271039 0.5575497 2.5197814 2.8072462 7.2129154 4.377842 1.3133483 4.1295376 1.4273614 9.271447 1.4651328 4.369946 2.1220882 1.9913155 4.616378
11.294985 1.7436855 0.6896211 2.6004848 2.8536751 6.9251227 4.563071 1.5273054 3.7774353 1.4470088 8.799188 1.7244953 4.254628 2.1444468 2.0302463 4.5502186
10.824245 1.6463349 0.53844786 2.4664698 2.836739 7.3309574 4.1094227 1.3128467 4.0823145 1.3836104 9.360677 1.1753523 4.3484354 2.0387206 2.0121384 4.097428
10.871948 1.8303847 0.58762324 2.5077946 2.854991 7.2258782 4.2259645 1.4682174 3.94901 1.3910713 9.238043 1.2802042 4.2997975 2.0528686 2.0342317 4.066733
10.665148 1.9657836 0.5459554 2.443195 2.9201472 7.35558 3.935191 1.3352454 3.9259746 1.3508617 9.520835 1.0333185 4.285104 1.9737805 2.028008 3.7007208
10.480962 1.887073 0.45368123 2.4175277 3.0727253 7.4337587 3.8373063 1.0967917 3.9291077 1.3345234 10.202982 1.0251424 4.2387495 1.9462618 2.0010383 3.7354379
10.278954 2.3965306 0.4760623 2.4621465 3.3255963 7.236995 3.725654 1.3233416 3.45502 1.2992357 10.946838 1.0813794 4.0602765 1.8892353 2.0222073 3.3781314
9.96453 3.251869 0.6326982 2.5219953 3.6691945 6.8942533 3.4727962 1.8101051 2.6186552 1.2373004 11.353423 1.0802298 3.7832153 1.7815347 2.0708663 2.5988336
-0.3496108 6.373995 3.501709 2.7023315 2.7151742 6.0407953 3.6539693 2.8816967 1.3621216 1.3432828 12.134964 1.9105445 3.3283465 1.6673048 2.164773 2.6657448
-1.6866002 7.025642 3.8714595 2.6986952 2.536577 5.8880177 3.4961488 2.7222674 1.3547986 1.3697344 12.206316 1.945906 3.3471036 1.6360421 2.1712017 2.7442265
-1.3474092 7.068307 3.461455 2.6712093 2.4390109 5.814604 3.5530925 2.7457438 1.3699893 1.3487579 12.172783 1.8643702 3.4837618 1.6161158 2.1561186 2.5707283
-1.6758623 7.03782 3.6234634 2.6953378 2.4656973 5.904415 3.6660347 2.757572 1.4217986 1.3647645 12.252892 1.9551363 3.414534 1.6428531 2.1710677 2.7111678
-0.7446966 6.5334034 3.3092008 2.7273574 2.5580087 6.0661483 3.9983554 3.0496745 1.5117654 1.3530651 12.266527 1.975178 3.4114473 1.6994328 2.1852813 2.7221074
-0.28474474 6.4799066 3.1075397 2.7739396 2.7012126 6.2430334 4.3571424 3.1082482 1.7091621 1.375855 12.617059 2.12373 3.41911 1.7579241 2.1960912 3.0001655
-0.9914775 6.8562107 3.191587 2.813884 2.7632353 6.360401 4.497656 3.138594 1.7720479 1.4128319 12.796831 2.2944117 3.4095669 1.7803744 2.20792 3.2356424
-1.7252307 7.3701515 3.1554728 2.867407 3.013794 6.7153096 4.53882 3.1949077 1.8812996 1.4615104 12.834613 2.4604483 3.3813655 1.8062447 2.2363539 3.46978
-2.264224 7.895507 2.9790058 2.9078016 3.3270898 7.2503834 4.451234 3.3018456 1.9749295 1.4986126 12.674017 2.54172 3.33922 1.8123252 2.2645826 3.608523
-2.5304103 8.376461 2.8087685 2.899051 3.41334 7.6532764 4.256398 3.4572997 1.9137652 1.4966892 12.43845 2.4827394 3.3217762 1.7620734 2.252822 3.593553
-2.7601738 9.419258 2.732881 2.8259926 3.288497 7.8845367 3.6586356 3.75802 1.5295632 1.4577674 12.034079 2.2054942 3.397357 1.5914062 2.1753743 3.335857
-3.1714506 11.884747 2.9753213 2.735951 3.5355241 7.7171054 2.386351 3.852154 1.0427531 1.4636972 11.09461 1.731891 3.7247126 1.3223821 2.1096995 2.7134886
-2.9382753 13.4787245 3.5018175 2.7680974 3.411115 8.154829 2.5068493 4.373101 0.6875162 1.4916193 5.798337 1.9006153 3.4521103 1.296923 2.1674933 2.7990355
-3.141302 13.522896 3.413358 2.732169 3.3105133 8.467708 2.3873408 4.3149195 0.61281085 1.4464562 5.542365 1.9217634 3.221124 1.2750019 2.1291575 3.1029782
-2.4138565 13.331296 3.7584615 3.0530748 3.9635353 8.413442 3.214528 5.73253 0.77285326 1.6639869 3.4052734 2.2986116 3.575251 1.5550392 2.3920095 2.5735855
-3.7809286 13.712437 2.1342545 2.8201466 4.3927774 11.218413 1.8663678 4.9897795 0.9265641 1.5202129 3.5708995 1.6906042 3.0758278 1.2681091 2.2645652 2.5692945
-3.2054644 13.943111 2.0181124 2.7114606 3.333353 11.846047 2.7966194 5.333235 0.38903272 1.4117956 -0.64905214 1.9006588 2.6609416 1.1640801 2.1493833 2.9024773
-3.6493983 13.3003435 1.0995144 2.2249324 2.8595984 12.606598 1.3573718 3.2572846 -0.39236033 1.1144532 -0.88977814 1.3508418 2.0856233 0.68870103 1.7572873 2.9205947
-3.7954445 10.948499 0.79727805 1.9021934 2.7362704 13.030436 0.096814334 2.0678644 -0.8318645 0.9302013 -1.854795 0.9602121 1.6734025 0.51246977 1.4827685 3.2123737
-3.6365485 6.570092 0.6081917 1.6397378 1.5311904 14.310307 0.23282361 2.931311 1.0325085 0.94218564 -3.2190313 -0.061763525 2.4155095 0.76246667 1.3578074 4.1148353
-2.8055944 3.7477107 0.53800535 1.5487154 0.972991 13.728026 1.0408201 2.6653702 2.1688519 1.0858707 -2.6227355 0.043361425 2.8639517 1.0397162 1.4450336 4.643903
-1.0062904 0.19051743 0.805799 1.5607252 0.25368547 13.655183 3.584302 4.425138 2.0567882 1.1220006 1.0383735 0.66734135 2.8130884 1.2104539 1.5516975 4.120958
-0.7647681 -0.26095438 0.9703264 1.5288848 0.30508184 14.040539 3.7876725 4.8211966 1.8189671 1.0738599 1.8098373 0.68318367 2.6648643 1.1702256 1.4923967 4.025072
-1.0128846 0.049637794 0.7077495 1.516111 0.39780235 13.911594 3.8916452 4.6413794 2.151738 1.1044431 2.098359 0.5766078 2.8235917 1.1860733 1.5221055 4.0623465
-1.5504203 0.34845877 0.72724366 1.5290257 0.22060966 13.645276 3.429905 4.2065964 2.1843987 1.0793681 1.5610495 0.6193721 2.6547775 1.2065995 1.5301949 4.5059977
-1.5780897 1.4904597 0.057127 1.0748727 0.75154114 13.584104 2.5306022 0.9428737 2.708358 1.0439239 3.761187 0.44549644 2.5783663 0.94664216 1.2615385 5.2964745
-0.92373276 1.661792 -0.24031663 0.7435913 1.7614732 13.6453 3.7841043 -0.21157551 3.0113444 1.0450678 6.718381 0.93503547 2.0436337 0.9973022 0.908247 7.766259
-0.79108524 1.7960808 -0.21415019 0.6453546 2.5848875 13.962044 4.967159 0.23914528 2.9838524 1.0095099 8.082186 1.3784801 1.4219842 1.1396766 0.6418402 10.046008
-2.1727214 -1.3642259 2.0647483 0.71553636 2.664384 12.674497 10.414703 -2.4872525 2.1686106 1.381334 8.707157 2.6096373 -0.0116992 1.5434623 0.9882419 13.26754
-1.4500065 1.0516877 -0.10998583 0.69776785 3.2464426 13.502994 4.315756 0.40230918 3.4983034 0.8150743 10.759281 1.9083855 0.1077134 1.1994377 0.43010557 12.053446
-1.7222347 -0.98748446 0.8253976 0.680146 1.884829 12.810534 8.149407 -1.0499053 0.9875027 1.2309921 10.363487 1.5013072 -0.9235828 1.4308941 0.84821475 14.427685
-1.5552058 -1.6740565 1.0848187 0.61867535 1.4557567 12.452999 9.522956 -1.9571614 0.84410834 1.3314384 10.589675 1.7873079 -0.8650488 1.4866195 0.9338201 14.685349
0.30600882 0.38212156 2.4790688 0.6581806 1.1895499 8.91568 8.260227 -1.0547996 -0.7021812 1.1043714 10.31139 2.8629916 0.78264195 1.2956586 0.8163303 14.432501
1.1931705 0.6138363 -0.43368077 0.7799382 0.8319516 6.676286 4.932167 -1.2087157 -1.176865 1.2060084 12.093269 2.698608 1.4549942 1.4811873 0.95281005 15.12339
1.6007526 0.28561354 1.3678855 1.0802889 1.1884203 4.4773865 2.6010458 -1.0024815 -0.42527366 1.0589049 12.915585 2.7541773 0.2506708 1.4274973 1.1577876 14.328526
3.0408642 -2.5093155 8.160053 1.6328024 0.543777 7.6483126 12.539623 1.8370746 -2.083508 1.0253521 14.212801 4.9920654 -2.4848192 1.6732862 1.2984031 12.062534
2.3694284 -2.7148933 8.255721 1.6170207 -0.20229244 7.6727157 12.619898 1.4217275 -2.4759626 0.94977546 13.8208885 4.8245583 -2.6120703 1.548977 1.300223 11.68104
2.5329237 -2.9187045 8.754986 1.6054401 -0.07921696 7.5382137 13.345946 1.4051886 -2.547048 1.0121617 13.713508 4.817975 -2.8184702 1.5917766 1.3509853 12.061056
0
0
0
0
0
0
0
0
0
0
0
0
0
0
0
0
0
0
0
0
0
0
0
0
0
0
0
0
10
10
10
10
10
10
10
10
10
10
10
10
1
1
1
1
1
1
1
1
5
5
5
5
5
5
5
5
5
5
5
5
15
15
15
15
10
10
10
