84
1.8243092376639802 1.870887571744201 5.339222789882438 1 -4.13 0.3600000000000001 0.0 0.0 -3.63 -0.5 0.0 0.0 -0.6499999999999999 2.34 0.0 0.0 -0.16000000000000014 1.48 0.0 0.0 1.9500000000000002 3.83 0.0 0.0 2.45 2.96 0.0 0.0
1.7083958996647055 1.9141996235540384 5.327304722871683 1 -4.1632259185206175 0.3654983195113588 -0.010437927254643386 0.009847990921227918 -3.5662345030272147 -0.467001332580924 0.030381695131449518 0.020039203522244173 -0.6504582246252566 2.339920654313567 0.002211992860405681 -0.0047262750209715945 -0.15738295212614606 1.4780045093911176 -0.002586918747534241 0.003696411354231901 1.9010539284785555 3.82640655844557 -0.01679384390885575 -0.008494428825765921 2.4089846053099304 2.909104720577726 -0.02464643011393989 -0.017748637850500654
1.4487748189072227 1.6974356426555361 5.279815954538064 1 -4.233567909357506 0.4082030010380022 -0.008768084049280723 0.010459573448378737 -3.501285152698699 -0.3428518088714072 -0.0035665630212441558 0.027601936977473186 -0.6764686103057778 2.343759752860771 -0.008634219109714892 -0.0021649336562489067 -0.172545411209164 1.450244602956802 -0.008957336267277651 -0.006798301022619626 1.779121237102106 3.7908434063779994 -0.027343730445143283 -0.013976258025734644 2.238267434524621 2.7708513198445877 -0.04367661157960209 -0.02475199439234496
1.1957128686325411 1.4055471663101027 5.1767741962844545 1 -4.265805846184025 0.4497994521835884 0.0021760246032192718 -0.0018079108162810092 -3.5768184184533878 -0.27855462806756337 -0.023732865166679218 0.005163248194445661 -0.760792506446688 2.3413667946267247 -0.02248318819566662 -0.004024562948751385 -0.2395285131392324 1.3861811781242737 -0.020878685637936833 -0.013213290388085235 1.6201755299020277 3.7251367711747703 -0.031209990156416283 -0.017064501428785767 2.026987257156894 2.654814400313336 -0.041689977606272535 -0.018255528206387234
1.0820018191274918 1.268831428778987 4.921184665716245 1 -4.276590592069087 0.4865145614846187 -0.006955533645689788 0.010890028046726726 -3.6563176418094048 -0.3150179543778183 -0.00964397340004432 -0.012255088040957632 -0.9034432299296689 2.3063887938007173 -0.034870899792225615 -0.017373150714635563 -0.38054302263895234 1.3155404076554493 -0.041912223123271725 -0.011319501630180622 1.4870457467619635 3.642101486367287 -0.007679154437558107 -0.013849883333263226 1.8357825801421486 2.5551830926157746 -0.021022198776251732 -0.01746162423825503
1.0519641594288485 1.1958887953868604 4.683218556058622 1 -4.2751190954910125 0.5692071289489153 0.004602964642614071 0.019460736059433 -3.719672320922996 -0.4396528736359896 -0.017033203334635677 -0.043385583837256735 -1.0753131186400386 2.2449185163120493 -0.054701048414329906 -0.01761649594539344 -0.5598000791150426 1.2615915728965175 -0.050958084023569994 -0.019942895466783364 1.4118491574544123 3.539125978354754 -0.004152117894619327 -0.016833407311476527 1.6831863802941625 2.450133712206695 -0.0015771718240762131 -0.019353197286780505
1.2614002700372822 1.4977115046517508 4.739034656785365 1 -4.204578250900841 0.4978236119523185 0.012984653352506516 -0.05118976250672852 -3.6915376378279072 -0.6155741327154369 0.009876036694019766 -0.01970988464410872 -1.2444490246260882 2.2217479830814715 -0.016070443706380215 0.00887562229738034 -0.7226933937574538 1.2360163972428357 -0.016199293137214604 0.007179301455577767 1.266843203420854 3.373608898626175 -0.018069827781565906 -0.06172528137998899 1.5944528035791334 2.297734020704623 -0.010048191301749106 -0.02072545322991818
1.5907746023287759 1.8129755427875986 4.6397884014899295 1 -4.241086622094885 0.28920072309434386 0.004352406639757396 -0.023431120861296544 -3.576325938384757 -0.7323872118206063 0.03287491575136894 -0.007148480825741271 -1.3873376579790708 2.264119299843329 -0.0308905989489522 0.01849425924950028 -0.8549491567494258 1.242852842215198 -0.02230094115717307 -0.004611165293302582 1.2123230145567865 3.1303280727150504 0.02147480730319558 -0.04162805186348972 1.5501081928370963 2.0732682502048854 0.015723781303910712 -0.0337935250503573
1.717201903212402 1.9550510047057668 4.677243447395206 1 -4.230620335202225 0.23284851142554008 0.018676060364112446 0.00739722327906207 -3.5382767422785366 -0.7916943092962334 -0.00723093311905337 -0.012948223802141489 -1.471404190844864 2.318363439896668 -0.0020837250552697417 0.012112579803916303 -0.9649927602477746 1.2858429901760355 -0.01224431281133019 0.016686960509976187 1.1919694260395959 2.9360108721370644 -0.008361902486298442 -0.039947593647416346 1.521158816380721 1.8758784024237833 -0.005636099538401822 -0.01822463439857517
1.7681964068419571 2.04480290764264 4.743800911877787 1 -4.121048166637029 0.24539172120426778 0.01947175497173832 -0.006627912704574835 -3.6241139724165246 -0.8688358598009756 -0.012570294409953567 -0.017243758175010098 -1.499108125171834 2.3766932806559806 -0.011866399504662475 0.007099998323226197 -1.0416390838386214 1.3290727980463868 -0.024287307405387402 -0.0014045222208090673 1.135047363541263 2.829702286707973 0.0057424535913251 -0.00883623607706568 1.5513544091568399 1.7909526917062442 0.024401143074177734 0.003799230449987417
1.8786612081528178 2.1707591667359187 4.76964861988221 1 -4.0373479726182495 0.19282016661056467 0.002836795896498299 -0.015217720012484484 -3.664133308688663 -0.9457161281612366 -0.004619844858180816 -0.012385236018590855 -1.464416697904666 2.4131675758611832 0.023745717517564272 0.006824211640727844 -1.0527614298506438 1.3350976958536083 0.022270667428565795 0.0007219537484674148 1.0733599287936526 2.7782977492652754 -0.022954147844596873 -0.013358477086637455 1.6014399423182084 1.7878618703902065 -0.002270652387228415 -0.005734288005411496
1.9784951081990785 2.2803336167470354 4.749666302982797 1 -4.03264466118011 0.1360566406801833 0.013046731110468057 -0.0036699837235024835 -3.6315224357784746 -0.974960550754449 0.020212939657925914 0.005366386415385763 -1.4008856783065151 2.3570156349345526 0.009737286642454619 -0.015118523299588611 -0.9956245474018308 1.2764085261065747 0.01919303396835057 -0.02356298464709695 1.0857861466059822 2.774668202228524 0.03423382754065567 0.014325498232866211 1.656522591118268 1.804466613714661 0.028881574576703505 0.019028321978812403
2.0544089241293757 2.348034325977268 4.736624014806871 1 -4.052571837130865 0.12026415586902339 0.010261937308137254 0.002631450084369851 -3.599784152311826 -0.9709804371359863 0.006684107577115981 0.008514325425718642 -1.3450886176644903 2.2201929723284093 0.005177019925734366 -0.02649494745931488 -0.8882468500565817 1.1637071415228317 0.01989364928922356 -0.030171396982753042 1.1324486677603023 2.790239012049669 0.026821404006373013 0.012008248284714829 1.7302884954781383 1.8424348061306661 0.02290053389049572 0.024538835673751605
2.0807118926700823 2.4002213947937534 4.761296099623755 1 -4.039189005098538 0.14146241441671736 0.0192591738284602 0.00749762310704734 -3.6273834167715844 -0.9690336273954689 -0.003331573531727434 0.006912300301558278 -1.2718684677755814 2.0809512647180677 0.005324081998613611 -0.03211268023206133 -0.7769193675908257 1.0466142767748914 0.005100976714948302 -0.030494053762202888 1.16964182858504 2.8445064101561996 0.021919955418081522 0.026795927924248713 1.8162906705007567 1.9328926737264398 0.02979303091015959 0.034118500005773
2.0790580022382628 2.4537581644517217 4.826794680749178 1 -4.005731125702504 0.1728091366018758 0.02133211554218372 -3.27611367908591e-05 -3.6773337164192132 -0.9727332496482588 -0.002014663764528067 0.014759509064410169 -1.1550730748670555 1.9690629352126803 0.016269147500584655 -0.02911708811973305 -0.6721405923810488 0.9370259524528866 0.009051694826514573 -0.023683946466785046 1.184165811406709 2.9264244004705646 0.022433647905009478 0.02579475381954339 1.894507871214273 2.063170886997517 0.022840738382723262 0.043758353172226254
2.1245135264143302 2.5113167490684565 4.879787801058129 1 -3.989129180221384 0.18808824577527083 -0.010311147264703276 0.003001432815094628 -3.688802472583801 -0.9551678972188901 -0.0037247382930935546 -0.001369658704580357 -1.0287963274155412 1.859396767536007 0.0108185048974027 -0.03307013853775116 -0.5457753977360689 0.8396200466480999 0.012886625462971405 -0.023170638753316476 1.2050715047896956 2.9862058846082693 0.019793028361511946 0.001558244888611799 1.9547100013319127 2.163391382759485 0.0051044697464318264 0.031299648715885725
2.1593123269321794 2.5145479751204416 4.871975358088447 1 -3.9861305341939843 0.1855301142902408 0.012163006322068638 -0.002560017326713138 -3.673811827368092 -0.9223387015139218 0.00915950625071692 0.010754795616656992 -0.9243722258251017 1.7319870745815087 0.003099373693931819 -0.036198671372386935 -0.3963474014334398 0.7483596336211329 0.012136019262720104 -0.02553039458793596 1.2569160857956572 3.009721340728415 0.02921424244557326 0.018209709850017332 2.0245904850060654 2.196247326230729 0.03006474425423973 0.016714063382276004
2.258312442241146 2.547674133836361 4.772302856857729 1 -3.9808651512824085 0.07401434729280076 0.020492703190955173 -0.032846433420072776 -3.6101723492222604 -0.9828110968492948 0.016901406536640712 -0.010398572750928715 -0.8021104363998157 1.6132598059385894 0.025258686923573203 -0.016930266482846734 -0.2733974723156498 0.6555060017337755 0.02074087736568924 -0.025157579876643733 1.5214979848897592 2.9687612492552073 0.07663592193382729 0.004147653686843551 2.180564668449821 2.1836949066327294 0.07165601369537054 0.006677610697689431
2.2713264557091195 2.542861234562421 4.602457422038641 1 -3.8581246619631466 -0.06419505335400866 0.043951476375012705 -0.03520102359476404 -3.6865410050933614 -1.1088952356758557 -0.025314626509085295 -0.022982220667526417 -0.5851273044868579 1.5242159837584932 0.06874992320073592 -0.008868741409255615 -0.12276834485946786 0.6275814756899911 0.0568728063313704 0.016697566496128118 1.965589141914144 3.0119889161535234 0.09067701668023753 0.02262125672029306 2.625555822593884 2.400612644901262 0.10128069089671937 0.06672122399934084
2.3119951101865883 2.581976636809978 4.440437694215934 1 -3.7535492494693274 -0.29264913854918384 0.0036387196568558634 -0.04756185459740525 -3.7643032167801738 -1.2793458369170883 0.004910259664462709 -0.046006587784959946 -0.2766876536739078 1.4969740265369058 0.06338118976814663 -0.007411098204265469 0.17060603151223752 0.6990351496537672 0.05565236339937032 0.01838811018478642 2.3725641165008673 3.187416046214058 0.08901860660130298 0.03765242190308206 3.0972157405598217 2.711211922816554 0.06484823106874842 0.06667950581109505
2.410240272339385 2.685957624609703 4.354005846155427 1 -3.7304015500091374 -0.5536743467027834 -0.0047062033221729575 -0.0465954118594981 -3.6998749584021766 -1.4268410637018525 0.0039019679036198483 -0.017606650374318068 0.09361126601642766 1.5399095704551837 0.060665585031271334 0.02750812360620232 0.5060022402215623 0.7959106405747796 0.06818361176823229 -0.00010450314763307822 2.6983971406602345 3.4112476984340896 0.06212474495362078 0.05700362345909581 3.436546846724834 2.933185712782682 0.0708466767766697 0.04567255213822822
2.4690534877069372 2.812047741869536 4.302155993513614 1 -3.621754920120914 -0.4928436651756789 0.05779831332797818 0.04342010771053968 -3.697006838414545 -1.3135437469633553 -0.004818183019332157 0.06358927746744691 0.3946621508216728 1.574668301525716 0.033049938762707745 0.02194241277137408 0.8165485611521515 0.8672442615225511 0.06917644511797605 -0.013932290519898948 2.8344739916685677 3.5867821833116187 0.009755233872131857 0.003597663186058579 3.624418663855085 3.087940778146236 0.007444125082729073 0.025042804732397998
2.5816599810890697 3.047640082985407 4.310960054807636 -1 -3.32420742658226 -0.2086344529233488 0.03988253182454503 0.0403732908964779 -3.6645940543852387 -1.0883832938469362 0.02772624498083748 0.04936385035788361 0.5605454280158977 1.5648436941750647 0.023546933456924685 -0.014661382988458822 1.0699990731344915 0.8868848153119142 0.031099290650253273 0.006828926935713707 2.749485624333431 3.518762211061916 -0.020883377573324223 -0.059464284757397706 3.700896850650988 2.973964345603716 -0.016066392051002826 -0.07526038776788724
2.636866844909301 3.048008271697504 4.308974465434558 1 -3.319363328030773 -0.003858506078627366 -0.02379294095934774 0.04622436088779038 -3.5287010302627357 -0.8565405020675645 0.025892844613928347 0.03197511667663718 0.5670625126454754 1.5357998080020336 -0.015556065517300105 -0.0064287665655468115 1.174514319863543 0.8066606837200392 0.0008892824120554799 -0.03099833101680754 2.732702956696845 3.336146278096293 -0.022253704034695683 -0.0714068694120831 3.602723189202594 2.626004603975308 -0.05890778538997463 -0.09526828824302314
2.4069760322824822 2.790082793945669 4.236022273053332 1 -3.4559296045343775 0.12785238085726158 -0.024451246743399248 -0.004819285692203839 -3.451023634518663 -0.6511106580747953 0.00042526607505295397 0.06051739171944073 0.4560248682703456 1.489640953537922 -0.01922295846660795 -0.026048003205724347 1.0687875621909049 0.6534263671839287 -0.05184064322665775 -0.013118928911282555 2.6335557521685065 3.109802118828978 -0.021789143445365863 -0.05610137946130552 3.3738467720673553 2.2680186088265946 -0.05699760659552736 -0.0479921819962587
2.1409501496157963 2.5472752281978313 4.036791354583492 1 -3.5996200808794887 0.1865164934248087 -0.031444930168800886 0.02225333498099726 -3.4762595026986216 -0.6178455228681955 -0.012228031037816143 -0.04062939961502039 0.23685750581640796 1.4297142123203517 -0.06088466936620734 -0.01578881590572479 0.7899835588632778 0.5095156165325845 -0.07567933893655703 -0.03166340952830511 2.4304868927429055 2.8593645238169296 -0.04698775583431984 -0.0626131636123659 3.1571500157220918 2.0055920134119076 -0.04819446158794132 -0.04145176283824298
2.1126589418062345 2.484634165831646 3.9262371341240985 1 -3.7101330756584803 0.16152043753424516 -0.030024870842684393 0.004588773925270726 -3.599151772017371 -0.7453719488610877 -0.025023360881725635 -0.05187100338782182 -0.02982458386610176 1.355969349557224 -0.06713813897896412 -0.02909095260339445 0.3965397988478694 0.3904366812257589 -0.10191741096887479 -0.025594052138982568 2.2158957192309012 2.589406830435316 -0.0495317328991523 -0.06504938570816385 2.973020666782051 1.7953053797995433 -0.0494811077570645 -0.0573514340573927
2.1223911365070136 2.4753980024277946 3.91412930492846 1 -3.847809846626777 0.12431883526077203 -0.04135649844187618 -0.006900629027956551 -3.700580819182874 -0.9346126873579133 -0.02074819927191933 -0.03895227277231352 -0.2811794220359207 1.2673537633733427 -0.061838500395043974 -0.031335618387588825 -0.012130044961021547 0.26804240343291186 -0.09143404965657459 -0.019203643177403716 2.0591628145378262 2.3283845589128456 -0.020284939391819357 -0.044175106935381944 2.772677619986542 1.5280070431678299 -0.03553938396521947 -0.05211784188915041
2.0771399543457725 2.421995461557536 3.7757856337309295 1 -3.962544378363176 0.08820313729069751 -0.0019596891334085 -0.008941809113774807 -3.7111836619190735 -1.08692764484136 0.01082264961815949 -0.016736659856885834 -0.5426483104134023 1.1825388833926969 -0.07112608488001225 -0.02134317794217396 -0.33402133632167263 0.14894328155458592 -0.06851465518682728 -0.02237757063690858 1.8898522333809895 2.0720433299083925 -0.028228989038699494 -0.03464888602635148 2.537905236440465 1.2259481227541662 -0.035400677285754786 -0.051843614903034775
1.9684511246927279 2.2446721172269766 3.6880035836812315 1 -3.9893812154078163 0.03724181479134292 0.0028072251321806796 0.008880685901576717 -3.6275056194758166 -1.140015868092768 0.013337260856326532 0.0006495754155227129 -0.6092610464764299 1.102124559380107 0.032454590165729574 0.0038449758340334244 -0.3543765685191671 0.15721022213023184 0.03988758781334703 0.006603527616004696 1.6873112422787324 1.8892244078129554 -0.021301025092503645 -0.004856574323265746 2.3049412832099794 0.9636274501174662 -0.023436800573391516 -0.04388705613830637
1.5457255193035948 1.9126708453176091 3.6355744741718663 1 -3.8898930281369153 0.05710662384868992 0.03726790370481778 0.012399702391564096 -3.7128712220477813 -1.0322916890385558 -0.011038481107839913 0.017220264164048923 -0.4373454933793326 1.155189189743663 0.0612597589407097 0.022259168545646784 -0.23902157172926053 0.14860177002576402 0.035250919504593185 -0.00240262842400272 1.576502605417141 1.890054515723195 -0.003024303976954662 0.016905394088401103 2.1822856748693944 0.8010001899918582 -0.02284546826046495 -0.011103256644381014
1.2621023334647614 1.5730483154897414 3.672040683429293 1 -3.8695875406721334 0.08424864030980794 -0.0016020016197729088 -0.005066361937800933 -3.68727823966882 -0.958498694024928 0.03730029634564637 0.03366087466294122 -0.25825425662531476 1.174827106544173 0.05103306461275735 0.0012708100983344853 -0.14858970764541812 0.167620888886713 0.04236595424300197 0.014960042165556211 1.631895308118695 2.0160128973129474 -0.009513065835952546 0.007890443070722085 2.296083351005323 0.9371132400784181 0.01774923067041833 0.029932600889186794
1.2541236792860448 1.5117823183930628 3.6590935900894443 1 -3.9382318240242338 0.13589448559215334 -0.001796512314390283 0.022173859182551273 -3.6114990859215483 -0.8579989107156472 -0.002701883874364614 0.015021200509355443 -0.12640744576992624 1.191465909731078 0.03213077296032163 0.0018488500455324658 0.020445071166616202 0.24153899216405694 0.04440606434499939 0.02507423388169879 1.8454815399093603 2.143895139437905 0.05388268890740988 0.014012047821699156 2.5534680048579554 1.1162848844942932 0.02855671670564751 0.017249520827355442
1.3268401635483902 1.5257044647525508 3.5736679586963094 1 -3.8680334480307055 0.2224612057735016 0.021815795883973567 0.005140813048363536 -3.713843618813047 -0.7759307648532139 -0.01623700546528197 0.02120175013872353 -0.10256367627494267 1.274047528987035 0.035471296108672654 -0.00028231725521071435 0.025307657068569966 0.2319183935601381 0.008079014311624484 0.015606151856678085 2.2716330079243985 2.209425211926066 0.09332796687770492 0.03592127187695662 2.87614427675432 1.4106848030158825 0.08662090971656461 0.06225805771764023
1.523688304546404 1.6587259697503993 3.5340049530657667 1 -3.9241410676230983 0.23231300123464171 -0.03578753249649964 0.0012307306425009754 -3.6808783043040574 -0.7431691920167391 0.025953677620079264 -0.0033211849767721124 0.09228077692859049 1.2156274022098015 0.05186942068473872 -0.005364705962735122 0.10660857267755741 0.27313755823677655 0.050031912488538825 -0.011552615579762586 2.8253781860559526 2.407848011959534 0.13370461441059384 0.020762021770840237 3.2924616269740987 1.7191628154107814 0.07208054260955576 0.07485848095345365
1.6949683966639237 1.8387571075875415 3.5150276809634677 1 -3.9883279140440795 0.20373261425217581 0.00583333164346614 -0.008433720832488525 -3.591020027715839 -0.6949005195489217 -0.011916906435605563 0.009415058976741832 0.3653366119412045 1.1197886199564833 0.060384370157016684 0.0018122718093968018 0.4476870782446003 0.25846121908482256 0.07896403638138262 -0.021198068921281087 3.3493908461138897 2.6190479331595062 0.07307763098492039 0.06835831320136251 3.7490746066604537 1.924893712355694 0.11269726407503847 0.006937861687340941
1.8109485319300211 1.9948801880187348 3.492576786237859 1 -3.845679950344101 0.206946147725116 0.03661870555496001 -0.013760779838410656 -3.635065266059117 -0.639283432623613 -0.005883705945403324 0.02878070269232722 0.7379850806005068 1.0825766282702922 0.08083214073392996 0.0078177297077772 0.8453152394276087 0.2685605173980419 0.07713381865348277 -0.00038540347320379503 3.768193515618968 2.774660748147272 0.07551673383507175 0.0391311352059415 4.180217085342491 2.070642169503223 0.08260657391226425 0.015810094542697238
1.9633710535073987 2.2373668969448337 3.553683789709883 1 -3.6202290208941097 0.2943084253921242 0.07388623273426903 0.015212395675461626 -3.6029905516006524 -0.6057341872300787 0.028021127846065655 0.008777020569880788 1.0782507624642292 1.2205443651810755 0.058079624284071665 0.02806942232012058 1.2120490936908412 0.4147162592456244 0.061350688046340515 0.07068387952936316 4.135213744688754 2.833166578681714 0.05134035668436341 -0.023926492598406457 4.535329005090096 2.0647973160303317 0.04200150701661935 -0.008506923102489452
2.2923770438146067 2.678845752009607 3.6384128832796065 1 -3.3665394348704165 0.30145446239173723 0.023000452712098746 -0.00011973719943354083 -3.459902242760952 -0.6009999086143545 0.03174607218583343 -0.01897085254314309 1.2509775012845425 1.4818662973877155 0.02351572874315096 0.03477120408066396 1.4930502152813654 0.6925193002211281 0.03959597284967295 0.07147412146273098 4.20074073483962 2.7482255799614 -0.00826641355156946 -0.04623977164257531 4.697303111391749 1.8718880803599456 0.0003412713802702638 -0.030967569579054208
2.5167408531250377 2.9286276931749624 3.537202238068727 1 -3.276159471405387 0.18587239860607774 0.006930206520624788 -0.022126315062676788 -3.365261974602947 -0.5744290107480252 0.011669065026723482 0.0043174331124972536 1.2461460226979248 1.671951512006645 -0.0015114970366753456 0.006248341257148536 1.6391440356563205 0.8843109368066724 0.0070383801502808575 0.041385943502556116 4.119466538721875 2.5937633147481924 -0.03496443563177229 -0.043453481711647535 4.672990000673689 1.671096763307916 -0.03282237225246776 -0.03384708341026545
2.476402135178205 2.913695559310622 3.4247175655727764 1 -3.28133825556214 0.11850306197065019 -0.0135912907821518 0.028787904130002796 -3.335297073185247 -0.5996805184617853 0.006647513268482773 -0.06319449049607762 1.1502443238981215 1.7306296068121907 -0.020653463402201547 0.011070946321740183 1.583484327399936 0.883858380963503 -0.023206435188738262 -0.02081764656837827 3.953054655879386 2.4724494375936197 -0.06780925793669595 -0.04017701219155788 4.504890166785998 1.5399119196080813 -0.06807819498396718 -0.026386250260393842
2.403846336561137 2.8135174643525738 3.380181492477846 1 -3.297171988007096 0.04797810927655277 -0.011742528681975653 -0.02228670708130682 -3.3288727449408326 -0.7261631503682286 -0.012415160422707681 -0.02138669569438053 0.9833083154241882 1.6662254905323763 -0.04786135912302211 -0.01767061496016983 1.327416936493778 0.752919227842415 -0.0646939354871813 -0.04026257981439109 3.694849752754358 2.402840567178105 -0.07873427829017081 -0.027856348734579456 4.23463289724306 1.4809594447720023 -0.08061875245602577 -0.01082702709940489
2.30062779002151 2.686537795132911 3.4191968450228654 1 -3.4028833374986274 -0.012276659933635914 -0.025326305650832784 -0.014926725685621544 -3.4426163257622346 -0.8214311697394769 -0.03370554376769477 0.010377816699276309 0.706677679625062 1.4998961152848782 -0.07245802380248285 -0.046355665202848756 0.9736132969375442 0.5645799951280732 -0.08304683639029614 -0.04098103130803415 3.363568399772725 2.348556547783226 -0.09751389701553623 -0.026808501363572053 3.9085495827798074 1.4506766625690295 -0.0874914124489373 -0.024725063852251213
2.126870540386348 2.5143592076148353 3.508864174878662 1 -3.6032057960671158 0.04244753392512379 -0.04094737148969248 0.00028285749351373776 -3.589769787751627 -0.8550202285922834 -0.02842341455301737 0.017015210586764654 0.35189818383112037 1.2886799317082374 -0.0853123725497208 -0.05018902985908957 0.6193694222006831 0.35234568472683847 -0.08089274918890677 -0.039109351785174336 2.981671236885979 2.2575410247493886 -0.07222610689812992 -0.0356995552412506 3.550180852430019 1.3778649150989368 -0.08451404012127141 -0.0028130843661476404
1.9984276944522672 2.358916876636838 3.5252838787415155 1 -3.8175195739308507 0.11096908135430694 -0.04867044248229339 0.009894472033955947 -3.6714384146794767 -0.8899102063034322 -0.019403375104278125 -0.01538593074752254 -0.03751568599498167 1.105248215993067 -0.07714205755741987 -0.018729842655402073 0.28135765004712177 0.16265220969329985 -0.0607476710797662 -0.042946690926406586 2.572392317128009 2.140657627012501 -0.07541650348087292 -0.03875242105822181 3.1425896602494916 1.2534694704658338 -0.0944527144704786 -0.01085744574203909
1.9052180984778129 2.2275910491717186 3.579489061715415 1 -3.930829149784712 0.1298074776136242 0.004654555064136326 -0.0025943768926291553 -3.702683784398758 -0.9817162651588333 0.002485309153504759 -0.018025980886913165 -0.403673069970397 0.9906233840896623 -0.053552540190013286 -0.009764043791817101 -0.05606377109119265 0.012592883084780793 -0.05320338521889688 -0.024626339166067646 2.1545125041509134 2.0091434682228204 -0.0755817160935825 -0.04189307550714233 2.702114707005678 1.0952141147544259 -0.09471728277556771 -0.017503018079260156
1.7936283130036186 2.099785502105756 3.6408526507853884 1 -3.9264331690289946 0.10116035606958973 -0.010169591642172016 -0.010582330810229556 -3.7694885154704507 -1.1151722332517806 -0.03062801417597883 -0.03031011196558453 -0.6829049729518002 0.9362801586711758 -0.02774804532245552 -0.0025739928255751427 -0.35377306038686385 -0.12036828876762518 -0.03255106021607139 -0.019705736409166147 1.75175869927787 1.8640445829241687 -0.05619670207857182 -0.020488713793993103 2.293973417982789 0.9106056228526671 -0.058573030279328815 -0.024781158225931656
1.725794364928387 2.0233416052117796 3.6454953502987624 1 -3.8957403598944236 0.027676839983514112 0.01799500737818837 -0.02507912529358998 -3.838644273792232 -1.2482852819589028 0.0014411449331644824 -0.01711232413026079 -0.8849011294868645 0.8925812362591832 -0.018649302215443572 -0.006463299936966231 -0.5507761225312309 -0.24620100498065944 -0.011266436793365177 -0.01862746117776779 1.411928331527494 1.7201876064101138 -0.046940964793638705 -0.034983157504525235 1.9686384452596482 0.7305528074295156 -0.055577154552261185 -0.015989524347035093
1.736946863256759 2.026523678534765 3.6596980927620626 1 -3.914981472848233 -0.08574453221476563 0.009362770655258496 -0.023294181002954002 -3.8531295807121855 -1.3835002912352068 0.01574972967680278 -0.03249812871758481 -1.0363487854005222 0.821056189065406 -0.0058311110168460115 -0.011561930594244768 -0.6456690931197655 -0.35050330472644764 0.005706201290415273 -0.010514623565130212 1.1846757585811485 1.5983864890446662 -0.014585647078798707 -0.015074097298646245 1.7734718903159585 0.5890448964789021 -0.011542563646115552 -0.011959611967804339
1.7783291412826105 2.0818723564882524 3.695515138239801 1 -3.918245911122976 -0.22073141294743137 0.019289547648389773 -0.032292577512281366 -3.877020168536582 -1.5155350836993136 0.00028405765415035725 -0.015508140129902275 -1.116618534775753 0.7462273976443985 0.013447930289056942 -0.011778982711608517 -0.6846088443116423 -0.4282763295969868 0.012233357449153007 -0.0008999108120519694 1.0767915155046177 1.4903956050521554 -0.0025034006635373815 -0.033741444066855725 1.7124712231073875 0.5031703567115899 -0.010382974189708963 0.00911866086361416
1.8711436334352727 2.1912380282457664 3.6921266159242467 1 -3.8672067958751954 -0.35131854395683515 0.028987266123362578 -0.032520756461275294 -3.9774691286397625 -1.599515125977653 -0.007433420950366469 -0.006572281758898076 -1.1041957446631319 0.6774335098710811 0.0359713259998898 -0.008751061450365874 -0.6897611568969357 -0.48589044077489485 0.031134770126184746 0.0007810584115972435 1.0763072517756518 1.4192125128980813 -0.006430425979567951 -0.01747447171459918 1.7719262596859329 0.4878530132274792 0.01098548584919581 -0.009759254756825507
1.998084462971767 2.3327254870972984 3.629390836705206 1 -3.813741422977786 -0.4715899789833109 0.007260422331368865 -0.019290535636063443 -4.1106313358877635 -1.6427831753481899 -0.02806418410514755 -0.007648764913427284 -1.0400381979349866 0.565831521562139 0.0002073335058964884 -0.035732807502022526 -0.6325756414176062 -0.5529590609949859 0.001917180918546292 -0.021662616969010565 1.1645798657148116 1.3969272058243742 0.00469649728651658 -0.016231425074298388 1.898938962347632 0.5311972115910883 0.015057809139091627 0.0004323328089084771
2.1186610287218306 2.4714497893561473 3.5763536361751145 1 -3.7887375715609926 -0.5785873349944495 -0.02120326819871594 -0.011120470719313632 -4.191214168962241 -1.672831144919774 -0.0203873912298781 0.0025369394872509863 -0.9454936215532466 0.39520489027960415 0.002136425510346228 -0.04585889119940924 -0.49039363075553766 -0.6450594921801642 0.013131400629803194 -0.03067274799064254 1.2723355974415087 1.3986710550871475 0.03757725439841211 0.013708025917433543 2.057061708874892 0.6119643636040866 0.03814779255089189 0.03491802775719957
2.2158181006576476 2.5937536943928556 3.561678512914876 1 -3.7724818242918197 -0.6372784266658481 0.0016285498649650995 -0.0007708739209328565 -4.216467736699042 -1.6773945472103629 -0.006597803365401963 -0.0022044463007589495 -0.8429782835177475 0.19911239588432017 0.003889692390066403 -0.05097072879506521 -0.3310399925819052 -0.7683192755876064 0.008703651756921746 -0.034810904067457696 1.3571166120622138 1.4223519904355846 0.026125004409144732 0.019140902158613592 2.199904025116517 0.7193955827875287 0.029300693915704203 0.036297421789934906
2.2911690211427738 2.688027120493822 3.597107014509735 1 -3.736759085960294 -0.6483746456131438 0.009167348380970665 0.006389440613814936 -4.21129437958988 -1.643943876353494 -0.0009982931463315033 0.0036515900981574055 -0.7189854022308255 0.0224167306237133 0.022040310484386972 -0.04131460192313208 -0.1940906870350254 -0.9067734741343457 0.013829821694796449 -0.026952430188012955 1.3925591187322182 1.4624164373312465 -0.006154460626768772 0.012416634118791136 2.2790111602345924 0.8295560513042761 0.015887881442121644 0.010626813241142423
2.3148273431409216 2.715448875617192 3.629682941449163 1 -3.6902664935521146 -0.6275887159551012 -0.0012986315723817546 0.010889319230642668 -4.183059140929462 -1.5906748879060215 0.001846542138021559 0.016532529415949467 -0.5822657951094174 -0.11637854377379897 0.030587853044128015 -0.0349381871351053 -0.08134299402039602 -1.0384123734856041 0.011793315017497776 -0.011133677450378549 1.3868543139281089 1.4980002041555633 0.0006634836078012792 -0.0012230281295810472 2.291792339580277 0.907174827358155 -0.007942250164149267 0.014632744100756729
2.283360129507901 2.6857214420002156 3.5825537261811413 1 -3.6544854457152045 -0.5777072557422672 -0.0003757504133471753 0.02262514522614989 -4.128884405906864 -1.5355692685811133 0.0032872409164830217 0.00454641357336377 -0.48566252031018564 -0.21486438140685538 0.020665986363827802 -0.027305434608970343 0.010776643136711783 -1.1439327791808238 0.009384371165508101 -0.00430513650944989 1.3573686551000863 1.4952535579949169 -0.00342479737809551 -0.00773870668945254 2.2864329183503322 0.9369049900702242 -0.008288913652976227 0.007484983791769279
2.435121482655273 2.75159509292247 3.46571419651513 1 -3.752670140298445 -0.6004433327521033 -0.028242679695863335 -0.010933276671701972 -4.045821082608194 -1.6021754939018829 0.004966376230940334 -0.028786861279087764 -0.39605709947295686 -0.40101757168097574 0.024226906623174043 -0.04174298005761567 0.13816120852342983 -1.2850636376417446 0.03534100882730605 -0.046817025432909415 1.5136909604456852 1.473140932659645 0.046509191730843065 0.014944995261928426 2.3550878860537727 0.9616151021335257 0.04918975128427627 0.02007749257621199
2.4982317549389914 2.757783743267701 3.3145502900826767 1 -3.7357626485873627 -0.7601996101905028 0.021625636062532174 -0.034785547075382055 -4.1120955857931545 -1.6364617904381404 -0.04314890544848487 0.00017727372468340392 -0.18612534952977544 -0.6581737788837502 0.049809503428973334 -0.058349381584880386 0.286635572094478 -1.4761454600530353 0.026076726006041065 -0.028947506368678058 1.7959198225177708 1.5766515419730225 0.022457159889283314 0.039421421280063054 2.5869790915966044 1.2486582739692977 0.07944618474170184 0.06624199845595355
2.5262550140675004 2.800480561059134 3.237455429031228 1 -3.6872141059903374 -0.9576319429475746 -0.0016445898461157765 -0.03534410198319633 -4.269085499888326 -1.63110092887301 -0.007276741189450425 -0.017523114339946085 0.10635955789749296 -0.8525906866042235 0.05309117410428038 -0.02526274707394381 0.5559247109005243 -1.5790963782795022 0.06986693679913863 -0.012280815827086029 1.9961525344285915 1.7979224525503388 -0.0025569096778069664 0.05026253227596824 2.7930725276504447 1.6242963833075597 0.06513261272819922 0.04550356978403181
2.5781076860473675 2.87206626846087 3.0461530687014546 1 -3.7829484783659724 -1.059755934487877 -0.01298388942416074 -0.008233757967741645 -4.224032054594053 -1.7429153330122 0.013816566054336316 -0.031928422067673226 0.3703166386521417 -0.9407309423231696 0.04270451063328845 0.0025122804193155393 0.8778171731241136 -1.546539295953256 0.06235120307486304 0.006578147406159071 2.091276097937694 2.0159300239734472 0.0007666450405297079 0.032408882820640174 2.8997299346899092 1.8283963567622816 0.023157684268666337 0.026343678100957613
2.55527690785284 2.853624970834379 2.9441025161853336 1 -3.7936955398457552 -1.1455930799979555 0.012288627229799978 -0.010393918346749298 -4.141166000797804 -1.7971588867806765 0.004935592464843323 7.83240389936532e-05 0.5691260315997138 -0.8995918623713454 0.025878203278540665 0.02305596297700207 1.0930739679694454 -1.4756327075554263 0.03718341906508664 0.004657154736489019 2.114120161323859 2.098253428001751 -0.007885400095237735 0.00680669907412228 2.949392733450539 1.9495017010575433 0.018593136136276563 0.014210531243890288
2.5500891780215116 2.857286596372843 2.8967923022097635 1 -3.7451942285932787 -1.1167028236746057 7.685128853594011e-05 -0.0013024181724395059 -4.1074760657040805 -1.7313747771115353 0.02592576166777826 0.04037885041726125 0.6770296992591094 -0.8223479842236004 0.006314962592560744 0.01872137002074861 1.2053759829280155 -1.424882797253339 0.024946064657510807 -0.00019288655337200422 2.131094473286198 2.124244955789213 -0.007045385633901377 0.006727454882715285 2.975150831928808 1.9689309491575813 0.014908824563061737 -0.011362826250966317
2.5335455772420725 2.8403004185074954 2.874264765933319 1 -3.669041496706025 -1.0128545093665406 0.0007610083946022368 -9.085613426929907e-05 -4.033321495919843 -1.6225145632971127 0.035971693233854005 0.04651839374928622 0.6995119356218629 -0.8052299956316501 0.020895406272340464 -0.025843391384477443 1.2545638626769096 -1.397587999823101 -0.024706041425716058 0.030163119859766392 2.143949642998967 2.117530645350273 0.014331521290163874 -0.02951807444514646 2.9824209123200074 1.9147218891472422 -0.02145378133300204 -0.01805581046569958
2.4873087148874697 2.7947948481160827 2.867491550918901 1 -3.618283628839637 -0.8912212732445741 -0.0034822634303972805 -0.004130253406737117 -3.9563775255712903 -1.5312452653263446 0.030483787152715717 0.04072524261043342 0.6679296946774862 -0.8212883571406471 0.013747487449979516 -0.029022197887711345 1.2125710909093925 -1.4397781029534409 -0.04312851116436791 0.016195177914934904 2.14590702842228 2.037338485194492 0.033337621574068194 -0.026239505211238863 2.9857558004255482 1.8662667258137642 -0.03744390286758296 -0.00960082073061912
2.480608011789454 2.834643927294065 2.942513772985196 1 -3.607332758248021 -0.7068239060642476 0.010758108364098346 0.053506510648041454 -3.7789404323432514 -1.549363029748195 0.05620707945338542 -0.016319318155960064 0.7379858734375295 -0.6284388053670004 -0.009422787838250183 0.062140236371529434 0.8089082529500002 -1.6063785049552037 -0.08887458157473654 -0.0395474169883674 2.065349977143917 1.931662084393273 -0.009706290628901063 -0.03539569409911622 2.9496617925661104 1.7190402260296946 -0.030924185004595973 -0.0375848972984489
2.585900278589155 3.01950802008546 3.1052692680413965 1 -3.574392605816106 -0.45404831165241855 -0.009358989901714848 0.04316706230495218 -3.5683305312894262 -1.451661432831574 0.010693781609719996 0.05405288993970503 0.6103151997031739 -0.450814097450025 -0.05533673200862976 0.016365153233823957 0.40177223197937284 -1.5401132927547896 -0.07131334508071341 0.04743974870617686 1.9200606762205545 1.6724222081158926 -0.022721898326523986 -0.0771918036572449 2.909563302756686 1.3444499816223456 -0.011400076518328198 -0.1063461192842367
2.6021296603421127 3.0234169993060087 3.013528090104184 1 -3.657106449039273 -0.22211260526080345 -0.021290192459005982 0.024693645872528276 -3.6450508624087177 -1.1868431602546368 -0.025296774513821507 0.0610291118019805 0.2416575193081325 -0.3122794944285847 -0.0801780437566209 0.021350369921669308 0.18154535373650038 -1.3894950647794575 -0.03825390573548177 0.030567641048926522 1.8737786594860832 1.2980424299880018 -0.015986970449640092 -0.091453620103457 2.8511069619849616 0.8641703536079324 -0.01695054215815624 -0.10492358735525477
2.429351161450725 2.8807276999734874 2.9265769230802157 1 -3.752988469361899 0.01972234539416129 -0.02792537890747461 0.047016031626846526 -3.7899490656254295 -1.0351582281842644 -0.026776178658286427 0.021450791242293505 -0.07672193886288525 -0.19509213419178784 -0.02899655932665554 0.026553822491530318 -0.06542453518504487 -1.2804168066240065 -0.06308833988159207 0.022472837672856225 1.7742998071395304 0.9175882620606464 -0.03228121408330652 -0.07580688202346623 2.744101672300898 0.41489982619350885 -0.03177339044750622 -0.08985733328730604
2.3615728687006867 2.77853464933009 2.8036385444045426 1 -3.894890860343173 0.23275742259066945 -0.025341280338041623 0.02339342842594749 -3.8040302531446857 -0.941206710869579 0.019486433965904586 0.03215685605083305 -0.20320540397179698 -0.0948774659133681 -0.024783184954558786 0.025052388501712455 -0.47651640982304233 -1.1491306118753606 -0.08919120896430294 0.014685242128411236 1.6589956446010934 0.6424887581695755 -0.00705864044732895 -0.022309123546105588 2.5682585341915702 0.031936021863660846 -0.02292807434180469 -0.06975718552116154
2.334031904856454 2.673968568061691 2.709249435035189 1 -4.078606529625754 0.39346433288340954 -0.01218728450362452 0.03540276987904309 -3.7654828878396778 -0.8082169391039373 0.016279631871322045 0.04052896171493361 -0.3025594635119546 -0.06963534526968806 -0.007136770316559432 -0.008094340099950643 -0.8262889658788608 -1.056561232489778 -0.03911177335895946 0.005445125221201619 1.5892729849022285 0.41586124535079194 -0.002310872491090116 -0.04920973318156828 2.3934139528165446 -0.2963780563016697 -0.05248851018063238 -0.04271372750169933
2.1453629783743624 2.5089233776508078 2.672883507667328 1 -4.218334293174233 0.5197538558322568 -0.014467228016339142 0.01894418812155126 -3.775368562590716 -0.6229467914684506 0.008313209047066646 0.04351147314277526 -0.42596264408439843 -0.08386310812244424 -0.037077211006417664 0.007347267395081614 -1.0137904955113752 -1.0449140119650178 -0.03864113598089969 0.0005467280678817972 1.485926388538262 0.17774987140797927 -0.0017357242813170748 -0.048581796725501315 2.248805414790347 -0.559017978917594 -0.04571312681647355 -0.027644957254837288
2.029572811799209 2.3709813042740175 2.6661051328978522 1 -4.326840471952107 0.5921946390847244 -0.006329910500145708 0.0017853619435403405 -3.7923624737077635 -0.45960777146173193 0.005425867793413852 0.04311221286248696 -0.5188853649871472 -0.08279578190846182 -0.0033519415319258755 0.005760841677580845 -1.1296938898806506 -1.0152993953401082 -0.030408289564997394 0.008828664251249632 1.3897226769271747 -0.013116403325249215 0.0017524195762984637 -0.037559725291698015 2.132301219850846 -0.7743903287977523 -0.03956181438307293 -0.020027659460842416
1.8828514275910107 2.0993913610833355 2.616525964222887 1 -4.419187521820993 0.6243367190533948 -0.022002894352363515 0.0024129666604646993 -3.8032048072281937 -0.330313503802786 -0.008560307753276177 0.01820873902764829 -0.6230715268630886 -0.0012336216333879158 -0.006314599579842012 0.015586085695252333 -1.1255023232045862 -1.0188553092543715 0.020393879094840573 -0.010722655895974181 1.3305800245992385 -0.11793998627601787 0.006099573376653539 -0.021541641669970794 1.9964153234058912 -0.9926899583302826 -0.05067900493062459 -0.02507335068817708
1.4164876532402686 1.60349949414424 2.633031418449494 1 -4.49172810589052 0.6339217398253414 -0.001072688427101431 0.0030536040307028904 -3.8105386163816517 -0.23115984644623366 -0.011112759752521623 0.017420642195590808 -0.7044713735853927 0.0760195756608808 0.008939184992049248 0.004399925039669739 -1.1473827501043758 -0.9915039913062881 -0.001057544170980001 0.008522541858844953 1.2661941513017432 -0.1296952289503246 0.005386899879146291 0.016210191861541726 1.7953675058392715 -1.1753285191411798 -0.027787302223861277 -0.005920864477864947
1.0605597523329997 1.1767584024926874 2.448430889566654 1 -4.5556427294525905 0.6767755583601931 -0.0014581033288477534 0.015058928621310523 -3.8595942108454087 -0.19547398216611733 -0.010077560881774427 0.010290321507748348 -0.744708075563818 0.13473673439850842 0.002255769406248845 0.005296364419799613 -1.2719976600586684 -0.906458037383862 -0.01247496139477268 0.01518036088289736 1.1866476831511266 -0.04164439815163268 -0.02308293445413057 0.026761424869486614 1.629309293517676 -1.130535216862796 -0.028363744789416594 0.012789540185378107
0.8758306893438356 0.9030398937476389 2.1616083389909244 1 -4.619024299171131 0.7502108388437929 -0.003420300633045381 0.015205717456072805 -3.931416048282742 -0.18799631455053822 -0.007440777095209107 0.009292377400997188 -0.8351722355013385 0.21976165163890937 -0.03412356715808527 0.0256793301395471 -1.381825778379623 -0.8307646064684776 -0.02563469347206975 0.015373554738256147 1.2066203570546232 0.08024471634292496 -0.011753551339154802 0.011313250375879446 1.5309257894834678 -1.03123512842204 -0.044910464001892844 0.014397208073920252
0.734548388086156 0.6876575631820641 1.9530140472283626 1 -4.68710785040868 0.7792722559714911 -0.007198075227367417 -0.0014684062176248968 -3.9690160517638775 -0.16103920023830032 0.006347603538428512 0.020115688321486618 -0.935895655593955 0.3091183716569361 -0.0016725754834530397 0.010667184702340867 -1.3912713128244816 -0.7749078600738882 0.020599180536288623 0.010260171056705614 1.311078603397661 0.15775221197071265 0.041585224488205466 0.018285960377657402 1.4618453365078201 -0.9561678604084671 0.009399104217845958 0.011206309331262095
0.549486517151291 0.44231467872280217 1.803844577814014 1 -4.763372839006744 0.7437138913024159 -0.01844997497424679 -0.01614750652065361 -3.9649448732436667 -0.10854617809966371 -0.017565170652253742 -0.005053012920674359 -0.983947818838816 0.41463865012221235 -0.018952038450580147 0.028393366047705364 -1.3384033542529084 -0.6824118680700133 -0.0003674629357518465 0.029947069630980937 1.4464223611520959 0.22587004221124518 0.002328234571763078 0.01226224091759629 1.4381996771528547 -0.8885069636271061 -0.027017678377601505 0.019251291603183947
0.3610572265549883 0.2040799345679163 1.7143938841783273 1 -4.811870100240674 0.7213371806392108 0.0006117522444449579 0.0017597531696753063 -3.9669755435700513 -0.07119347593696546 -0.00011726950713262965 0.011752183704181981 -0.9538855823290051 0.5599728356729261 0.029859331381173353 0.027020282406535354 -1.2678857348053452 -0.5197917227297277 0.03146855584356055 0.03693944787358374 1.5980012601632643 0.297890360230195 0.015270639492707447 0.005632528111029749 1.4566692310007054 -0.8027043499931723 -0.010116737541517797 0.029499015141751034
0.2110798852878849 0.017609626792937646 1.6295738100690476 -1 -4.822409886940192 0.7300380291855666 0.010740078243960139 0.00790785751554449 -3.9831679973503906 -0.051913769446464975 0.0056526114997399075 0.013631924595445339 -0.8839921999812934 0.7542889205643133 -0.0032116068200957505 0.0487459079366552 -1.1848907497931407 -0.31374102955775585 0.0010648484263689948 0.04482837933210919 1.761328552887429 0.3478438795726768 0.04599533861235452 0.003977492492447859 1.4912913752816994 -0.7243349727547992 0.021532927230687088 0.008072173593041125
0.07351782361212324 0.1617338636636011 1.1204792830152053 1 -4.930251543740626 0.7872294625535703 -0.043056863240151136 0.007703953191106628 -4.1329927937929085 0.13860521432417694 -0.05911169328520312 0.04312284328398672 -0.812526294720564 0.9084171420769118 0.01919719642253465 0.027254586572389893 -1.1322772081762533 -0.10663750981303655 0.0033475245985398784 0.02933322334462364 1.9625499771006627 0.38586420731331694 0.0516725202182422 0.006945256328571799 1.7232840979643909 -0.5774159410293255 0.05989362040045429 0.038795312980195784
0.17099045577338595 0.18861939890356857 0.5850004738607182 1 -5.13511093815077 0.7977649409990302 -0.012060978211281437 -0.020277200422165534 -4.397783735343131 0.38825158478297483 -0.06691400093247535 0.04710981551180711 -0.7490697000720479 0.9431435496279876 -0.0012089936520332974 0.004468292587736997 -1.0994523770529105 0.08107404863959378 0.00147816088430515 0.03943642951276825 2.4569114942363752 0.33273663204047055 0.10582560597173903 -0.054966462669889235 2.162508764508348 -0.47531287139933276 0.09921640357489134 0.026663689112769267
0.3386332374522738 0.17430312128631437 0.24195183373543216 1 -5.303756325690208 0.7427096987578308 -0.01731761072484636 -0.0110243162942689 -4.5799158941935465 0.48408861815898385 -0.022268311574254504 0.010453437840376972 -0.6574874526593923 0.9623152735068266 0.012064107091809394 -0.014806883105872755 -0.9910967128039494 0.22824077235324047 0.04213621980357412 0.05306015755368537 2.9771638926833957 0.1683792846588028 0.0638725808713343 -0.06802208134972937 2.5751167332715026 -0.5337119122169076 0.08889529730494691 0.0014854566160672628
8.592344 -2.7166762 7.1902585 1.3120024 7.9949894 8.666186 -3.6076753 -3.5404594 0.92399794 1.3324342 6.115926 -0.49988487 2.5478811 -0.19209194 1.2290939 4.5196085
8.616886 -2.653561 7.0857954 1.309568 7.8643384 8.636044 -3.544321 -3.4621665 0.97639734 1.3361366 6.224262 -0.4826781 2.596196 -0.17824888 1.227423 4.5483537
8.675201 -2.3523946 6.5587234 1.3044657 7.5195613 8.589612 -3.149162 -3.3792813 1.2020197 1.3414736 6.5628376 -0.34923652 2.7770548 -0.13176107 1.2107185 4.552185
8.854729 -1.6433797 5.321984 1.2906247 6.5481076 8.462525 -2.1301315 -2.9514284 1.7824128 1.3648165 7.453662 -0.020904958 3.2363026 -0.006063819 1.1757563 4.598279
8.8944 -1.4518404 4.95247 1.2859672 6.288539 8.423327 -1.85588 -2.8420491 1.9422394 1.3701289 7.6998863 0.067991525 3.3647895 0.028137803 1.1660466 4.6076994
8.9580765 -1.1749706 4.4152255 1.284192 5.960154 8.434345 -1.267559 -2.6505575 2.2103653 1.3802048 8.013603 0.26362574 3.5466738 0.08059466 1.1505737 4.5533667
9.185288 -0.49145222 3.1468403 1.2919476 5.1354094 8.602278 0.72679776 -1.913372 2.9961708 1.4188529 8.761581 0.9284336 4.0088196 0.23090434 1.1120968 4.3218517
9.5648 -0.97201204 4.9590917 1.35617 5.055101 8.717129 0.7090034 -0.868736 2.7572124 1.4631126 8.392246 1.0023308 3.7290902 0.21785843 1.1816115 4.5120454
10.153093 -3.5837793 9.3096285 1.4893712 4.574751 9.0591755 0.4338976 5.623428 2.5341134 1.6565284 7.7463856 0.7876422 2.6638381 0.2571969 1.5342749 4.7837467
10.15419 0.7512169 9.927798 2.2690449 8.66628 8.587309 -2.625575 9.674503 4.5448694 1.359312 8.827913 0.48236287 -1.4157039 0.087578654 2.0510688 2.014944
10.076547 2.2392364 10.072363 2.4415755 9.321358 8.562178 -2.191157 9.794277 4.050243 1.3113071 9.112668 1.0425813 -2.03609 0.093919516 2.1600702 1.6589079
10.053825 1.1098533 9.966728 2.3307614 9.146847 8.5905 -2.785637 9.7791195 4.503616 1.330282 8.811146 0.5257989 -1.7573936 0.06389892 2.0941672 1.7711177
10.152035 -0.82598877 9.7752285 2.1070144 8.274643 8.613011 -3.35107 9.642891 5.1632066 1.3925955 8.451452 -0.20082256 -0.9443773 0.056619167 1.9522 2.2398577
10.170792 -3.2493668 9.427833 1.6214979 5.3668976 8.936867 -0.6777511 6.989842 3.447591 1.6015326 7.9119473 0.38387233 1.8094366 0.20907891 1.6334376 4.16488
9.955474 -2.551381 7.424231 1.4074233 4.3227797 8.91243 0.9967282 2.9541311 2.5631983 1.6008004 8.137007 1.0371727 3.3803172 0.27958822 1.3685012 4.8540196
9.165235 -0.30444765 2.2693553 1.2764302 4.5200143 8.581203 1.5379121 -1.1544926 3.397021 1.4455631 9.292757 1.1635042 4.2907414 0.32131588 1.1101494 4.278866
8.952117 -0.5163722 1.0888779 1.2138281 3.8831012 8.495629 1.9099429 -0.0011432171 3.7266304 1.4809415 9.862846 1.1227388 4.566437 0.40926707 1.1276497 4.283379
9.44744 -4.176928 0.00418102 1.1918272 0.5635681 6.514246 2.8689015 1.0742967 3.6767013 1.5510188 7.8158655 0.7087618 4.8246126 0.7899716 1.4065554 5.02777
9.207422 -0.4711275 0.63901603 1.8145854 2.3654008 5.8472333 5.429891 -1.7959676 0.6224971 1.384763 6.1889663 3.0155244 2.9079053 0.85773575 1.787911 4.5133767
9.928242 0.6715188 1.1027048 1.797844 1.7206624 5.0618386 3.0849686 -0.6485903 -0.15216208 1.202632 5.3248496 1.7952082 3.3447785 0.88221455 1.7663819 2.5749254
9.939093 0.71539354 1.1163596 1.7999526 1.7126312 5.042183 3.03914 -0.6232507 -0.18171425 1.1975496 5.300158 1.7751873 3.3492098 0.8828676 1.7670202 2.5230284
9.939097 0.7018342 1.113108 1.7879813 1.7081139 5.0520725 2.9722488 -0.58885694 -0.15950081 1.1944704 5.3863707 1.7373967 3.3685443 0.8805481 1.7625413 2.4860392
9.960134 0.77159786 1.1396261 1.8021154 1.6878898 5.0105367 2.9657526 -0.57414484 -0.21422684 1.1900423 5.264416 1.7356458 3.3661418 0.8843701 1.766773 2.437467
9.990288 0.8189578 1.1620728 1.8052158 1.6507785 4.97035 2.883168 -0.5254147 -0.25326625 1.18293 5.1961412 1.6915569 3.3839452 0.886809 1.7664398 2.360313
10.050309 0.91233826 1.203132 1.8042161 1.6035974 4.924572 2.739786 -0.41858554 -0.30402774 1.1689925 5.143201 1.6131423 3.4197195 0.8899522 1.763638 2.191907
10.398091 0.4928012 1.2960757 1.7985768 0.84026 4.486495 1.9956753 -0.09693432 -0.23475944 1.1610781 4.1141424 1.0516816 3.7808628 0.921818 1.7278628 2.077901
10.366889 0.86412144 1.3365427 1.7921579 1.1044557 4.625853 2.0413666 0.02341199 -0.3554971 1.1368816 4.535493 1.1501194 3.6913416 0.9124265 1.7348657 1.7750754
10.05399 1.3490415 1.2327248 1.6576929 2.0599225 5.378425 2.1568835 0.45272827 -0.21978861 1.1089673 6.738407 1.3909262 3.4919467 0.8510622 1.7173214 1.2504921
9.8824625 1.6345696 1.1954635 1.6403625 2.4168994 5.6088676 2.1162302 0.7824836 -0.25716358 1.103488 7.2085123 1.4368607 3.4196236 0.82515097 1.717059 1.071208
10.219663 1.2599397 1.3507001 1.8211374 1.4188993 4.664365 2.138267 -0.09727883 -0.56867206 1.1224257 4.7496443 1.3121805 3.5197418 0.9004562 1.7622768 1.6964502
10.095103 1.4487228 1.4685663 1.6785834 1.9583905 5.211694 2.0848055 0.25330496 -0.4020516 1.0899467 6.6236424 1.4453557 3.3607368 0.8473915 1.7329754 1.363935
9.972144 1.409204 1.4553313 1.5517403 1.9462626 5.6375847 1.911896 0.65574646 -0.41561782 1.0419918 7.7744503 1.5017709 3.2218616 0.8021896 1.6896756 1.2683592
9.377355 0.40824127 0.96121585 1.4188752 3.5950465 7.213127 3.870353 0.6075251 -0.2988978 1.1281326 10.108155 2.8280385 2.4967694 0.75828755 1.6780264 1.7424917
9.244705 0.6572118 1.0318947 1.41692 3.3567927 6.9662647 3.353581 0.30717325 -0.09391043 1.1100881 10.056364 2.4489946 2.6859329 0.7304424 1.6821399 1.7887025
10.168898 2.7775962 1.1754116 1.6369485 3.005187 9.738722 8.037073 0.46530557 -1.4692357 0.9982178 9.378986 5.9453807 1.6061544 0.74842346 1.362258 2.0016189
10.221514 1.8782377 1.2405275 1.8905466 2.8851256 8.589013 9.783459 3.3559952 -0.5346746 1.2551801 7.5619287 5.7396584 2.096261 0.9865141 1.6739436 1.6037879
10.050688 3.4162893 1.536237 2.023576 2.5581017 7.852103 7.446993 4.86239 -0.92755336 1.1827872 5.576259 4.3298025 2.647802 0.9266825 1.6895944 0.58076286
9.858832 4.346711 1.5706894 2.0551732 2.4314125 7.7378187 6.127873 6.1553955 -1.290747 1.1244414 4.9233766 3.645225 2.856993 0.8786129 1.6790266 -0.07428551
10.053813 4.2438993 1.9112763 2.088068 2.9597692 7.193649 5.7862353 5.420004 -0.87937355 1.1834486 4.94242 3.3246133 3.073766 0.89635587 1.7221346 -0.1383934
10.261948 3.8556936 4.066924 2.0748577 3.6021821 7.0734043 4.609128 4.7712107 -0.718305 1.2132986 5.4971137 2.8468204 2.907661 0.78751576 1.7777463 0.156394
9.753693 4.9947042 1.8575205 2.1663575 3.7413137 7.311413 5.2090716 7.057367 -1.2745576 1.2376767 4.900616 3.2255073 2.9838452 0.8750727 1.7570986 -0.3154955
10.569357 2.3122356 2.4825044 1.7398317 2.465022 7.008588 5.9912815 1.4303672 0.5063364 1.0931528 7.5007114 3.1062741 3.2897563 0.8760767 1.6635323 0.05588627
9.849732 1.8272262 1.3642186 1.4618133 2.073591 6.823072 3.3970928 1.4588099 0.009707663 0.98435044 9.080286 2.1122935 3.2485132 0.7820138 1.6173868 0.40895557
10.54896 1.3670535 1.396181 1.5797182 1.1640396 6.8875084 4.4320555 2.7113562 -0.36630946 1.0237278 7.22563 2.627112 3.2748256 0.9016001 1.5721076 0.46434975
11.652039 -1.151917 1.1169312 1.4356676 1.4060922 7.7673683 5.3392954 4.123464 0.15435956 1.2532933 7.867304 3.4346364 3.290574 1.0414865 1.4035467 1.5170808
9.975901 1.0178161 1.1621749 1.5090747 2.5534012 6.0159717 2.3972926 1.4775703 -0.04045271 1.1067927 8.433567 1.6484069 3.3747914 0.83886266 1.6691742 0.92393494
9.70027 1.5115085 1.158458 1.5544564 2.6773334 5.8847995 2.1255984 1.2383375 -0.09834148 1.0907469 8.233217 1.4891832 3.3802466 0.805709 1.69682 0.9126854
9.693196 1.7974536 1.2215716 1.6009551 2.7568521 5.9704423 2.5054455 1.3698609 -0.099462494 1.0949068 8.037741 1.6568335 3.3603241 0.81112385 1.7043115 0.801651
10.436348 2.4324834 1.9999527 1.7771285 2.984466 6.976694 6.378862 1.618619 0.62805986 1.1405227 7.513624 3.259778 3.336215 0.9106587 1.6787541 -0.08182144
11.236432 1.2593527 7.3908634 1.9114993 3.8688369 7.1675854 4.692632 1.64014 -0.53028744 1.186841 6.741298 3.1548355 2.1834579 0.70916545 1.8132235 0.9376564
11.366243 1.3526773 7.456058 2.0118918 3.543015 6.569536 4.2756195 1.5097728 -0.8114842 1.1622086 5.0050054 2.8632026 2.2449982 0.72133315 1.8238101 0.85545826
10.112126 1.7175541 2.7664301 1.8853886 4.515938 6.720231 5.5664124 0.92502975 -0.29816088 1.0929362 4.7581625 3.0544512 2.6299412 0.7733786 1.7091116 -0.3476858
10.498367 3.5812607 2.0681715 1.7980838 3.718936 5.589509 5.4274483 1.7351956 0.4592958 1.0298272 6.000022 3.1428585 2.767998 0.8011571 1.610389 -0.24608326
10.624151 4.164165 2.1042588 1.782047 3.4506671 5.0179863 4.7752576 1.5473385 0.5140652 0.9937546 6.0493646 2.9663408 2.7625425 0.77749527 1.5723606 -0.009302139
10.203667 4.4663277 1.7578441 1.6346598 2.4248073 4.0886655 2.0071418 2.162343 0.33406177 0.9899634 7.789406 1.8508269 3.0121453 0.7555418 1.5913156 0.98455334
9.401846 4.3698363 1.6415565 1.5462251 1.9182098 3.8684576 0.94384706 2.8604152 0.23474512 1.0143564 9.033637 1.3054705 3.1645126 0.7511991 1.6259754 1.3789511
9.070677 4.295443 1.667554 1.5325361 1.8251877 3.9300318 0.96673125 2.9685822 0.24282105 1.0252049 9.315693 1.2504269 3.2135272 0.7526567 1.6345729 1.3969436
8.591372 4.568038 1.8876636 1.533592 1.3110723 3.494105 1.1337578 3.1684732 0.3802849 1.0314856 9.517355 1.2256563 3.272265 0.7692332 1.6335001 1.5591197
5.1431913 2.8463185 2.3848996 1.4500958 1.6219394 4.778612 1.9977157 1.918647 0.15339863 1.095592 10.719316 0.85349816 3.525037 0.70027304 1.7021766 1.1693282
3.638325 3.0914412 2.684935 1.4660969 1.3613193 4.7776995 2.1798909 2.2063916 0.06616855 1.1252284 11.1287155 0.6987499 3.6469126 0.6815953 1.7181114 1.1896796
1.724813 10.188215 3.7455308 1.8247979 1.6001813 3.0633016 0.44138938 2.6063113 -0.7355926 1.0078443 10.806732 0.726467 3.5041084 0.45333397 1.5064147 1.4467726
1.5095425 8.677964 3.4936724 1.7395626 1.5133054 3.437156 0.5472891 3.1186812 -0.6778511 1.0532641 11.0915785 0.5183357 3.5740552 0.48916364 1.5717489 1.4199829
1.8052588 10.649034 3.8275478 1.8545015 1.6172373 2.9649045 0.50511146 2.488889 -0.7284226 0.9950187 10.681734 0.83006346 3.4788427 0.44696534 1.486723 1.4391046
1.9407401 11.174824 3.9246993 1.8925028 1.6019771 2.8848958 0.7145616 2.4386163 -0.68273824 0.9830637 10.521965 1.0022881 3.4492486 0.4476056 1.4658488 1.414947
2.1597514 12.206898 3.9850936 1.9986477 1.7414079 3.243303 1.4595882 2.6139789 -0.5223804 0.967867 10.001448 1.5179796 3.3262825 0.46383357 1.4458903 1.296936
2.0680327 12.670641 3.7566137 2.0954714 2.1868858 4.1673894 1.934037 2.9813056 -0.39793104 0.9766152 9.431836 1.8764292 3.1734455 0.4812008 1.4771526 1.2211156
0.54072 12.875263 1.7799942 2.50908 4.6405983 9.2991495 1.7176976 3.911353 0.1280964 1.1146183 6.5596633 2.1084871 2.8662975 0.5361527 1.7828189 1.6424232
0.89942884 12.975521 1.9578749 2.5668092 4.464393 8.634887 1.9797785 3.4240918 0.2860692 1.1379448 6.0521317 2.0761018 3.0378175 0.5557152 1.7859018 1.706953
2.6013498 12.870295 1.9878749 2.629872 4.3639097 7.941961 2.4911163 2.9822803 0.2558392 1.1270678 4.787298 2.3192072 3.0823946 0.6044977 1.7482741 1.7818284
-0.397964 13.266001 1.4055449 2.5902603 5.351929 10.945611 2.3727689 3.4114249 0.64220524 1.052651 5.172136 2.2031505 2.7466755 0.4493916 1.7978717 1.5256672
-2.488409 12.567826 1.2039843 2.2484007 1.1959922 12.815379 0.28630114 1.6589069 -0.90405345 0.31213343 0.7187495 0.88709044 2.2542677 -0.09391534 1.4376974 1.0116577
-3.0040102 11.772345 1.1154218 2.200028 2.3618317 13.044291 0.19604671 0.89088845 -1.0683435 0.29845846 0.18064451 0.7414725 1.9631071 -0.18135154 1.41906 1.1716037
-2.2778163 12.514237 1.2083712 2.0176203 0.776201 12.675014 1.7951195 2.092501 0.0012378246 0.32525957 2.581549 1.1997035 2.5013168 0.00064504147 1.2675028 2.5108514
-1.4766555 4.663955 1.01032 1.3696523 1.5055141 12.987528 1.0071018 1.8796313 1.0337694 0.42372417 1.1648474 -0.12792557 2.9124787 0.03307259 0.96582586 2.9104147
0.16126442 -1.1964159 0.85727525 0.90241325 0.34579515 13.5167465 4.3793163 5.9172287 1.6955992 0.62816036 2.8610666 0.9562676 2.710694 0.45358777 0.92556673 3.386589
0.26186228 -1.6251764 0.92778873 0.780723 0.30763054 13.052593 6.452853 4.6152825 2.0557928 0.660125 3.2030897 0.9750875 2.4757683 0.5425683 0.84552824 4.586956
0.3129921 -0.25566292 1.1617049 0.83616376 1.0994086 12.833517 5.280758 0.9499178 1.762835 0.5567378 3.1867208 1.0940046 2.334384 0.39242828 0.71754515 5.1904554
-1.0364685 -0.61368895 1.2228597 0.31945086 0.940608 14.009884 3.97234 -2.249835 0.91923773 0.24840307 4.7547474 2.6646137 -0.34756342 0.09437144 0.25057662 8.956628
-1.2542892 -1.2924194 1.3525397 -0.011506081 1.0848002 13.866548 5.5462213 -3.046762 1.3112849 0.16857994 5.719296 3.506405 -0.9738858 0.12319291 -0.047885895 11.8358
-1.4259386 -1.2755809 1.2988726 -0.038166523 1.1393862 13.785957 6.070119 -3.112546 1.2322084 0.19299519 5.782367 3.3354318 -1.1832939 0.13865924 -0.04928696 12.099037
-1.7592173 1.2762737 0.7048088 0.37356782 1.9430261 13.163537 6.9508004 2.1500938 3.3675945 0.45318365 6.803935 0.51671016 -3.2688646 0.24802244 0.3103348 10.953889
-1.2113323 1.5713711 0.8350999 0.29835606 -0.42349958 12.594385 10.438695 1.1293449 2.7917957 0.59565747 7.6434584 1.1426988 -2.4129746 0.4866072 0.2904637 11.732008
0.44725895 2.5728815 0.53495103 0.83049726 1.0280504 11.634364 6.5064645 4.886014 2.965255 0.8548918 8.999929 -1.1413105 -3.7121477 0.59902775 0.54536533 12.770319
1.3953595 1.2948146 1.7474577 0.7264086 1.3416262 8.384038 3.74093 5.3661222 3.998673 0.71056557 10.522991 -2.7803288 -4.7926736 0.4290576 0.46416295 11.489296
5
5
5
5
0
0
0
0
0
0
0
0
0
0
0
0
10
10
10
10
0
0
0
0
0
0
0
0
7
7
7
7
10
10
10
10
0
0
0
0
0
0
0
0
0
0
0
0
0
0
0
0
0
0
0
0
10
10
10
10
10
10
10
10
1
1
1
1
1
1
1
1
5
5
5
5
5
5
5
5
10
10
10
10
