58
1.8465855682453534 1.8931512028349002 5.536244214266564 1 -4.17 0.3700000000000001 0.0 0.0 -3.65 -0.48 0.0 0.0 -0.75 2.45 0.0 0.0 -0.23000000000000043 1.6 0.0 0.0 1.8200000000000003 4.01 0.0 0.0 2.34 3.16 0.0 0.0
1.729320066643689 1.9498212232708336 5.519790102787588 1 -4.10639214632911 0.4080559772328114 0.033899196175970606 0.016450208415512122 -3.6606441181629945 -0.513316409386485 0.003232067370430681 -0.014191931202800922 -0.751412709941115 2.4488094881056246 0.001340129111564131 -0.004850253814822998 -0.23038813826119853 1.5970013029789505 -0.0032409268479018424 0.002927126438520857 1.7523464523759937 3.9647121267227217 -0.028845464694894296 -0.019603696995125163 2.3283201297712317 3.097694115597542 -0.013700738019397054 -0.020596967567586007
1.7876525743732625 2.122617369804597 5.410656230380088 1 -3.963472659899378 0.4024079312221509 0.01786215341677717 -0.025738865101291974 -3.6604637600734202 -0.6002104295668855 -0.008225053055102804 -0.006315572700968112 -0.7893435972558933 2.4462301179868904 -0.011906456454004382 -0.004393557228443633 -0.24585096836786313 1.563906462134283 -0.008327031567271178 -0.008890008912382862 1.5898016592205 3.8384447935242356 -0.023804028378993855 -0.03844688903631621 2.227564631748046 2.910319576205653 -0.030508359475704135 -0.04751943196611605
1.910088609088578 2.2233233576876676 5.18502355768977 1 -3.948005269319758 0.30410815596916296 -0.010595885080729778 -0.025591764222593974 -3.6383442903395324 -0.6520547095004322 -0.002713289749819556 0.003042110441016743 -0.8823284291069857 2.4200760019410916 -0.03298613273284318 -0.010730351957891123 -0.3102525250622161 1.4777943446725592 -0.02554481485187092 -0.03080781559465842 1.5151333657791168 3.6263923340223183 0.00016012374760341827 -0.03380292228646565 2.061537139995166 2.620697035650455 -0.02012224643561611 -0.057990758161943615
1.8132169888527159 2.155297819264881 5.063286172793106 1 -4.027852112583978 0.25001970889105296 -0.013267893294434827 -0.003455281632708241 -3.6101122949616347 -0.6838916309226641 0.0076928352783660284 -0.009603559150633495 -1.0125762450227218 2.3393577977352265 -0.027891747778612485 -0.01742565405254812 -0.44294164064496666 1.3604906112363904 -0.027318509528559992 -0.023725525023720426 1.4363999474419575 3.3944295785497234 -0.039579738665033073 -0.052409403206497604 1.9072072611197406 2.349056527662943 -0.03759606752334789 -0.051748195033933346
1.762582814570154 2.108177528476803 4.972181215470837 1 -4.085386574212712 0.22716028232007868 -0.01568041900695863 -0.010508658675194772 -3.618436869120542 -0.7724705563069896 -0.017924161937884427 -0.029047195785446112 -1.1799703734795468 2.22283107014544 -0.04759043669879169 -0.029374822722888452 -0.610375505837712 1.240338946716696 -0.04543211946468135 -0.033378572579287114 1.294947059860025 3.195469706012428 -0.012937796247596292 -0.023567132334888302 1.822395330606061 2.18963235546042 0.0023677180614845098 -0.015353568096581005
1.857452239265273 2.16162375721521 4.92058325920944 1 -4.066631044068977 0.1973411885723939 0.021301107170996238 -0.005900318950152654 -3.6668801411765233 -0.9226495479952217 -0.0013932269709063493 -0.027062980153707374 -1.3214558473592333 2.1019939316816 -0.005276988768467803 -0.01499446938820207 -0.7556109642957889 1.112661436614197 -0.006422516654936206 -0.019353951786017797 1.163152090787782 3.0327607352775576 -0.039362418420966515 -0.04101830623317464 1.7394797592451265 2.085897505110735 -0.036009143576387716 -0.03410016925392434
1.9016869527936267 2.1893120567873092 4.875748360375334 1 -4.038403173930549 0.13264806048766298 0.002344063111451567 -0.015088473120462992 -3.7085686899842254 -1.072885208962042 -0.003448313707887782 -0.027652121587940767 -1.3673603080789758 1.9766224932915915 -0.006786629724605368 -0.01831913651586982 -0.8395042571491063 0.9546224965425922 -0.0072888265195746385 -0.04245878393082667 1.0981248686114053 2.9132814138129555 0.007252132361563725 -0.012316646750357062 1.6598457694212954 1.9631358821302913 0.0002852742984963269 -0.013863644299973645
1.8675542930388953 2.172342966857021 4.816674977843072 1 -4.0268739726705505 0.03441441827669833 0.01761947612261116 -0.016750476642669664 -3.69052882919924 -1.1699321872013075 0.012951254005549926 -0.00985235441768709 -1.349514573700091 1.8524653577176262 0.018715758661009198 -0.018655496014989642 -0.838773259534507 0.8009782916479313 0.02204886064458415 -0.01849829819709556 1.0346280912267796 2.809978564996642 0.014442894441364408 -0.0017793053260986066 1.6101899957074544 1.8534862113766906 0.017983530209400758 0.001127410208615346
1.9133723701598355 2.2273404543675905 4.774929869499876 1 -3.9975071158453352 -0.03701843434856367 -0.022245288836693942 -0.015472352412588136 -3.691114065982229 -1.2218675529959966 -0.02466771080849018 -0.014052704729111364 -1.3310351422712778 1.7395934901541543 -0.00965480910427251 -0.03188068266753998 -0.7771525279152267 0.6920876167994192 -0.00269609088509862 -0.023424871311209072 0.9742043138866014 2.7442826190752756 0.016689859775921863 0.0061288913080311865 1.6270859144061625 1.8139638062570316 0.026920066451497842 0.015992396208652837
2.0058482766062586 2.3329076645349023 4.7514165107654325 1 -3.943139846310127 -0.0675235884991765 -0.0013794517847864063 -0.005789921162868784 -3.7407064976076274 -1.2515177407623046 -0.021486071758674508 -0.00535995613452747 -1.2872168549154819 1.64798901185716 0.028385979777187712 -0.008477779428492626 -0.6975024406265335 0.617689011703177 0.031592444949156896 -0.005266868464561101 0.963417756099374 2.7056471461107856 -0.021285562221925434 -0.02547614316058428 1.6838013253852484 1.8268765179807498 -0.005557710340737713 -0.015248938814181497
2.083425303033195 2.4342627532849317 4.7240626392124065 1 -3.8894815036423767 -0.08584231776289553 0.02261874505925489 -0.0034828338324287287 -3.795377002932909 -1.2707597080300461 0.0004085755504569899 -0.0024163030253489363 -1.1922326162471992 1.5499373240956555 0.03904604235934526 -0.016694833985103914 -0.6176320219553393 0.5357747188084694 0.03326473083639471 -0.006936577679746233 1.0143084519131724 2.6884228592233788 0.00250175777456995 -0.014844119675447283 1.7749513656342941 1.8588700107083276 0.009040341412626936 -0.00125919508891972
2.17098375771766 2.5235114509438605 4.7080389026662095 1 -3.8567403900666855 -0.11321994812140068 -0.0022539575595582843 -0.003272574736097961 -3.8264618063120395 -1.2891619298114714 -0.008602530291371318 -0.008858627494705812 -1.0744774063864924 1.4196537271874323 0.011429308499441685 -0.036313558439685326 -0.504581267982239 0.4351728961310837 0.014088446877217296 -0.028029960730153097 1.088771281778846 2.6911786207426243 0.009531266344655218 0.009439224771533404 1.8867049159650024 1.916161272569985 0.03089564413816808 0.009125339940083906
2.245844036604336 2.622766041648004 4.681780706118914 1 -3.8312272357001596 -0.15267691498533464 0.010128618746617964 -0.016543861117728962 -3.8361696672900076 -1.3015734794674763 0.0017871355149010034 0.010217128867644091 -0.9590748959500113 1.270995968802901 0.031731973405162185 -0.022772684597591065 -0.3552148390375365 0.3372011704392517 0.04064987224346733 -0.013310086707026613 1.136048206215567 2.703809655675882 0.0019011348885271603 0.012051720143558608 1.9888024524773789 2.005021241251003 0.02953324323862287 0.013601605287871923
2.305151626916937 2.708094028237847 4.616004261703039 1 -3.8014039426627804 -0.18382103608775868 0.00591124620606205 -0.006088167655149251 -3.8473829610828867 -1.3068793958021994 -0.0028528950413022223 0.0034358852264833213 -0.8466926397699033 1.134636296497661 0.019086506308804065 -0.019498184064364453 -0.21129734840219072 0.2342454339515152 0.02968318065645307 -0.02757007298695154 1.144505521271312 2.694384659249423 0.0028978583466960518 0.010498509183992368 2.060123513594517 2.066862663910642 0.023151566279132008 0.006627338005989206
2.3405526029583488 2.732531427599889 4.543420895061217 1 -3.7662216601734797 -0.19525423106024398 0.0018954105591589623 0.004738683676094781 -3.85495142726421 -1.293585608678752 -0.004055244547075151 -0.002018613829998713 -0.7326623104248067 1.0206165245779864 0.03174596953259588 -0.017392649018678978 -0.10300289822093767 0.12475580640108519 0.025118676700244244 -0.01593849812726679 1.1575736631715081 2.6589099876027236 0.002200634871756549 0.003566264324002248 2.0890164934238777 2.037791238987464 0.016010808094599698 -0.014554202226040421
2.314288134568334 2.6882185795640163 4.444509899485335 1 -3.7461094879578862 -0.18776673414016154 -0.01087424336662713 0.0054292223711078745 -3.8513218248921803 -1.2678777932965248 -0.008487313345954262 0.005046860383137271 -0.6510637904827319 0.9062064816515545 0.02278275071218918 -0.015308066071695879 -0.0388148299046156 -0.008022045226668717 0.019628181696797253 -0.020916056268992636 1.1766536321461123 2.593028370837938 0.0124129883514774 -0.010713765360649559 2.0977013759764516 1.964846998794291 0.0007535289754536482 -0.0014231305311871792
2.444783574012365 2.7535853467025473 4.292587657888282 1 -3.8140137312973925 -0.2794523959432511 -0.012338526288555375 -0.017215840405914614 -3.8018206566838795 -1.3604242500914212 0.0048725782207494316 -0.04546022086614896 -0.5706582837388354 0.7148503210823618 0.04003984484765686 -0.037110351868196494 0.021858537152550817 -0.17518547442767285 0.03088829500567756 -0.025584623833932514 1.3883891387244045 2.5098158861844846 0.07228145758467222 0.008336513280170484 2.211309852369796 1.9523220347875117 0.05644066417355965 0.02673466458714889
2.4927149616619597 2.763312473948736 4.141171344476395 1 -3.753221831556416 -0.4697784923342404 0.025320101283477246 -0.04138728138584791 -3.921703709906219 -1.4699296977311205 -0.05338514003969193 -0.023860459222210854 -0.38993471135824365 0.4879519257502285 0.03783289717234313 -0.048925117520487886 0.15442479321203528 -0.3249684491297702 0.027007355509841638 -0.02672015194482464 1.7349768987855052 2.5699735233057996 0.04568638871116075 0.028367232409128213 2.522536638123407 2.1819602280107318 0.08593299344202857 0.05106282929112175
2.523749473797962 2.803875415033141 3.981135721690562 1 -3.6993341678001928 -0.7407116146837116 -0.02349405502703727 -0.049152647725570424 -4.1156519351824885 -1.5769133289966606 -0.02219485891756172 -0.025297233278405044 -0.09779257524641682 0.3382396372140559 0.07105650789705203 -0.025334247241708803 0.41865307023366327 -0.37793884303689806 0.05977466979687744 0.008615300210926307 2.011408256118129 2.7412219168771133 0.06569570511211541 0.031071425744277556 2.8036539218855188 2.477621818004381 0.017915368428780616 0.05656506588902038
2.5799667274852904 2.8573130075962516 3.7924510447651736 1 -3.789345685023122 -0.9606264449554727 -0.016509393697981007 -0.045445167736234277 -4.09570910796909 -1.7350958108831962 0.02127865610486182 -0.011974841496572668 0.19673371785807348 0.2641525512649425 0.06862630340192188 -0.025465781584740374 0.7222557498248294 -0.3535519481440216 0.03851315627892185 0.029996926017733155 2.1758795088444467 2.9390780310179343 0.050787659127193234 0.024091137457212145 2.974721477248151 2.68203684614018 -0.007687704051788369 0.04627238838656066
2.5870471739808214 2.868622004232364 3.6852293766713795 1 -3.791112924825834 -1.082020722710459 0.0054104532337151436 -0.028337090757939762 -4.0479112442751966 -1.7758651513636883 0.017639003740563854 0.02953775254814332 0.4156003553846723 0.26234168664827306 0.054307905226027214 -0.016671223004029418 0.9481137612223476 -0.31645644541347473 0.01458116056799419 0.028963880102917693 2.250455509483322 3.029502380851028 0.04140062401642981 0.0023388373893069286 3.08262980238644 2.835593416127849 -0.015800904918496936 0.02889227765075144
2.624943756357653 2.9045188274382197 3.621611037724264 1 -3.7237588807565585 -1.0352813683943431 0.01089103504602792 0.01367710663605922 -4.0173830294969015 -1.678889527120851 0.021320136430290064 0.04246634859483146 0.5499445805707088 0.2824027657887389 0.03776836686434022 -0.019362075817473193 1.081837747104288 -0.3083811636023063 -0.0012925715080580671 0.02195834689482876 2.3132133929189145 3.0694366570908533 0.040745009617957656 -0.0032242283588318453 3.1463079441888713 2.830542867562218 -0.025415032779588106 -0.005056369378614003
2.61432727270031 2.902319576642175 3.572803859662017 1 -3.6515621028339615 -0.8783994523865624 0.006125334071378269 0.012192927814934626 -3.925469142392708 -1.5448167807789177 0.03489876902482679 0.04783199592116269 0.5952171644815527 0.25887483846740533 0.019242048535013996 -0.02996135176839814 1.149512982643424 -0.3348803576830366 -0.013724149212946297 0.013206068544231432 2.3506559735385286 3.024766818653177 0.031452150984197215 -0.02963986078828114 3.174206118551159 2.755874990421814 -0.026311530858010163 -0.004211732339408289
2.588545917830657 2.877371105611591 3.5369443685721063 1 -3.616968759712553 -0.7254000440322639 0.0002858541101029479 0.007587814990754824 -3.829485883713363 -1.426316851519827 0.02352910240359924 0.04213210561933521 0.5743253348276296 0.19320300469982277 0.01197351847569771 -0.03289448621557671 1.1454072625754907 -0.4092144838494497 -0.027538120673466657 0.0017370088775384915 2.369891022005243 2.912027418012788 0.032523466993374495 -0.026821233462339923 3.190168871234307 2.653540996663537 -0.03260882862245645 -0.017585619198940958
2.549521582179661 2.8367395120545034 3.497956818132451 1 -3.5976228828126646 -0.6051666109608249 -5.8022393137114464e-05 0.0012781065707768088 -3.804732365488589 -1.3350909382008038 0.008050468897681693 0.0346381517254937 0.5448465532827695 0.11884593732636839 0.010018080281475356 -0.034727130567520595 1.0884772162940273 -0.5259487502720608 -0.031724894801018165 -0.0021650374356634236 2.3762489147178822 2.826601346760228 0.0236760272603532 -0.031527688604868896 3.163751413646244 2.4934860060251336 -0.03794821293546547 -0.017864578895418762
2.458352396853357 2.744263776578692 3.4565664473146773 1 -3.5971697035901453 -0.5114865864115001 -0.005315629091027601 -0.003151597350629115 -3.816777494625 -1.2828841640473136 0.006902570060389128 0.024575528255920805 0.49271231050663555 0.019685898875257513 0.00321095400344798 -0.040089148019211734 1.0320172909004857 -0.6378924701716099 -0.02835673004782821 0.0011685639222223584 2.3355801165430012 2.6849837295151517 0.0175994539353988 -0.040941960077617516 3.129504169543755 2.371216405927996 -0.037460007698462666 -0.010835075810504788
2.3864042614408727 2.668499465407994 3.4076622136644605 1 -3.6232442625476358 -0.4534642221135068 -0.00557317088472848 -0.009700718584499723 -3.816102530467312 -1.270401273275851 0.007975368740395943 0.015905723985143887 0.438288795651518 -0.08491183892889997 0.00781464681612783 -0.03634383948372945 0.9749755493834265 -0.7514594664401784 -0.03088473010839366 -0.0024090338588607513 2.2922294641682397 2.5590767703063326 0.02025823720706226 -0.031150402937924943 3.0809551264396697 2.2247216593476824 -0.041983516591529775 -0.021702005645135806
2.2986485176840197 2.5795942554100737 3.3559508180999655 1 -3.6312316907456053 -0.44058577403109334 0.0005778598972903921 -0.018190177235658744 -3.8250114387001632 -1.274098135249103 0.0035560129907202254 0.01535240375569663 0.41244052400696507 -0.17126012483265296 0.008969229760696942 -0.03578064691239957 0.9084084982087077 -0.8803111789938916 -0.02716846282984212 -0.0018136123548515432 2.250196148284556 2.4508865788016605 0.017242253916183566 -0.03790893343998203 3.0190837400506467 2.061124419763464 -0.038977393769831226 -0.014386733984764005
2.196593546705742 2.5401846235686643 3.252128477277044 1 -3.622111012400373 -0.4558522560617013 0.0003350556235993066 -0.02208069025587825 -3.845366474440268 -1.284565177490681 0.005613428820049383 0.012568084816413054 0.5794433250132771 -0.1192894967585536 0.05074758956000266 0.00857053781149631 0.8855343126035455 -0.8824237121153891 -0.0031494320760408583 0.04198977518858307 2.1377008995777 2.3203727611456055 -0.019819116735663923 -0.04449424777291214 2.9650808434639444 1.8934903167326436 -0.027283015430723003 -0.036410082913609476
2.318812331966391 2.772838277179333 3.1300303089012873 1 -3.6182817832667364 -0.49958466268409785 -0.00023038257490443081 -0.028469145678398127 -3.8329495994633644 -1.301923821057334 0.014285968252727927 0.012569183616321603 0.6390724377075756 -0.011852935612540638 0.004173761572473459 -0.001773993108798052 1.0233788570886864 -0.732785382640916 0.017109051783073728 0.051328578734479866 1.9657672665182 2.1171289707636776 -0.011037627529249389 -0.032871096925375466 2.9662043682836527 1.5960005067387018 0.009889972559405723 -0.054038758623852746
2.5059324381732995 2.9385525532345924 3.021623483620794 1 -3.6112237138873886 -0.5619814921603687 2.6475138815724303e-06 -0.030965291560112358 -3.796962831568783 -1.319343098074484 0.014599939043686946 0.015526874518817967 0.594282749913857 0.015028074511596712 0.011259984991662236 -0.016255478150508325 1.0998669318744518 -0.6916421937953416 -0.017500443760597856 0.001440190810769953 1.9885910560775963 1.909782304679311 0.007290253657359287 -0.06637965117003705 3.0209137247045437 1.3046549231045885 0.0021406569781862797 -0.06506545676132669
2.4708546091904235 2.9253893681577914 2.9878152956651465 1 -3.6020329300973795 -0.6079625168664318 -0.0020887065962413767 -0.026070574133739637 -3.790362342135815 -1.3361251954214295 0.004550273648333571 0.018258768669509186 0.6591171213814233 -0.02517728669783259 0.029532776505530302 -0.021840100345169325 1.020834016694761 -0.8329648392826703 -0.019146544608886026 -0.01348452122397309 2.0878663099249852 1.7230351589670727 0.01041313509867121 -0.04971732993650435 3.1228743932160308 1.174865124407304 0.01471320718634452 -0.02618601988319406
2.689087545353243 3.067132676297303 2.8479294015525984 1 -3.6115604111234303 -0.6047900315755411 -0.00807324624692293 -0.01292750251229216 -3.835693080939578 -1.357518356114671 -0.003521430156625458 0.012740558204690593 0.4467965799741247 -0.2593556681489153 -0.05060358080149441 -0.06793963923484493 0.8905262737525712 -1.127099725344993 -0.04083683015140736 -0.05951393538972926 2.403283093373749 1.5887237383051418 0.0818075480544992 -0.0030728855180165056 3.3017993238881687 1.2363454820314956 0.04766440355712977 0.03600407337707632
2.8666764025210942 3.1015299563535104 2.706684007325533 1 -3.6574951984572075 -0.5642048407201351 -0.006401832171552225 -0.005926077923151814 -3.9160324454751234 -1.4106689197852873 -0.011396890911582854 -0.004484694324439341 0.38461840193960484 -0.5262036806597581 -0.0023311438998949354 -0.01977693460171195 0.7093000861290975 -1.340477335448563 -0.02310252905762799 -0.054975364844704624 2.710643205935825 1.630974778029712 0.026630321023459788 0.03114556459201584 3.478512140801353 1.420019285326878 0.03895121327520941 0.035400567451360734
2.860058509747501 3.1226634392209625 2.7144066966745046 1 -3.673514883842411 -0.5884916662976475 -0.0099973642830723 -0.011332968680641887 -4.02016678660759 -1.4732747380831794 -0.02709293231166461 -0.006393296207273419 0.45961744037948016 -0.6535259876876365 0.01588869450925058 -0.012669798479343755 0.6855512695838666 -1.4316695593526387 0.025704036521101634 -0.0090603179514125 2.7915015167786343 1.7634780304219264 0.010198842474762007 0.004477622755230941 3.5374205355044808 1.5801152761969952 -0.014871263340628438 0.01864007070909543
2.83044835776799 3.1277985694431676 2.7565522390068087 1 -3.6698971325873035 -0.7006192844009991 -0.011281675022178698 -0.021541130602976348 -4.0477032269390945 -1.5197760127285 -0.0006180719618983574 -0.007062700821659017 0.529739348832015 -0.7102043190634495 0.023237604703064497 -0.015338269675345417 0.8799076787905662 -1.417323144910673 0.04039454458073405 0.021526133674052032 2.7455850538508306 1.7892345932847924 -0.0019663875183860806 -0.010856026212222213 3.5335742619917987 1.6013107280632513 -0.020310468386201742 -0.007366718904302998
2.671579422849588 3.082206293080574 2.785967954889223 -1 -3.6658136099624477 -0.7016466838678943 0.016863848011851777 0.038136984175985336 -3.8508604362683814 -1.5799236990094732 0.06725800445716464 -0.023960971128318593 0.8077944717485925 -0.5284154644211725 0.06107939397403432 0.056662107779884646 0.7795612927340461 -1.4450565497471204 -0.03356352375019914 -0.0020775169248480815 2.539122139500652 1.7264780302362484 -0.06339459998406363 -0.015122773289868913 3.4349959740909286 1.513483776122678 -0.016610280759241803 -0.02948530642613384
2.6317404340044863 3.138725443861139 2.8601865793157515 -1 -3.5747268206404605 -0.5272907044806505 0.02557974917873059 0.04996132007975883 -3.5205010703296873 -1.4925880484240033 0.04249602150380928 0.0373211042365973 0.8427842765183255 -0.3111336278970793 -0.037374036673297154 0.041515317575097105 0.6319819303894709 -1.374726824658074 -0.01108805981329948 0.010938741954689336 2.290482846041149 1.5672431107550442 -0.017434088878884254 -0.028656182719983624 3.303843120175814 1.2237388123011517 -0.03725139753960793 -0.060488679318779784
2.655225316708432 3.0744537314878886 2.793635206063207 1 -3.54859633952489 -0.3588812432218955 -0.010113790757931772 0.0028317098198223437 -3.4705226688097133 -1.2416875779428094 -0.007858742045956964 0.06544013089530681 0.5619353784597605 -0.20161304158133464 -0.06308930650817846 0.007130633222985728 0.5716415789995697 -1.2935724473261458 -0.00587637101027403 0.010709736839089296 2.2159832347605555 1.3497419344024806 -0.017099901592375177 -0.06461574274044372 3.1705683164469267 0.8108091042075178 -0.027698658395460405 -0.0933882190092139
2.405686226930016 2.8573043726683722 2.708466414152054 1 -3.6314795688058754 -0.19563208153101896 -0.02418821539318663 0.0308796726466134 -3.593827974497156 -1.0831627949597735 -0.024304352049594923 0.02653605781531295 0.29875238737095877 -0.16341333933036817 -0.031798324239973516 -0.005248300427095573 0.3737349473280398 -1.2613462250255023 -0.06907732235682182 0.023451983053103725 2.136796152189687 1.0636110581905052 -0.01240431628399346 -0.06406242892734834 3.0602170756844567 0.4603853084593179 -0.03920112722935395 -0.045620295077976006
2.290937862245895 2.7568213576165963 2.7058650045093304 1 -3.778977230424622 0.006492100450282701 -0.028037920226380766 0.03191820771961461 -3.7067701498595764 -0.9882132720883554 -0.01584731253225257 0.028142610150711095 0.15757857691534038 -0.13716286878117134 -0.029538357826963874 0.0036800154119521027 -0.04950451671365297 -1.2002797417121616 -0.10231812418948835 0.0165539111317127 1.9994385534679013 0.805105882665518 -0.03182924465497908 -0.049438800964282624 2.9294881883843633 0.2137961428052253 -0.03127583549314462 -0.054952923052545635
2.3477788497434133 2.7519696940357226 2.6196382192175522 1 -3.936128068200891 0.2396828051365263 -0.043417479219932845 0.04187434619490542 -3.7792382232053647 -0.8934827348631441 -0.023748253752485883 0.020938976812306963 0.01447503059755828 -0.1481321911107789 -0.029023544304442088 -0.01988317989825194 -0.4837983011356961 -1.1093038565127689 -0.06475690162484958 0.02968544753867047 1.9096417549256683 0.616236594918713 -0.027254782239448168 -0.05126782641745975 2.7611284384492976 -0.040706736597216464 -0.041834259778133244 -0.0689759220399628
2.258580104432502 2.647375288821826 2.549819617389566 1 -4.0980142771747765 0.4187134951464504 -0.0481883243937202 0.024063270368676743 -3.7906638285825633 -0.7515543937989345 -0.015081748605549858 0.02595053333231062 -0.2002618085598451 -0.142902418616484 -0.05178088211722874 -0.005772606643154763 -0.7701050533215055 -1.0660640811196012 -0.03978997775197062 0.020233660970571228 1.8196071109194092 0.4034242787578042 -0.04318895593162995 -0.06986463985613739 2.5839853368144388 -0.31760055525371966 -0.05425893400425848 -0.0652038688923474
2.0770345786314004 2.4634003869359544 2.54686228279674 1 -4.261419455123249 0.5093413415661128 -0.03524641107731058 0.010685023655380224 -3.7711707597731166 -0.5875319700642976 -0.009812659486352973 0.026752121719388858 -0.388135636312529 -0.08708312710314903 -0.033617252021270916 0.005950733111221518 -0.923072220204014 -1.045771564625463 -0.022244255002049285 0.01861816494190484 1.6574419527603625 0.19487178581113374 -0.056218393987330986 -0.05995836869626322 2.396105360228006 -0.5646830202804347 -0.05607818782156647 -0.0551763689347275
1.981220866660358 2.28624843965902 2.587010556296719 1 -4.368538390571147 0.5653175577281166 -0.0046343504542255345 0.01172294329299234 -3.7801342327418963 -0.4435995800603928 0.001960563251880699 0.03234722282984244 -0.4661086429984733 -0.02133925141680959 -0.0208928032889973 0.017148153184116513 -1.0568498978559568 -0.9574738394747586 -0.04342029875065444 0.03201355099299729 1.5093638450804656 0.05896306691231379 -0.041742787833393975 -0.04487346125343671 2.1990934909572246 -0.7749308241316124 -0.05842386711338609 -0.05095597345625229
1.8803150887161968 2.1054831541253023 2.47978877194571 1 -4.426325508537316 0.6300770521042232 -0.016803202485305774 0.010277684062108437 -3.83556677710156 -0.35431229384081286 -0.014806311403882121 0.010009028087434934 -0.48173738856085624 0.01919068738409857 0.008150806165090604 0.0005468046338853276 -1.2043860416266874 -0.8216218181843413 -0.022379987596077306 0.01918109899551475 1.4458340390167912 -0.06175869278146329 -0.035072172294942146 -0.043931945015380655 2.028000697572434 -0.9788317738934412 -0.04375372378752258 -0.04902691041082235
1.718783430840987 1.9436954682978307 2.421046229116115 1 -4.485437270201793 0.661035969383373 -0.005711464122121052 -0.007111912127366771 -3.8631069579765493 -0.2763444517167193 -0.0015587035724016678 0.02432797266450476 -0.5132429027638721 0.031019752026043346 -0.0277213137729899 0.013319997010423698 -1.3388419146672752 -0.7047424436053487 -0.03679387855563728 0.034473193949229236 1.3839250722722936 -0.21262839488842022 -0.04253828658364597 -0.05312271818039574 1.9148026832199285 -1.1507366329462712 -0.0432696954094155 -0.03280464180123149
1.6547156037283837 1.8480556874641565 2.331028149091885 1 -4.573949299825524 0.6508052897135383 -0.004495445126925981 -0.01127209270239259 -3.8616449194668663 -0.19967143690369316 -0.0003925200934754231 0.025720673536092344 -0.5783871638257496 0.07166403024149237 -0.020935288133559826 0.015624219199388997 -1.430780772991879 -0.6240801267469158 -0.024505006562470042 0.025581599936103143 1.316339025301561 -0.34514393492604656 -0.04078662376250129 -0.039634797017530636 1.8239174134683926 -1.279470763601467 -0.039256817890318305 -0.027143021358693144
1.5470262669726695 1.6143285418749678 2.312028935261817 1 -4.654119454108132 0.6329292154629791 -0.019669573424304983 -0.008621159903875728 -3.860801501798658 -0.13423353877273503 -0.011345337063012231 -0.001481962813797747 -0.717264464352648 0.2498221823611504 -0.04550202992586003 0.04726957214015689 -1.3526913636472138 -0.6804196893636598 0.013088469591020578 -0.0041435472467816654 1.2450741402203391 -0.4000655971110849 -0.01895960710098504 0.010731110284899639 1.6877446890501986 -1.4003244187174835 -0.031385004177371084 -0.04513495612714927
1.1002866398199793 1.13530948396605 2.270812972537841 1 -4.696321257735088 0.6458549752470177 0.00859739162927673 0.014132852295867067 -3.8826470549367924 -0.12345577545431952 -0.0017650107025046213 0.010164498288161062 -0.8219669287922025 0.39245051039190226 0.0027757801989499705 0.012258137140269744 -1.3056929070308967 -0.6532654266683973 0.003937591860328726 0.014454659257004713 1.2065283021448252 -0.3508551664788293 0.010461975937803868 0.020954074118233898 1.4564182365012979 -1.4842569346709702 -0.03338959841168709 0.01148822039181359
0.7235027599739957 0.6994488761908686 2.035196191638598 1 -4.718778533230136 0.7134915844267276 0.0053889909518040485 0.01668617784628516 -3.943857346085127 -0.15981786258450548 -0.008107761758554067 0.003828117611452665 -0.8417008761076192 0.4673050068193274 -0.015004373473119139 0.00802085165395261 -1.4187313803975563 -0.5409889964692284 -0.026123727178377753 0.034004452184218346 1.1904229529061556 -0.19021978964814645 0.006419772919476981 0.033737393263300386 1.2998135423781116 -1.3340572381110296 -0.022866079477149057 0.04938276464646449
0.5030320249792474 0.404495558570683 1.8717978059420477 1 -4.756598493401645 0.7658571864254169 -0.01537858212127132 0.007204384661614122 -3.9911498501701246 -0.16243393889504465 -0.00506141446141482 0.0013030940969008843 -0.8945475711849626 0.5616624517003743 -0.055300120774446335 0.03654802864578745 -1.4985203162733365 -0.4637984157425513 -0.03281224532462684 0.031504140279809315 1.2634457701970847 -0.012858061396987863 -0.0031822562179805603 0.027494608274037623 1.2326580656641495 -1.1517741061213236 -0.03202138136243613 0.03689078850058572
0.3171365337165471 0.1645964778700825 1.431047796575664 1 -4.959801315959111 0.7123110126330245 -0.06742715557715313 -0.02433460306363138 -4.1071799821374695 0.10941898602458933 -0.04864124276730003 0.0611683094061962 -0.9795449649350725 0.6249984866873215 -0.003995377112049288 0.007068540655908654 -1.4882003986707368 -0.36297673701950306 -0.012463803140828993 0.019205224002294425 1.4181218016083905 0.02349152515252073 0.06307943272936929 0.01059481698101234 1.4023652565841704 -1.0045620978109666 0.07009873080016694 0.012158515928686137
0.27533679196078087 0.03541434847340031 1.0204254718860748 1 -5.245768971899405 0.6478797342852451 -0.025516338731055348 -0.009611800406217851 -4.376622474531799 0.36559244282536363 -0.06494903900592522 0.032564888717728946 -0.9820795998851284 0.5725003266823847 0.011536391264155592 -0.014748612429560482 -1.5282869392540204 -0.208633038236823 0.007756931836242605 0.02858214875388883 1.862096149443195 -0.007757150648094457 0.10823257077088075 0.0006375976710824849 1.744077076994924 -0.9243027672579287 0.06916790202293718 -0.007052885121342667
0.269815509154676 0.06132600276327967 0.6945122221469842 1 -5.394034382127651 0.6523124230849995 -0.012958894339795995 0.0020418232054587176 -4.5553025673691705 0.41432659613285483 -0.008781728131384132 0.013360281771795934 -0.9742213406893159 0.6502663902208057 -0.004330686115589726 0.03471181447260617 -1.4430557256841556 -0.06862736082614607 0.03671558708888707 0.03445780290199464 2.2573499834087443 -0.08413145576774306 0.04663477092488337 -0.049542984852722294 2.031105301063489 -0.930183407997969 0.05656973778239263 0.023086511600121824
0.26084048569102863 0.1498507251580439 0.5002257653193816 1 -5.405398985554052 0.6133489020730618 -0.005069029720420826 -0.007245526307744634 -4.531650832038888 0.4023937207215975 0.022161715094507255 -0.00219128986078553 -0.9160804023887796 0.8621389000555433 0.003993730652136927 0.008134491800048448 -1.2372968716518438 0.09781456472742467 0.05486330465081767 0.07110873460467679 2.4376006598342954 -0.15006954037646703 0.017674382643525756 -0.053747868173492544 2.21841618241056 -0.9716099248270117 0.02394241160559821 0.03188450045168986
0.2678484780113259 0.19918348771457828 0.3120563590400605 1 -5.437268074699574 0.6433490758040676 -0.015541001176413096 0.02447425250958597 -4.557409402092941 0.3783092330629192 -0.011775051090273303 0.001636585301922568 -0.7614204001953717 1.0112706840007841 0.01703541449113876 -0.01236207852959351 -1.1191599887904986 0.2650179848534129 0.032166311592651306 0.06044014974541133 2.553817043868306 -0.1741047490336266 0.0070615989545979654 -0.04914925289464139 2.260518730108945 -0.9680255968727327 0.025106762349728667 0.04317734989754345
8.506839 0.83239937 6.8498077 2.618242 6.8100805 5.892232 -0.22185099 1.2584022 3.797139 1.7090446 7.518413 0.25696242 3.676835 2.4045458 2.0848155 6.330474
8.771974 0.39963484 7.3125677 2.9430811 6.666803 6.59534 0.6533085 2.8507028 4.185744 1.8292489 7.3593354 0.36297822 3.4660897 2.5525656 2.3085296 6.6467075
8.769299 0.38546157 7.316043 2.9557052 6.6575003 6.634094 0.69593346 2.9073668 4.2085805 1.8334924 7.354586 0.367684 3.4580638 2.55794 2.3190765 6.6553116
8.826708 0.1292162 7.4510136 3.1812973 6.461226 7.0541477 1.4016098 4.141865 4.458385 1.9106028 7.291844 0.45642602 3.3570287 2.653653 2.4754982 6.8293676
8.710232 0.0789938 7.5632524 3.5447893 6.193447 7.293575 1.9414873 5.7583323 5.1537 1.9923381 7.347262 0.5292802 3.0677006 2.7504966 2.7395113 6.8088408
8.630572 0.22811985 7.504207 3.5994291 6.103851 7.364043 2.0029879 5.889208 5.3686438 2.0054526 7.4355006 0.5126556 3.0859756 2.7645297 2.7762291 6.821995
8.216396 0.9149649 7.8584456 3.993639 6.54591 5.522362 -0.16300893 7.11407 6.446735 1.8988235 7.375847 0.29232132 1.7379811 2.6102815 3.1171477 5.339549
8.601583 2.3856835 7.964137 4.2340174 6.5278726 4.988141 0.99857855 7.0497293 5.716539 1.8972284 8.326353 1.2386701 1.5790315 2.5973248 3.2196803 5.320622
7.929261 3.7962933 4.240386 4.182066 5.001708 1.5425256 3.2439532 3.630733 5.7857265 1.7312796 7.4730353 3.6830711 1.3604645 2.362922 3.4512193 3.1418252
7.894215 3.7257643 3.3235936 4.077935 4.396272 1.4415958 3.687477 3.2219725 5.709161 1.8049381 5.3923416 3.8772042 1.6142958 2.377805 3.4144955 2.9324832
7.8166094 3.7630992 3.3132787 4.077426 4.419841 1.499384 3.7511773 3.2160878 5.715156 1.7957369 5.5719347 3.8787785 1.628983 2.3767192 3.4121587 2.961762
7.8714185 3.7419126 3.3163705 4.082038 4.3688107 1.3910308 3.6657891 3.186163 5.7376113 1.8057153 5.2683926 3.8707027 1.6234077 2.3839118 3.4190733 2.9294739
7.8685255 4.0923753 3.182088 3.9982285 4.1542354 2.1253994 4.6159167 2.8618248 5.1996255 1.8115653 5.4177465 3.943384 2.1809604 2.4274664 3.3246365 3.3997316
8.160108 4.353956 2.9538217 3.856957 3.9005475 3.7064898 6.913855 2.3471725 4.0299106 1.897501 5.947771 4.466215 3.1106367 2.5512528 3.122704 4.6467924
8.058395 4.4864564 2.732835 3.7579699 3.7945225 4.038261 6.547257 2.1361833 3.3547754 1.8437147 6.861893 4.177226 3.461065 2.486977 3.0107594 4.805277
7.831202 4.380714 2.528539 3.7267048 3.8225453 3.9835587 5.927456 2.0179503 3.178228 1.7932241 7.7430406 3.9528356 3.5046968 2.435726 2.9632492 4.8625374
7.2963486 3.6132984 2.1073346 3.6352246 3.76931 4.2419567 5.2883763 1.8593934 3.4475112 1.7430888 9.3166275 3.5106587 3.7220056 2.4153645 2.8883457 5.184639
6.955302 2.9635441 1.9304391 3.5850308 3.7358902 4.612854 5.5794554 1.8649985 3.9836736 1.7517784 10.041766 3.4067354 3.8736517 2.4646368 2.871153 5.500305
6.822794 2.8906975 1.8434248 3.5607615 3.7358143 4.630887 5.2850432 1.8374217 3.9433377 1.7251551 10.459425 3.2568908 3.9134321 2.437763 2.8500462 5.493651
4.158364 5.841379 3.2140384 3.5735044 3.6375933 4.562739 3.7348483 3.0242624 2.3611877 1.3894634 11.704388 2.3167217 3.629115 1.9051507 2.8780687 3.193893
1.5738239 6.1398563 4.032353 3.7199888 2.9307895 4.4144015 4.0022063 3.3696659 2.297913 1.4405899 11.48707 2.471514 3.5764256 1.8707169 2.897368 3.2227821
6.0992603 5.9231873 2.783238 3.4635541 3.9307468 4.725327 3.4279952 3.0073667 2.4037514 1.3552419 11.288572 1.9936537 3.7864056 1.9053724 2.8934855 2.8342834
6.8253956 5.8098845 2.756576 3.4457874 3.8339496 4.556325 3.3448832 2.8943467 2.3494248 1.4044986 10.189469 2.004687 3.8478827 1.947436 2.8985367 2.8045087
6.6610627 5.846721 2.7249265 3.4445233 3.9084713 4.6342793 3.3561945 2.9263985 2.3725019 1.3809364 10.627135 1.9849371 3.8279839 1.9308305 2.8957438 2.806325
6.394514 5.8978577 2.701897 3.445199 3.995254 4.736621 3.3838692 2.975099 2.4036524 1.3510339 11.199155 1.9643947 3.7991617 1.9086076 2.8924181 2.8094945
6.3140492 5.874877 2.7057476 3.4172173 4.1315002 4.794391 3.3072884 2.9618149 2.340147 1.3225652 11.426104 1.9214439 3.7469578 1.8840253 2.87637 2.7635012
6.255981 5.837352 2.7493663 3.3808775 4.2650175 4.8078265 3.150458 2.9470263 2.1818378 1.3068495 11.202139 1.8733575 3.6716015 1.862797 2.8475451 2.714242
6.2478538 5.7644324 3.0548255 3.2504132 4.4503393 4.1466465 2.627953 2.9578295 1.5105124 1.2636068 10.798588 1.8242551 3.5936313 1.7934483 2.7346344 2.5131845
3.9543214 7.0272617 4.4680505 3.2172148 4.298543 2.716144 1.6808892 4.4736576 -0.09006697 1.2339995 9.522298 1.6409748 3.4577336 1.6188307 2.5034027 2.1626
2.3715024 9.916477 6.8960094 3.7695937 2.4635856 2.0289755 3.8230505 8.124675 -0.04125583 1.7253156 2.0693822 2.1332648 3.8157394 1.8964095 2.6820774 2.0805387
5.8384113 7.697442 4.2363567 3.4404976 4.9494534 5.760096 4.8683667 5.4209695 2.11548 1.391156 7.1073947 1.9191718 3.276261 1.9021744 2.8809688 2.094707
6.24438 7.086477 4.0058146 3.1566284 5.12694 4.223291 2.9236798 4.6706223 0.7294819 1.2604506 7.673874 1.6300507 3.3059058 1.736677 2.6329854 1.8894577
3.845845 7.1546702 5.0972023 3.041339 4.8868566 2.5520766 1.3705909 4.875368 -0.93630356 1.1907523 7.51319 1.5194044 3.1137776 1.5354428 2.3742976 1.7284694
0.5916724 7.6147285 6.0052834 3.1979165 4.305814 2.4341097 1.5583323 5.2847633 -1.1135172 1.2228918 7.6097045 1.6953022 2.9617033 1.4751343 2.351297 1.8878183
-1.6932807 10.446577 7.4313126 3.634689 2.5941079 2.1615942 3.341724 6.8637657 -0.26168376 1.5563493 3.9274354 2.2019153 3.545376 1.6597792 2.4876513 2.0628624
-1.2659569 10.308876 7.5887156 3.588237 2.2127588 1.9144633 3.1264849 6.515962 -0.440571 1.6122197 2.1728072 2.2787764 3.4993248 1.6911309 2.4532204 2.1824765
-1.4255013 10.382147 7.549839 3.6158216 2.3595803 1.9931561 3.231832 6.654046 -0.34672636 1.5999677 2.8055596 2.2516346 3.550209 1.6853858 2.4737465 2.1122427
-1.3550811 10.310751 7.6395426 3.5749736 2.1998382 1.9123654 3.1131747 6.4821696 -0.4490311 1.5942781 2.4735994 2.2742517 3.4642293 1.67747 2.4421148 2.2192745
-1.34166 10.342562 7.638033 3.5886445 2.17521 1.9244964 3.145334 6.5159574 -0.41376615 1.6020236 2.461903 2.2777784 3.4883375 1.6845536 2.450585 2.2226243
-1.1538911 10.29698 7.660326 3.6415586 2.2164621 1.8258356 3.2682471 6.7366333 -0.38397872 1.6467597 2.1858492 2.278054 3.6156163 1.7182577 2.4937708 2.074957
-1.0140047 10.001961 7.8056345 3.7100384 2.0850816 1.7882891 3.5388875 7.5406704 -0.5630406 1.6732101 1.8445387 2.3396318 3.4999254 1.7499794 2.5390568 2.1223044
-1.087357 9.614424 7.9117136 3.6132436 2.0700345 1.9908022 3.2909741 7.71453 -1.0190998 1.6148779 1.3025203 2.4048429 3.003219 1.712683 2.4623415 2.4726124
-0.51706505 10.158695 6.908592 3.5750918 1.6801014 2.5918097 2.1970978 8.418303 -2.4758854 1.703484 2.233272 1.8134601 2.034147 1.687441 2.3451543 4.363964
-1.2590251 11.423399 5.389534 3.6949596 0.12198496 5.374597 2.3889165 9.250653 -2.1300075 1.5213482 1.6647415 1.5730944 1.4541821 1.5600247 2.3499486 5.537983
-2.7639427 11.724461 3.7115123 3.4895353 1.1823397 9.773459 2.5135314 9.1031685 -1.4133508 1.0275061 -0.36381483 1.5878532 0.69801724 1.2647465 2.2533636 5.1013956
-3.0533614 10.6565895 2.7225142 3.0341113 0.8258815 11.589068 3.4147537 8.413773 -0.5300696 0.531363 -0.72711945 1.2875397 0.97123027 0.9236549 2.0505788 4.041515
-2.3168244 7.3552685 1.980948 2.390864 1.0283923 12.615766 3.7683268 8.192602 0.4349892 0.4868766 0.3978362 0.24606466 1.6015844 0.91395044 1.781997 4.43009
-0.95818424 2.2264905 2.296874 1.6524308 1.3841014 14.392234 3.8401632 8.451918 0.55568117 0.64516187 1.4866042 -0.36114597 1.8084517 0.8335211 1.5335009 4.111162
0.17311192 0.6940656 2.4865465 1.5391674 1.0876675 14.009723 4.506412 7.7522 0.6570057 0.72274816 2.5693703 0.14720011 1.9320594 0.85133064 1.5834316 3.9070444
0.41805315 0.32101893 2.5612023 1.5079546 1.0059352 13.918182 4.7251844 7.558284 0.66076463 0.7407427 2.872868 0.27978313 1.9309952 0.8524449 1.5977571 3.8879423
-0.5841527 -3.252705 3.796947 1.34492 0.99729013 12.190023 12.079025 4.3964014 0.2937113 1.0647088 4.645445 1.636016 0.1726085 1.1470026 1.8618017 8.494941
-1.0709124 -3.0488124 3.3709047 1.0500876 1.2872052 12.134827 12.585707 3.7237852 -0.06922209 0.9289794 6.5927105 2.4939551 -1.3644574 1.1745237 1.3691201 12.111334
-0.85409355 -3.6102734 4.8615713 0.3773241 -1.0393004 7.5251546 11.784955 -1.273241 -0.61928487 0.7082081 11.874176 2.6864247 -1.083503 0.8822243 0.9223317 12.401627
-3.518385 -1.5966811 4.0278497 1.3180773 -2.7846766 9.370937 12.252219 -1.7072973 5.2789717 0.9242554 14.169598 1.9214426 -1.2132953 1.0897382 1.6653018 12.490969
-3.9096546 -1.4135075 4.3235373 1.4199816 -2.4562101 8.329733 10.259985 -0.8767979 5.842831 0.84258854 13.70171 1.3622785 -1.9431449 0.97129345 1.7593305 11.666715
-3.854837 -0.19231701 4.638692 1.5069013 -2.1761594 7.709974 10.027315 -0.44396925 5.0031595 0.7851255 13.883471 1.6082301 -2.2560651 0.88310003 1.7337813 11.491167
-3.7336464 -0.5364375 4.256539 1.3600719 -2.5002499 9.853735 12.358854 -1.1312649 4.4852967 0.9048495 13.963785 1.9502189 -1.342495 1.0550218 1.5815611 12.800747
-4.0041075 -1.202733 4.3373137 1.4295218 -2.4142146 8.718651 10.530403 -0.87024164 5.6990976 0.84566927 13.699057 1.422644 -1.962456 0.97917473 1.7416208 11.8862
0
0
0
0
0
0
0
0
0
0
0
0
0
0
0
0
10
10
10
10
10
10
10
10
10
10
10
10
2
2
2
2
10
10
10
10
1
1
1
1
1
1
1
1
1
1
1
1
5
5
5
5
15
15
15
15
10
10
