68
1.93101119248359 1.971970848033329 6.612382324094698 1 -4.39 0.4099999999999999 0.0 0.0 -3.74 -0.35 0.0 0.0 -1.35 3.01 0.0 0.0 -0.7000000000000002 2.25 0.0 0.0 0.9199999999999999 4.96 0.0 0.0 1.58 4.2 0.0 0.0
1.8428674186226948 2.0670338397291705 6.595898710601203 1 -4.334301175057745 0.4590818865375592 0.03041237794324571 0.02205094892628606 -3.7460173231671354 -0.3838137507717202 0.005388908743870042 -0.013297721540997525 -1.3600417756460224 3.0069013630117913 -0.0030387264425536277 -0.00583671616310579 -0.702451248038475 2.2424845093617076 -0.004860056752802895 -0.0010652673849098782 0.8709509125528241 4.845943878305386 -0.02034384479068776 -0.04909725909198802 1.5917831548937107 4.070008785211463 -0.001573620511572749 -0.046569707760123306
1.9334198643724188 2.2919458584451857 6.420134914823936 1 -4.195530844581212 0.4769858491181054 0.02299361122280131 -0.01476299261131617 -3.7322934479821255 -0.46931120625993517 0.0038527762068401757 -0.012125857228312406 -1.430368495951793 2.9796229527155225 -0.020293901207026677 -0.010784117079446726 -0.7315161585759604 2.173078887602399 -0.01283264479049584 -0.023613836880449355 0.7268149272859681 4.54186036210998 -0.025109768700004517 -0.06874572384448818 1.5556474470970647 3.746269629898846 -0.017924307442941254 -0.07441319720471212
2.0970302932232916 2.4316916977178944 6.138883758918694 1 -4.179458348593886 0.37832577676178913 -0.008939905861822483 -0.020269223444942846 -3.7032785100310823 -0.5264797179430905 0.007819478954143378 -0.006179923364139847 -1.5436020501754157 2.90146075220347 -0.03862834767837795 -0.03563133179326736 -0.8332648897221047 2.003926514904729 -0.04684451883654564 -0.05497715961992295 0.6545213528439966 4.193606127243983 0.017239067344314678 -0.049224187717009996 1.4274277056945772 3.3146207109992742 -0.008610300004270878 -0.0753301446385704
2.0601540790234374 2.340463198010745 5.839024650403662 1 -4.275705860223113 0.29857290974316775 -0.023672889974059294 -0.008592139916033689 -3.6637386048544767 -0.5852402632074875 0.009585350995915162 -0.02290864323365578 -1.6592004373166795 2.757455802193461 -0.006986630575475071 -0.02868541335150713 -1.0013387802642408 1.7823837920034746 -0.021094491899024754 -0.02874456542000791 0.6092447084190074 3.826781562286918 -0.03765308558983588 -0.07742767545562956 1.2970625576500616 2.8821512275240346 -0.03614128552301956 -0.09011491859668684
1.9426230218611247 2.229712335085255 5.65383495362981 1 -4.3295226018647615 0.2605441201212677 0.006962330984697021 -0.003562713027071021 -3.649212765511323 -0.7152627093382444 -0.00033401552988261696 -0.028050077194799756 -1.8146340944816455 2.5663658422234104 -0.029019224292668608 -0.037117613831328375 -1.1760592873331497 1.5711572082670444 -0.02854473852555906 -0.035732492741104405 0.5269886703471869 3.5398741444826376 -0.009171716509984022 -0.036787008907029226 1.1860208877888203 2.580763269010329 -0.006881092755890022 -0.053721096665518456
1.8107203596927122 2.1198561547553414 5.526698638936064 1 -4.2986460315649335 0.22279372209477932 -0.010276022270497155 -0.02889665698143503 -3.67649460861398 -0.9079678513045304 -0.013609173449325104 -0.041497958542877515 -1.9432761568771064 2.397423916998994 -0.02480232961894244 -0.0347116474690736 -1.3085542720210248 1.3877024553629957 -0.03239860939459674 -0.04219447764761504 0.47064520110520824 3.314681294950258 -0.013342606837443725 -0.03671902606584476 1.0925935101518487 2.351319208993801 -0.015936140179336866 -0.051872965418638464
1.7282896917423634 2.0455328353391655 5.345890257953166 1 -4.244213747919771 0.12138632086947054 -0.008690954949692119 -0.036924055377539004 -3.6706396197876385 -1.0708128527946092 -0.008379340250147176 -0.026720932481046324 -1.9466589343631497 2.291840343844438 0.019235822073486696 -0.02258678078555562 -1.3602229507402943 1.2326240861340536 0.0004545278745993059 -0.016281065617227208 0.44407240124282144 3.1459737684666873 -0.021575977373164905 -0.041704816938829 1.0205693775189602 2.147509709239933 -0.02859102343402954 -0.048456089682279255
1.7591355021647745 2.0296808441716365 5.2059672181632175 1 -4.180989687157667 0.015139260359110285 0.02049592832641961 -0.022366915126238247 -3.6484748389227932 -1.1517209810116837 0.001022704831504212 0.0004438811663634544 -1.8905740641060622 2.2218632128315043 -0.0009596630688886044 -0.009148125292327872 -1.314857421593279 1.1320918122496892 0.010853985622327315 -0.02431987675206706 0.47791469234232054 3.021485828730639 0.029810299704600356 -0.018030256463703705 1.0179966153452806 1.9976373137873846 0.0195629044731212 -0.010549009069875718
1.8078982922873537 2.0760872761344853 5.114229421442322 1 -4.1208053508764655 -0.043255630918118126 0.024485047328097892 -0.006615381849243479 -3.6630893799830906 -1.1856930943456985 -0.002042318212776735 0.00513464519220286 -1.8231255253178995 2.1617269576649822 0.027744101858930545 -0.0035959118082082124 -1.21543594915012 1.098725300072175 0.03533610492877698 0.005552992903462849 0.570837134950434 2.936779911112982 0.03306052855577803 -0.024063506278287822 1.1211639221536434 1.910410365594665 0.025665580754687434 0.007468719017937643
1.8465368561331117 2.1458930447884006 5.0472224355272735 1 -4.073543024296462 -0.054285395697800554 0.0027038611134227175 0.0018930185511015296 -3.7120594172274997 -1.2026425668250613 -0.01519317852145162 -0.0036381496873224544 -1.7279350486174834 2.117670847653674 0.013937514426047067 -0.01562957132718221 -1.1135566611631407 1.079835958054883 0.008180948114388204 -0.011085336042985929 0.6972726423595157 2.888873843687327 0.027686398201181794 -0.02386716679174481 1.2984279390507707 1.9018445192292277 0.020783683817812766 0.022627372650778372
1.951459913684279 2.260068288680163 4.97656613086021 1 -4.03213614890022 -0.039949466278175305 0.035167951057309285 -0.0010752411950575545 -3.7521997276213424 -1.197516601597091 0.012130750559257927 0.018754799805143538 -1.5803288515463607 2.0640559572740256 0.04761352409344662 -0.010318324757636018 -0.9866364926848634 1.054662244043334 0.04318859876843745 0.00415121332523224 0.8445153234823595 2.89999580400312 0.038181054997315264 -0.008464447993478428 1.4837834819277527 1.958364355505072 0.022993133236584126 0.03408827113641332
2.0448608676809883 2.3673076405851616 4.946349956206431 1 -3.9978323005601104 -0.03416302661612414 0.020444700690993807 0.00047244751882292687 -3.7805240525338015 -1.1853371462438835 0.0044341408412444175 0.008585912735265109 -1.414666158930082 1.9660809237592791 0.01436630153818812 -0.029946255817744356 -0.8257646345189191 0.9905979815994097 0.017653897784994967 -0.03260383582214538 1.0033226044689831 2.9547655132213833 0.05611229894048809 0.032784059077656025 1.6569109547344212 2.047619370686209 0.057160661562743756 0.03690705257994563
2.0600818326956567 2.4410207032972813 4.9285117754561165 1 -3.9692196848018066 -0.03530981465042182 0.02259117128797776 -0.00041093030059444246 -3.790156011086351 -1.1708860810101285 0.012020986709786463 0.008924768232014976 -1.2439302914283283 1.8332308974870073 0.04137411371755596 -0.022801721517566285 -0.6374225425693489 0.8920259090849982 0.04681578992002264 -0.017594098307435024 1.1096795763077507 2.9966794643339902 0.009853775491101766 0.008102478437417557 1.8232771824547154 2.138282648495875 0.0334512256713457 0.006768089895585742
2.132743024116608 2.4954636678475848 4.9205193480174785 1 -3.9498140274084106 -0.029864549628862758 0.012268110142271737 0.0025575397307488644 -3.788522241346554 -1.1453010772884402 0.0065042884794560725 0.010588704139737013 -1.0708160252859402 1.6947330789673862 0.047010354032202925 -0.016371875624911145 -0.4564113634999858 0.773819690119284 0.047351086996901326 -0.014983388435404237 1.1921091416588387 3.0181503771244342 0.028239137387433028 0.019168331986620574 1.9559470268505992 2.211805447076591 0.03395603197849049 0.02014765189870785
2.121560648660464 2.479451773006234 4.895497392847651 1 -3.9373021609668566 -0.004616054739059128 -0.007113665381090656 0.004104544150247456 -3.787552320450293 -1.1046312761584518 -0.007453152335294541 0.009598705062661047 -0.9111057416557493 1.5756052095487494 0.03625721233215118 -0.03180391159589354 -0.3124981622581364 0.6499695039794677 0.01860133488745278 -0.01466687866603331 1.2536371166234384 3.025001230799771 0.02129609903326343 0.012939055758127267 2.0281818159917746 2.2256371813709266 0.02338454265920486 0.00731481161525903
2.0554310345434046 2.4356349618611333 4.7880580691361185 1 -3.923345168926759 0.024185117171384052 0.014416994734672152 0.004290857026671494 -3.782024474482202 -1.0587197624789022 0.010237599838049874 0.011223115150184492 -0.7885209334538161 1.4614968469684886 0.01569542199405531 -0.03432359637976394 -0.21175165389195083 0.5251844196257287 0.004263207580544191 -0.021141264754229182 1.2827607434073514 2.9882222934576843 0.013313454116993424 -0.0003995065066933409 2.078340341120408 2.202661128068382 0.021396150631145756 0.004095650204250779
2.0927845022239153 2.4723403639588337 4.676082032309011 1 -3.916836304820372 0.03834105738201754 -0.0007449166369737151 -0.004444460435404648 -3.781339275509321 -1.0341925807987034 -0.003954910209755752 0.007335850616762323 -0.7183210388061498 1.3533751664275209 -0.002748373830110805 -0.031373503650445236 -0.14358594358849164 0.41370926626213156 -0.0037456431531109873 -0.026414441914282404 1.2960067301588465 2.9004664684601273 -0.008058296986701876 -0.04603385432993637 2.127655330313015 2.1653113813364655 -0.012747882511171038 -0.021458244876284317
2.1813653830257995 2.5703773559479397 4.570681277973251 1 -3.9103401852716115 0.0260839793516201 -0.0028376995361020004 0.0002276304651097575 -3.7852224823094525 -1.0486196951350877 -0.002915328673797379 -0.014714348000168857 -0.6810234849743071 1.2506394008863495 -0.00961576071267551 -0.02810168726931326 -0.11304015375106768 0.31218011482265107 -0.011717424975748472 -0.029719526232457282 1.3184507195940647 2.792373271057547 0.020207508826723175 -0.002552848133447763 2.179784061724634 2.095794978953379 0.025206802341542413 -0.0005868680949348702
2.266322443258642 2.658574453251546 4.464549116304188 1 -3.9035705517935138 -0.012151758335426366 0.014812775126606684 -0.011735621309152015 -3.7993600198472945 -1.098316893406786 0.006124490975705813 -0.007295613965106473 -0.6569611411116072 1.1622570634161424 -0.015355935314240838 -0.02918831626736854 -0.11936889495643133 0.20901958152999245 -0.02327758966568281 -0.02847005374326274 1.3479244974921993 2.663960917432963 0.025580034351902883 -0.0021770838064329168 2.2241896040069085 1.9878063017111667 0.023651038954272695 -0.0015461053679245804
2.3602438917709523 2.7167136913640517 4.357488048370473 1 -3.893321126658914 -0.059928616439840376 0.003346014451686391 -0.00665961100313861 -3.8233109338604474 -1.1624100705052245 -0.003983581882059245 -0.0162787121449872 -0.652074201409333 1.0844312758270278 -0.014948921007391454 -0.0290997569316096 -0.14771767211795606 0.11249526697760448 -0.02481204290713295 -0.019862967558926678 1.3752876591543721 2.5302333206937364 -0.013749711158337202 -0.04565562135636769 2.249359263616989 1.8745757887353935 -0.009402138710261916 -0.03780590675354707
2.368343373574922 2.733926575012312 4.261204758285882 1 -3.8793785721062957 -0.10496258497478905 -0.016772561386446748 -0.011844626987825688 -3.8494681345915307 -1.219130728051938 -0.020919339448779023 -0.0059778489498244994 -0.6647473796315144 1.013418238337275 -0.010830683159914948 -0.006999565191388203 -0.17572098315183116 0.030586956277118604 -0.0028548329296962938 -0.026481193309249827 1.3593453375176612 2.422059695698748 0.00017961385425059985 -0.0012847941254031797 2.2551014093732737 1.7932083547511577 0.011299481043584976 -0.0022126591097071857
2.3693491709741874 2.754835202817147 4.194631224003491 1 -3.8718186236586276 -0.14562066191947853 -0.017038581834265168 -0.007183825653369208 -3.873753844978233 -1.2687532698529247 -0.018867456102979834 -0.00944941092505774 -0.6846894522435689 0.9370130316856553 -0.022856951889823028 -0.02636573519126763 -0.19387452044468123 -0.046510395473051136 -0.02064093319400396 -0.026141729773978137 1.2969637840985149 2.317602334522424 -0.02867166946435875 -0.04657188344469046 2.2278914743123455 1.7367717296583454 -0.022554516366104935 -0.030664506174585313
2.4086011275098302 2.7872026466014916 4.157917740108931 1 -3.8622830588665265 -0.1855390612669381 -0.019850342111740867 -0.0036628685064394426 -3.8954084925421735 -1.310651766243498 -0.022206177426030867 -0.011055427536686556 -0.697109331034949 0.8460489888705163 0.008601656970924833 -0.02503408643547369 -0.19836712623607333 -0.1379841868700662 0.0009531510552710405 -0.006913876182616612 1.2398925197565926 2.237648725767407 -0.022589175544269962 -0.031587093775607616 2.18247345482792 1.6760987035469368 -0.015839045923583598 -0.030907500015236327
2.4172166956827916 2.792362226113825 4.1435300632687575 1 -3.849637105556775 -0.2225881453635733 -0.0012536341337378906 -0.004839104865123192 -3.9238007845797878 -1.349712978578533 -0.009462408999024058 -0.010405986149586398 -0.7050957257968533 0.7459080896963048 0.009373329966198295 -0.015102154654968423 -0.20252695169795043 -0.2448254267875668 0.009002333360554726 -0.016384414592506148 1.1983817141363389 2.179264333757644 -0.020790742892858385 -0.025568095320200435 2.1407382281176845 1.611594578259972 -0.011019953331486976 -0.027454503950216428
2.4026951239103735 2.7788349264337437 4.131496218424648 1 -3.8374484442493513 -0.25853295511316376 -0.002333621466157801 0.0005181906642443938 -3.9556344887769415 -1.387084366344672 -0.01071370254017148 -0.016356895043840306 -0.7157307965421622 0.6409713525595442 -0.021827703856055022 -0.035462688003623274 -0.20650348080458247 -0.3492845550032809 -0.02130152244697804 -0.025563628752575576 1.1523675023877402 2.123207308309453 0.0029142912255455088 0.015365395614443549 2.1021184530303065 1.5703396781164982 0.004357351836291665 0.014133148991540268
2.3940617238726722 2.780067212794495 4.113661404215193 1 -3.8277650392252163 -0.2944785734220253 0.011399810665513533 -0.00931472807439044 -3.9841230649533004 -1.4208670014223734 0.0022322307187751887 -0.006750098366215348 -0.7293912157983256 0.5374108548603231 0.018874789013368365 -0.011418439644154267 -0.20015948302831443 -0.43969727398793723 0.01971635366724102 -0.00449263535999451 1.0876175090362574 2.0693786253957813 -0.024538129523241865 -0.029684835778493124 2.0638947343840934 1.5461781635871312 -0.01502005175952241 -0.02114156195632261
2.4036255093638936 2.7861204008596454 4.098232494533658 1 -3.820000788430967 -0.3309217805206328 0.019352307349322095 -0.013988225023341029 -4.010851084418772 -1.4523028148549875 0.009202783446294287 -0.004246718926251241 -0.7374349726009797 0.4376293621423333 0.012487920628865747 -0.008608431690769967 -0.18453793645901317 -0.5228781778481271 0.017619646856249255 -0.012260928599409183 1.033071839062349 2.0237011260141053 0.004210661391140034 -0.003978963815438517 2.0153337085240954 1.5280695716151231 -0.018762714266279276 0.010896369670421523
2.4069531505238033 2.7911700294339803 4.086961620895525 1 -3.807729143900537 -0.3726317284640557 0.00922257502280123 -0.01136709708659822 -4.038551618716831 -1.4796846456417372 -0.0006348310918865216 -0.005263498532902975 -0.7350511214285644 0.34416434651999994 0.016271469537340405 -0.009904063709115774 -0.17368611180272175 -0.6091573359712321 0.013937710335306807 -0.008926842860427503 0.9866881840186146 1.9848027118482956 -0.019030466356679772 -0.02741251802651902 1.974135578139835 1.5072398760721808 -0.012856505688898305 -0.0218414719767064
2.4077470432556978 2.7902030296900935 4.074384687955774 1 -3.7939159465184433 -0.418418420999336 -0.004249271733276417 -0.003285602585721464 -4.0705253293294446 -1.5082414707615488 -0.013671893756201516 -0.00995790704516353 -0.7306780448816217 0.2578366605507909 -0.0198242761753002 -0.03204378619058863 -0.16735379348116108 -0.6938349044440634 -0.019407298300245443 -0.023843992376636532 0.9473510198087256 1.942800032471419 0.00019095454454455367 0.017218772413145497 1.9443093502385933 1.4879145567902676 0.007218699407969664 0.014523502979526584
2.4184248642146127 2.8036434111165387 4.0559827307959395 1 -3.7852850860821627 -0.4639699562113143 0.0036256372230067113 -0.0088302029299277 -4.100842889091077 -1.5358478190348754 -0.0036014627668785257 -0.006498932207369611 -0.7321471227015364 0.17605310852430112 0.005443072986253673 -0.023796971021305926 -0.15899984632187447 -0.7640966482539944 -0.004119219335052318 -0.0016440498711801643 0.9068051975410025 1.8899800495598775 0.0010742244246306834 -0.019472884487393347 1.913909284262754 1.4636379903761898 -0.022125187044507628 -0.001253885171947411
2.4355277726519833 2.8192198407693714 4.037513505372639 1 -3.785653227460984 -0.4990316893367258 0.001825159268821043 -0.006422396292554195 -4.126112677878665 -1.561211238602362 -0.002818535229892955 -0.005500776861141079 -0.7430026338849678 0.09871803218161723 -0.020070718459955433 -0.026121219351304105 -0.1565121622885437 -0.8295810667200894 -0.01588999009589207 -0.02226211077587267 0.8671179525555734 1.8419210678352558 0.00029219058522779884 0.017463177691480748 1.8850036965813484 1.4410723661405456 0.005066131814000436 0.015303389418764829
2.455419534077346 2.83938037058781 4.022885957431735 1 -3.7883533289098006 -0.5237447241011124 -0.01362650890910437 -2.978606058928572e-06 -4.1474474618700174 -1.5806700908767952 -0.01412891909444117 0.0009127546444088631 -0.7489212570033046 0.03188196484130623 0.011842092928156028 -0.003917084810859339 -0.1587106682401842 -0.8908937454369414 0.009691429225487226 -0.004848256351646169 0.8290340696463296 1.791715677192058 0.005033181292976174 0.014869333175937215 1.8530499236162514 1.4140001310004382 -0.0037060037034927495 0.017008776101293133
2.6265982383752977 2.9351313265215393 3.914733597579838 1 -3.853463092214207 -0.6755336778841319 -0.027831503832681008 -0.043027721281895415 -4.177805310436332 -1.7117723102879112 -0.021423546672250243 -0.034202084487815365 -0.6819367788738715 -0.13069045563101955 0.011344865096285794 -0.058386648687500264 -0.12136907599540425 -1.0266670519553225 0.0018768084304343832 -0.0441233733189154 1.0199059565947053 1.786691605770486 0.05450045532952505 0.018046188247276343 1.9360290745815947 1.4138158391442261 0.054557082828351366 0.02018818408571465
2.6923301929419403 2.9422706337520332 3.756658946734241 1 -3.8829156610427424 -0.9690577711003696 -0.0031428185801308925 -0.05525145135835704 -4.3412402986991525 -1.8127476371232052 -0.057525185594559325 -0.01818916682456358 -0.47454032872679175 -0.37381425977156135 0.06643739514636282 -0.039835731507515515 0.033719544765738796 -1.180482080727802 0.05448035994800968 -0.01224004303124437 1.3328300216336677 1.9043174071946853 0.022239408612412144 0.036842595475930974 2.1678951626763086 1.7104518192288425 0.08033355766438019 0.07728321492943878
2.7211138604720166 3.0099010419115784 3.618957042181084 1 -3.9620383419413154 -1.2468077155840651 -0.02313245004466393 -0.05533773720306175 -4.5473183389911656 -1.8677044678312327 -0.011681674865859663 -0.01088232310037434 -0.19545968569100758 -0.55567277778047 0.043548101493726454 -0.008024846861754675 0.3123250295266935 -1.2374399160121587 0.0751336455956339 -0.022141118752828055 1.5115661527133568 2.0922346265551486 -0.009452205062241915 0.04219499428161465 2.3433752773311456 2.078946575116969 0.0655507019719257 0.04940659553576593
2.8157270454935497 3.111647532136446 3.4447305208210874 1 -4.069047223627528 -1.3698913201933218 -0.011262479227709381 -0.008976254010198258 -4.579145273393023 -1.9776930553715122 0.005469383900928607 -0.02059091839434589 0.06649035644390011 -0.6205783444992073 0.03919615105305243 0.0021666258502067506 0.5846716300981001 -1.216125233571637 0.04894552519802589 0.0009457745181424559 1.5818916868840311 2.27487785951641 0.0003867150152012458 0.02432146510948539 2.4331444122776675 2.2439610134666497 0.02081542654146635 0.021495310472452834
2.849268881350003 3.1384786867138557 3.3656309013794905 1 -4.048210525183864 -1.3935490415261587 0.020347929905661692 0.009946649231713844 -4.488527605928045 -1.9939290402691285 0.017756759690006205 0.006288678558837354 0.21754189779644584 -0.6113741415844713 0.011777354353021574 0.01023086410964362 0.7449029441402217 -1.1839582695888646 0.028013007132299986 -0.002903773753779079 1.6137718988772303 2.3222486716217516 -0.004280431426862005 -0.0014993106021793105 2.4662703323859416 2.3436265239162606 0.016672397693024046 0.014596571902594195
2.900457160900485 3.0956531733495245 3.337564931708253 1 -3.9290902632371014 -1.3118303377002176 0.03058460244934062 0.03228489577973884 -4.357900843898332 -1.8881648209452455 0.022363623052472262 0.020063463105341208 0.2635286753541086 -0.5971276833881642 -0.0020400746464671778 0.008212458884410523 0.815920718225124 -1.1769145768873228 0.01594643198198472 -0.009560839902411074 1.6360187347473039 2.3218654473274754 -0.006600618224662298 0.0002915745352067879 2.4868393841476895 2.346811825230708 0.01540516052807752 -0.014738858779398154
2.9224218271804094 3.0757960710605503 3.32722182978869 1 -3.8081083154150828 -1.150522686164843 0.02255484819054762 0.040936841038746556 -4.21560638523077 -1.7609694414983665 0.021505927031296636 0.0170222048808986 0.272993679587862 -0.5985271838086679 -0.007117345364165688 0.004411853093862127 0.8415952573709946 -1.1977105715721412 0.010497531316564813 -0.014689231545273095 1.6409983002144681 2.287492767462699 -0.010696368719596942 -0.018697113463066614 2.498090332758779 2.2483880322163383 0.01407356158296065 -0.02017721830869392
2.891511998421925 3.0907449849983495 3.315049184035573 1 -3.7360226702394286 -0.9915157537267654 0.01395389072093323 0.03476015141948306 -4.10537936202843 -1.653602879832511 0.009561476108723255 0.012200595023312853 0.26024728583836243 -0.6277720938686376 -0.010178628964010276 -0.0020012794220904268 0.846595857451784 -1.2421522595789114 0.007552247211204274 -0.020556338497503795 1.638021005764224 2.1663077466619782 -0.010462291599951809 -0.025067066285922597 2.50510384155809 2.156692242331834 0.01503795213675014 -0.02201864575662253
2.8882187073472627 3.0857406657548125 3.286286023533378 1 -3.693715789856523 -0.8752440120049442 0.00879305222609256 0.027501118185217686 -4.062029364461493 -1.5697343983490293 -0.002267128546127567 0.006175810772229097 0.25100290107764067 -0.6854249857468284 -0.006965104565369702 -0.0064569945346576695 0.83215282682165 -1.321827476554731 0.0032848837563630093 -0.02880184705935139 1.6402987762391747 2.0620203768049103 -0.009296988270316553 -0.019638652591782733 2.5160342129657387 2.0169335120232996 0.01575614084363209 -0.03328079661444864
2.8642341286900206 3.108113611944319 3.2402758315144755 1 -3.6793193796438577 -0.7933783467332375 0.0058414351248589685 0.02224593239366577 -4.051913461519918 -1.5234002368448698 -0.0026867243173316173 -0.006067310620665092 0.24540786280313842 -0.7668801776908996 -0.0094258227671731 -0.011803949234526118 0.8025578719541695 -1.4315316468198223 0.002071068689109362 -0.032659951904753154 1.6505204748184248 1.9378826064274741 -0.007428128960496591 -0.03031264276836386 2.530036529529231 1.8722261672376779 0.016741566255549623 -0.025596949089753948
2.837186323368103 3.1335499671160782 3.1806860171652716 1 -3.688796519426145 -0.7497949632641928 0.0033507672739730397 0.013144914423934072 -4.044681594538579 -1.5141564368288147 -0.003879830451664271 -0.01063902390337865 0.22877964796506234 -0.871374353511859 -0.007927181808884253 -0.013604008206291845 0.7733369588881338 -1.552198692698063 0.0020875288861882113 -0.035197180084033115 1.669007072701425 1.79030386249803 -0.0057303719356115584 -0.024477186494467725 2.5467264373948844 1.7491556397595773 0.015477062140322725 -0.028318454194569215
2.7968871939603908 3.0982051946190783 3.1169226623871227 1 -3.6924485220590095 -0.7489777605202721 0.006128779654257968 0.0057553820144407054 -4.054251105288762 -1.519685441663197 -0.007924180530842853 -0.012054767972962344 0.23442676018798014 -0.972552966992645 -0.002137154941269582 -0.01139367436067415 0.7438346343354381 -1.6821341966554386 0.002725094510585231 -0.0358081463228439 1.6840846164977785 1.6871540718961655 -0.008652105460042477 -0.019309662501711383 2.5513534232235617 1.6060373232604053 0.011820190868491294 -0.02678252607623505
2.6334154462649724 2.9974007016906783 3.1428309834374684 -1 -3.708970859142939 -0.7047846796305537 0.004433753292542689 0.04204569454202727 -3.9570150820513357 -1.5877360929745261 0.034504596406007844 -0.03611497431191735 0.35897412781596216 -0.8488573842286233 0.01849105203625042 0.04262546590811744 0.4202099246982369 -1.8542448549033295 -0.07499749709226836 -0.020785927550627192 1.539820438984835 1.5584795489227221 -0.023908226610519483 -0.04354387657301173 2.4557001928997915 1.4674219006994824 -0.05625730209722607 -0.032258045243387226
2.596214275513488 3.065636740837898 3.201445306661956 -1 -3.702487946397922 -0.5485858030464735 0.0016577030493151001 0.050552685085154016 -3.7727221195280336 -1.5666387407124929 0.006229662608944733 0.019097232019228125 0.2760353734165033 -0.7007548125260796 -0.034109155908710644 0.01203009656589045 0.1093604575706939 -1.792248172786614 -0.044538936019825254 0.04718476204214358 1.3304097010716163 1.2959830337969662 -0.003617717186956127 -0.05749896446154153 2.3765814233027784 1.1873023982139492 -0.038815664787701626 -0.06762246120693664
2.6513086608960226 3.059557964063478 3.1271459059907656 1 -3.7391988509040512 -0.3649380094154664 -0.0092253266304706 0.05233822252859265 -3.824024456060518 -1.372494212927855 -0.0328061920128678 0.026266488841706893 -0.0576382355088203 -0.6189523158710565 -0.05852257510559901 0.004292839054254906 -0.023548091150947137 -1.6877531229608007 -0.03577723815060847 0.03490102148735235 1.2875532901595 1.0409918348493639 0.0018098386112766185 -0.03571840640478373 2.351159111646971 0.7641380268768894 0.007574579690512986 -0.07784484930335012
2.4466090919738464 2.865802956554154 3.0629463522686597 1 -3.7878066575558442 -0.14661833298242477 -0.0074724845026772225 0.046653767079180564 -3.9422279412831553 -1.2332217878425922 -0.008840001848723484 0.019275402840575145 -0.30839730229983253 -0.5210783619066364 -0.025584696615999984 0.020754981783365867 -0.24880356972442996 -1.6107705386713258 -0.05970082885475682 0.02267366061045919 1.2953581970603452 0.7448247917395232 -0.0091718413139425 -0.08832513702455833 2.3367071835654967 0.3371715029053104 -0.018414931528766235 -0.09294355164862618
2.333847397319628 2.7496709867985523 2.999113120964216 1 -3.8950033045666985 0.07346381301199645 -0.03237433230273293 0.04031446724856796 -3.947174240917419 -1.142489126946059 0.007049828585207123 0.01968932524645157 -0.4185538479942563 -0.4288202717112821 0.0027181710270524437 0.006041979535095041 -0.630647623691647 -1.5123147174178297 -0.055445739212030824 0.0203248471628921 1.3093801624678836 0.5116056644620037 0.011076094258147415 -0.05348075872395921 2.278115540631842 0.014425218656177519 -0.04015135705416538 -0.04784508394344245
2.39898610130072 2.7547850239284846 2.9059250246075545 1 -4.039787049254607 0.26152277539105606 -0.03310390327258895 0.03329571124248728 -3.9010393521043536 -1.0046894698908087 -0.016600828931344094 0.036280478363727484 -0.4622866761047053 -0.4283218925962725 -0.034531465008549214 -0.002477694491137385 -0.9260321064584174 -1.4598483218260132 -0.0637781740174564 0.010217619221585941 1.2722152584636595 0.3172461843613763 -0.01691941266321248 -0.05956917050208057 2.197997001027975 -0.22653377777747918 -0.028711373896975957 -0.06170967942279877
2.334531728761537 2.693670306924482 2.825146895317687 1 -4.16098920425477 0.40536220026444214 -0.04169875337893249 0.015681299923916175 -3.8808058078290597 -0.8131804560439657 -0.025072797839650794 0.03061482687424145 -0.5452714289582721 -0.4737836063342915 -0.037027904910282954 -0.002143768836114234 -1.0360600754238636 -1.4911160996880932 -0.03284572044328764 0.0016891221483108618 1.2592324424126264 0.1234257014308644 0.008101714757807053 -0.050770503608332435 2.1407504747882706 -0.4458453558569554 -0.02765986537611132 -0.032294580814896265
2.209973106371373 2.578252163934679 2.724060156757613 1 -4.262543116799162 0.4739038160877873 -0.011193673367890448 0.012004450385367257 -3.8585332882388412 -0.6487924135790419 0.015914504545522158 0.0310755809250483 -0.570802317508941 -0.5004229594161138 0.018930400220214375 -0.005433334909679853 -1.0954733439235556 -1.4747435286084603 -0.0021279706113674786 0.008075390102238915 1.2585155151249916 -0.05902650354063077 0.01368918162636322 -0.039548702533842725 2.129324114435599 -0.6582103058833119 -0.02251966352922861 -0.028255963862822097
2.0531055594967595 2.335997415927023 2.6641408408832588 1 -4.332954550153967 0.5009990016673282 0.00075343931392705 0.004784511341006985 -3.842538944232902 -0.5303387584636028 0.013638282613899069 0.027758987599538796 -0.6288893913381317 -0.4106348686116369 0.0016444914167436549 0.023963277190663657 -1.0228952006492364 -1.4782749634655077 0.020670637910914176 -0.013163687498333146 1.2672003752326164 -0.15816561040097965 0.011032628842852433 0.005011181506956508 2.083037612131755 -0.8793130518773815 -0.011159339322893706 -0.03467821179864905
1.6109687710115164 1.910691466818713 2.710500596716367 1 -4.37695602555303 0.5108538699649925 -0.012616774771232974 -0.001654702294974904 -3.833464045426762 -0.4537008007109492 -0.005900170214494982 0.007269214947455652 -0.658195494655617 -0.3318836945302629 -0.028594611649817206 0.01579733073699108 -1.0018870194888736 -1.457134380150798 -0.03014361305925611 0.01988660272612594 1.2101625041464397 -0.16386973634690272 0.0046266683349940815 0.026032767399695247 1.9551880625771334 -1.066862449608924 -0.012821594095425272 -0.005900878589522316
1.2914832949995676 1.5034004872931246 2.773567653730216 1 -4.4070854006882385 0.5378506289612668 0.0006594632512761326 0.006773484561160702 -3.8523953705013865 -0.4247271247948864 -0.00592182339143477 0.006321675322357756 -0.6821278020795813 -0.2709504530511979 -0.004465317263761941 0.021952792835831948 -1.1035185430350367 -1.3780506514027635 -0.029334175046105575 0.00641926212616192 1.1414069736262986 -0.08498528025320862 0.00789035515047478 0.026929132370768213 1.8458954981709352 -1.039225227602044 -0.006728103652173568 0.023599225952370666
1.1390420701209907 1.278881908081847 2.5364256190844277 1 -4.430239545751203 0.6122862530729993 0.0018383672402807931 0.015515726662480765 -3.922654462273019 -0.43332623773889745 -0.00436182610002667 0.004942731496573564 -0.7550464927606755 -0.197863640275857 -0.008385372084709769 0.009394247077159423 -1.1948794364774717 -1.3147056055053943 0.0026607818651827007 0.006131821833988376 1.1691808095604959 0.024185780260921108 0.03901011725290072 0.031788130877705364 1.7678900126715806 -0.984444159629263 0.003813298857211065 0.015318034772621829
1.0371746573281826 1.1169798994592044 2.287127576197181 1 -4.463139699779246 0.659864434498119 0.004726498912813317 -0.008600261594259482 -3.9591427912066166 -0.4250979811731863 0.0032057979837374897 0.017484667960653767 -0.834219191750663 -0.1425333535402874 0.00740828921816214 0.004813242455086119 -1.2035677771490612 -1.2713214665089174 0.022125446525609722 0.005597921130793191 1.2842363921978794 0.10479423383015085 0.018735515669501168 0.006781985280043725 1.6946248020258805 -0.9481464142531378 -0.019209631251606515 0.011995795175471523
0.8802363501167672 0.8917277508012322 2.0392728895927794 1 -4.522999988302407 0.6481823133064104 7.092487968255031e-05 -0.003043332878287367 -3.9461868989880875 -0.3908041838227392 0.013342257061833422 0.014900276729974259 -0.8652439124506932 -0.07298332459493362 0.019682658331614825 0.010645197104265938 -1.1489367294558228 -1.20967089422663 0.0324903392838566 0.01781110291280826 1.415375084744042 0.19543524293660575 0.009330896909365751 0.016768219375769947 1.6913888228723248 -0.8869247091666188 -0.013221786742907228 0.012437688642998355
0.7108128316720532 0.6549011336396476 1.8200846933849506 1 -4.562527642999862 0.6296098628339801 -0.01533985382303658 -0.012217474871163852 -3.92948689011606 -0.36236101236164864 -0.02093399846123869 -0.009528635503103398 -0.8345536743604183 0.04472614190764901 -0.003253316473646413 0.02860050155975654 -1.058153567435264 -1.0845655014186448 0.010094058296250995 0.03752729935031809 1.574821224431509 0.3102950911699056 0.04867372633772178 0.02079977668124249 1.7337777683807758 -0.7965186012067331 0.023799092096427645 0.02289048477515874
0.5787271246726514 0.46847736788931993 1.6590835283501986 1 -4.548664126575539 0.6278268520043042 0.007921933880150313 0.0034625956605228523 -3.9281143117385744 -0.35180183152222266 0.005822050861447454 0.0014127379686162383 -0.7619142485208559 0.21502588622478158 0.0030025349651709946 0.03866794276060333 -0.9547035655046758 -0.9076493172310756 0.010982227202416095 0.04041361557491621 1.7583544931287856 0.40443563522776227 0.03290306114966576 0.005047300315933688 1.7923922710042364 -0.7127883008336242 0.003891781149410665 0.022793903266488558
0.47020924862612906 0.31201654418130714 1.5274640959105832 1 -4.5142465828826746 0.6095793209720528 -0.002897514876713898 -0.009782553713620822 -3.913066291940012 -0.3669833601690239 -0.008188617004903604 -0.016257499411001967 -0.6813846461840152 0.4059021174709512 0.038627992926821314 0.027874938990685473 -0.8469300857058215 -0.7137779762882248 0.044366152353436925 0.04421411529884748 1.9515480098554505 0.45526284818352725 0.022958674436805458 0.012376243686098623 1.8574759205657507 -0.650892586556675 -0.00345361398424965 0.009169655162237854
0.3704184412230605 0.1597624614594307 1.4087624733587185 1 -4.481120142694414 0.5518532249192927 0.010563619875512714 -0.019890492369089647 -3.8567987111833535 -0.4054987665841805 0.010303869537850986 -0.007139392153679033 -0.6048295068267562 0.5961806543994579 -5.6896278615166385e-05 0.036241486115008784 -0.736308815798782 -0.5181926900574755 0.00994691010717937 0.04398176913336273 2.1406663129097474 0.47310622658506984 0.05031325121225206 -0.004344108878876191 1.934916354731059 -0.6047479049050942 0.03284899422640824 0.006915352264420402
0.2903775737410044 0.03984260828473218 1.3263646522022763 1 -4.431086645426238 0.48011387657433025 0.02308682318495491 -0.010921758655947038 -3.7899057990332743 -0.4651975311321236 0.020165334342506155 -0.0041314201864903165 -0.5226351132073392 0.7833261111596204 -0.00492369262653819 0.038067899252528216 -0.6150448127480566 -0.31835601290816085 0.0030982480531037485 0.04204630741632364 2.304464381605343 0.47843066354276664 0.04830578636296135 -0.0011639897659448464 1.995841774942889 -0.5681986495014355 0.027726297099688334 -0.003473348836466144
0.21050798939422097 0.06961387798294483 1.1949353336988997 -1 -4.3490694299379085 0.4230176555937204 0.014664013407140103 -0.004354791221091971 -3.755737496910598 -0.5361883966303307 0.006249470379212272 -0.018047733247752235 -0.434749492693145 0.9646071445201645 0.027038545937135495 0.020473819976870377 -0.5038571917310914 -0.12459724607046319 0.03170516321733457 0.048381180041021335 2.4483779723043417 0.4638011048623609 0.001254171434888044 0.005048007811601665 2.031530066692903 -0.5400014115048564 -0.023316466769787693 0.018241979795525002
0.09601698007640906 0.2240381475353571 0.7785035647260021 -1 -4.282604735981556 0.46036387117099076 -0.0035979225713113675 0.008851825505384093 -3.8241959769709126 -0.5120821556230262 -0.02645770371273949 0.016997314456013875 -0.341956125468176 1.150079838971148 0.02651832297795769 0.013988024669396922 -0.4102681692630048 0.08749045309497361 0.03405516958438469 0.06600312068969977 2.628833849224095 0.4652891113542317 0.0651271160305555 0.012563385571908569 2.2091669239697582 -0.44780799224078416 0.054336164450555155 0.008129883532614783
0.10932819786676828 0.2999228865743046 0.3261113721510189 -1 -4.374432757502971 0.49952662593779396 -0.02362903352894885 -0.01075831188426142 -3.821252467616712 -0.35135866092923806 0.004206686346510854 0.05167396137504929 -0.21338797772842444 1.3172525002606452 0.05140532831136342 0.027465934894934322 -0.24095546524811873 0.3285796924315043 0.05965743241776003 0.04834511622225641 3.030049746068576 0.37281504397846144 0.07839592569728152 -0.052973195142551895 2.533797067799841 -0.388011289129516 0.07400179446065895 0.017017919841702943
0.11727257819881105 0.4365929868849049 0.15849188261990313 -1 -4.487119699453657 0.532081016413009 0.003761910634436899 0.013710663933145224 -3.8326718855703494 -0.16304443001918156 -0.007717800325877858 0.040659398139280274 0.037476561924986385 1.4498515598920396 0.051650879559138135 0.019766856546751234 -0.012574233878819285 0.541822125873294 0.03671439356411226 0.04081292525928135 3.433550599762013 0.22654231911503486 0.0762146254065147 -0.02803704167882442 2.8264133090601016 -0.43423496136938844 0.06465003768315486 -0.03237057556635386
10.5843115 0.23434973 6.281036 2.3366065 6.0834785 7.616179 -1.278228 0.15619588 3.2152991 1.6292977 8.941848 -0.43294287 2.5556703 1.4226894 1.9542093 5.5533295
10.830208 0.48771763 6.222189 2.4126234 6.383815 8.051494 -1.3864713 0.422539 3.362352 1.6353545 8.602668 -0.36084032 2.562808 1.447672 2.0085416 5.6719065
10.926079 0.71290493 6.0188427 2.457431 6.030963 8.02705 -0.54078954 1.4440546 3.456484 1.7053751 8.835089 -0.50130653 2.6745064 1.529875 2.018568 5.423045
11.014676 0.6450124 6.2482424 2.5697024 5.934113 8.177378 -0.16568321 2.2408605 3.613877 1.7373202 8.694802 -0.4304142 2.6313453 1.5961679 2.0987089 5.4832907
11.040384 0.34918928 6.5266876 2.7571268 5.8275146 8.279103 0.10792279 3.451232 3.974852 1.751488 8.349165 -0.3266909 2.4559183 1.6764408 2.2375607 5.4719214
10.492354 -0.6873603 6.9794626 3.3636565 5.8451495 7.019103 -1.8217856 6.357802 5.8931613 1.5900527 6.964986 -0.33789992 1.1718607 1.7158351 2.6912494 4.4545555
10.6886635 -0.43766928 6.8903017 3.163762 5.769907 7.485121 -1.125361 5.542916 5.2857375 1.6499038 7.4259796 -0.35956264 1.6647229 1.7175416 2.5416842 4.8428555
10.7144575 -0.1721487 7.3073053 3.5825934 5.9802103 6.6979747 -1.7678578 6.695011 5.8896217 1.5694473 6.7689548 0.12097299 0.8263546 1.7085017 2.8324249 4.455711
11.122637 1.0807481 7.547026 3.772945 6.4211845 6.1480002 -1.4683824 6.9809313 5.0719023 1.5572631 6.956192 0.6551043 0.36798257 1.6452297 2.88543 4.1716337
11.342454 1.1228471 7.6496086 3.6620955 6.329602 6.0537643 -1.401691 6.708604 4.6301093 1.5637416 7.202286 0.5888213 0.5967518 1.6155318 2.7798028 4.243043
11.0285 0.9287782 7.501463 3.7599945 6.3927517 6.251131 -1.5021663 6.949518 5.2084417 1.5602949 6.9220786 0.5996369 0.40738094 1.6580715 2.887601 4.2072806
10.852089 1.056416 7.3636355 3.8479252 6.55986 6.4934955 -1.2925175 7.0575275 5.412233 1.5724103 6.7803802 0.73572993 0.22412527 1.6895776 2.9673276 4.2002063
10.782637 2.020331 7.4581566 3.953212 6.323573 5.9264455 -0.72656673 7.018194 5.3124914 1.6036464 7.228894 0.96150696 0.20197958 1.7016792 3.0431957 4.256767
10.657269 0.17978716 7.353813 3.5465703 5.474845 6.971823 -0.64683795 6.8503313 5.8821845 1.6624179 7.359502 0.10697973 1.3203468 1.7981852 2.8248358 4.849861
10.136747 -0.3442707 4.57595 3.0416641 3.5927618 8.580289 5.0874705 3.6113396 5.306991 1.8370248 9.568929 1.0973825 2.787082 1.9367868 2.6197276 5.977701
9.955338 0.79414225 0.8435559 2.7458124 2.1318505 6.55701 4.8726254 1.0140308 4.0892415 1.7801701 10.602709 1.8236678 3.4083195 1.7236885 2.3164194 4.7998896
11.452267 2.7011685 1.3176821 2.8095102 1.8156033 5.235861 3.7011392 1.4207153 2.5171819 1.7537682 7.732009 1.671305 3.255876 1.5263232 2.3191304 3.3097415
11.432838 1.5353613 1.2466371 2.6636357 1.3090887 5.574757 3.3587425 1.3152231 3.1071515 1.7670417 6.882439 1.2385268 3.6109164 1.5780263 2.283105 3.41054
11.336252 2.2840018 1.268171 2.7742937 1.7597041 5.410082 3.7906492 1.3179303 2.7184331 1.7662699 7.8723316 1.6558527 3.3441641 1.5614892 2.3014748 3.530466
11.259153 1.2323253 1.2130299 2.6925406 1.5486856 5.650975 3.7978966 1.1144031 3.2226756 1.7941965 7.643357 1.5944644 3.5567188 1.6467854 2.2584937 4.016238
11.1842575 0.5332427 1.2129495 2.626007 1.435184 5.762629 3.779001 1.0231802 3.5402908 1.8133065 7.6823297 1.5524869 3.7481942 1.7066617 2.203121 4.425138
11.035244 0.3831792 1.1845826 2.6249788 1.5275679 5.816253 3.899675 0.9325509 3.6327941 1.8190697 8.102101 1.6454782 3.746506 1.7291317 2.1880844 4.656478
11.062674 0.28844738 1.1981897 2.6054804 1.4737172 5.822131 3.8254352 0.95324516 3.6573818 1.818659 7.9999347 1.5843436 3.7962918 1.7294159 2.1762567 4.6436906
11.068081 0.3841529 1.207641 2.6086087 1.471734 5.8116207 3.7988038 0.9874649 3.6154928 1.8138369 7.929949 1.5557996 3.7857814 1.7176027 2.1820855 4.55478
10.991592 0.3035984 1.1711432 2.5769668 1.5537109 6.0110226 3.741681 0.97259176 3.6134367 1.7851219 8.246587 1.4349529 3.7525978 1.6772071 2.1748977 4.373708
10.975493 0.32727432 1.1818718 2.6163974 1.5405478 5.8546724 3.8893096 0.9299357 3.6494656 1.8157282 8.165627 1.6240512 3.7540612 1.7267897 2.1820178 4.6526046
11.209525 -0.008800507 1.201671 2.4490585 1.8591189 6.510956 3.3491247 0.8718134 3.2387192 1.6810055 8.803844 1.0981982 3.5871954 1.5078928 2.1045952 3.6354423
11.154768 0.13339949 1.1922053 2.4637156 1.904959 6.444674 3.3164096 0.90997374 3.1432695 1.6747099 8.953001 1.1058767 3.5462952 1.494313 2.1102672 3.56536
11.179329 0.39082813 1.207243 2.44862 2.0706353 6.391223 3.076761 0.9223833 2.8138337 1.6338971 9.288384 1.0187367 3.4418433 1.415684 2.0910316 3.2176123
11.033577 0.49350977 1.1765542 2.4818816 2.0176864 6.3384533 3.2219224 0.9545758 2.9510994 1.6558318 9.298307 1.0856194 3.4736035 1.453865 2.115942 3.3808517
10.79274 2.0123162 1.2228633 2.5628266 2.6308794 5.780827 2.638233 1.3147521 1.7204545 1.5335687 10.274019 0.9594182 3.0169055 1.2232084 2.134288 2.2658954
10.660661 2.207933 1.2108634 2.5866606 2.7334113 5.6998625 2.5999794 1.3640437 1.5745409 1.5167603 10.390345 0.9639498 2.9313989 1.1990342 2.149025 2.1440067
9.975262 2.7031903 1.2235842 2.6081328 3.1952667 5.475705 2.1841865 1.4037964 0.9578192 1.4234432 11.022752 0.8589041 2.61581 1.0675374 2.156614 1.6188521
1.7117558 5.772018 4.1879587 2.7708876 2.2570643 5.0273294 2.4537592 2.5659466 0.57722056 1.5519483 12.257757 1.4170868 2.5107436 1.0753804 2.2854056 2.103703
0.63469696 6.052751 3.4817274 2.732925 1.940443 4.911713 2.7392106 2.2196145 0.83747077 1.530999 12.324587 1.4204586 2.6946578 1.0707269 2.2970552 2.022431
1.9265339 5.8008466 3.0713377 2.702745 2.109925 4.8724427 2.5575194 2.1050096 0.8091016 1.5049613 12.257235 1.263663 2.7422743 1.0502872 2.2638702 1.8747339
1.5121222 6.125017 3.222565 2.7078073 2.0140738 4.7793326 2.5624251 2.1932807 0.77220106 1.5170672 12.315902 1.2873967 2.7922132 1.0494399 2.260468 1.892807
1.3240778 6.1098323 3.254007 2.7156425 1.991718 4.8181596 2.6275053 2.2075205 0.80709827 1.5211283 12.319697 1.3169599 2.7766566 1.0569916 2.2713141 1.9238
2.0903223 5.830657 3.028609 2.7327108 2.0893097 4.9556856 2.7691944 2.2713857 0.9225805 1.5220021 12.357845 1.3005705 2.7677763 1.0784167 2.283595 1.9442811
3.9596438 5.0309315 2.4441822 2.7342463 2.406693 5.2330704 2.8627498 2.114168 1.1230676 1.5032687 12.361351 1.2182249 2.708271 1.1004089 2.2883866 1.9447775
3.1224117 5.5237207 2.7141988 2.7682757 2.2595263 5.1700177 3.0499988 2.3309944 1.1305667 1.5365826 12.5235195 1.3544158 2.7642405 1.124928 2.2996635 2.0948043
0.7265806 7.3678584 3.5864265 2.7924578 1.8771605 4.6805725 2.8922484 2.8661647 0.7714473 1.5920327 12.6970215 1.4870753 3.00383 1.1047033 2.2637298 2.1589427
-0.41548014 9.49656 4.1684523 2.7639508 1.8322859 4.148298 2.1913657 3.2776217 0.23015618 1.6159046 12.699669 1.3717358 3.343905 1.0261508 2.157084 1.9878135
-1.3019528 11.388849 4.2108564 2.7625437 2.232751 4.543707 1.6862061 3.3807988 0.18093383 1.6248516 12.133512 1.251561 3.5233586 0.9768487 2.1244078 1.9167747
-1.2608724 11.93227 3.9195375 2.7755945 2.5977116 5.1848273 1.5199213 3.438046 0.29801524 1.6119148 11.4214 1.1685548 3.5019467 0.9656415 2.1365502 1.8808069
-1.8990784 13.37332 4.382383 2.8642993 2.47049 6.1872787 1.8103082 3.7513237 0.107477665 1.5787582 5.9515724 1.624283 2.95091 1.0185573 2.1938477 2.560719
-2.1338058 13.405941 4.3345447 2.8234286 2.4075537 6.432227 1.6929153 3.6801548 0.052705526 1.5290451 5.8532186 1.6528935 2.7191536 1.0079513 2.1543083 2.8901677
-1.9095817 13.561281 4.19684 3.0614607 3.1018698 7.1062984 2.1210494 4.5837173 0.35092342 1.6634529 4.224263 1.828557 2.9438689 1.1380364 2.347958 2.4708047
-2.8842301 13.604282 2.7951171 2.8654633 3.8197162 10.117014 0.4720888 4.0603433 0.30890298 1.4588398 3.6837268 1.2315953 2.397223 0.90784264 2.2084904 2.3925672
-3.2530565 13.516829 2.0781536 2.6739013 3.4183395 11.277493 1.2452717 3.6014895 0.12596536 1.1990875 1.1563544 1.1141238 1.9655706 0.7039349 2.0959506 2.3277688
-3.086173 12.05866 1.6497911 2.2614136 2.7050273 11.646866 0.10510129 2.3134847 -1.1421988 0.8414736 -1.264648 1.003315 1.0102298 0.4228139 1.7212006 2.8587275
-3.2775803 12.045088 1.3514163 2.0955944 2.2155619 12.066283 -0.13524634 1.930967 -1.276662 0.71896935 -1.2491937 0.80363774 0.81126523 0.30837774 1.5912768 3.06147
-3.537003 7.4472485 0.8348613 1.5900252 1.061089 13.31202 -0.7979709 1.0872852 1.2138453 0.7892238 -2.790935 -0.41170645 1.9805214 0.5565202 1.4832296 3.910491
-3.1654 5.715307 0.52396417 1.4381516 0.63113165 13.584537 -0.22411543 1.3123907 1.8876007 0.8049638 -2.3540149 -0.6580224 2.3439696 0.64747226 1.4847631 4.018512
0.24673319 0.00936842 1.5192438 1.5996094 -0.14566898 13.305971 3.381598 5.124569 1.1793245 0.9162233 0.28123236 0.5398567 2.2094371 1.0177156 1.7203323 3.4392247
-0.03368044 -0.12768745 1.5635508 1.5698698 -0.10194063 13.592539 3.3634603 5.227565 1.1483803 0.8719522 1.0902143 0.50371337 2.054919 0.9905038 1.6882306 3.5405602
-0.59400225 0.2937646 1.3717587 1.5631751 -0.14540195 13.35901 3.1260004 4.7877593 1.4144212 0.8727671 1.0193272 0.4114176 2.0928001 1.0067167 1.7160563 3.7395887
-1.729775 1.9283538 0.8979436 1.3230648 0.06935644 13.322767 1.6815472 2.3952081 1.8106905 0.7906079 1.0779219 0.09456003 1.9658976 0.8751718 1.5437028 4.50492
-1.1366119 1.7727642 0.9462477 1.1541349 0.32881117 13.918518 1.8726323 2.295936 1.5440487 0.7182727 2.08387 0.1643207 1.712481 0.79141986 1.349472 4.9191437
0.38124847 0.88447475 0.568606 0.8940307 0.89115286 13.695715 2.9023163 0.45410895 2.0733576 0.80272853 5.4536343 0.69709635 1.9553885 0.8413831 1.2680695 5.312586
-2.9812574 4.083038 0.108989 0.9152492 1.2254791 14.575733 1.2232424 1.0467279 2.436585 0.613163 3.7950692 -0.48981023 1.676443 0.6701124 1.1368449 6.1545386
-1.5842814 1.3236766 0.99672246 1.0104957 2.490518 13.812798 5.0595803 -0.15465188 2.1899483 0.87207305 6.478753 1.9872655 0.7310757 1.1487534 1.1011449 9.859206
-2.7549062 2.8414166 -0.07188606 0.977454 3.2089615 13.227209 3.9113264 -0.06961036 3.8444676 0.82823277 9.248717 1.6631924 0.99934155 1.2699546 1.1050966 10.472399
-0.16443396 1.2213104 0.2783227 0.8571949 3.3747096 13.115999 5.0378685 0.63823104 3.4452667 0.8495302 10.314154 2.2231927 0.8696387 1.3111479 0.98985386 10.479197
-1.5055356 0.32801533 0.67153144 0.8115488 1.9121404 13.399866 8.018712 0.5932932 0.25955474 1.062257 9.681015 1.2335167 -1.1078522 1.5250108 1.2700852 14.676239
0.2629404 3.991498 3.536572 1.29069 1.7628107 8.882057 10.259935 0.6850232 -3.5244102 1.1279047 11.335871 2.5045595 -2.1274805 1.2991774 1.5117979 14.584976
1.3629086 1.3492179 0.64128244 0.9493269 0.14657307 4.158281 3.0102692 -0.4992392 -1.5751545 0.92530966 13.090315 2.6898258 0.5755932 1.28126 1.2844443 13.865324
1.6066809 2.9644039 1.778976 1.2909172 0.52896833 3.3315406 1.6788533 0.8579602 -0.6774533 0.9731208 14.204168 2.7409577 0.3201589 1.3146524 1.4616406 13.427714
0
0
0
0
0
0
0
0
0
0
0
0
0
0
0
0
0
0
0
0
0
0
0
0
0
0
0
0
0
0
0
0
10
10
10
10
10
10
10
10
10
10
10
10
1
1
1
1
1
1
1
1
5
5
5
5
5
5
5
5
5
5
5
5
15
15
15
15
