96
1.950402415528554 1.998769989265386 6.895578293370325 1 -4.46 0.4099999999999999 0.0 0.0 -3.77 -0.31000000000000005 0.0 0.0 -1.5499999999999998 3.16 0.0 0.0 -0.8599999999999999 2.43 0.0 0.0 0.6399999999999997 5.21 0.0 0.0 1.3200000000000003 4.49 0.0 0.0
1.8647513727165186 2.094806691220275 6.877706629068616 1 -4.407385225379703 0.46378003316946503 0.02907793636706022 0.02431811966860519 -3.776840965948864 -0.34660557394703895 0.005749054833782289 -0.013977973796137839 -1.5577102540137258 3.153067955194098 -0.0023959629782262307 -0.006897258225921073 -0.8596309730396219 2.4184932407967255 -0.003959754144464581 -0.002766033416547459 0.5910684076627755 5.099728973852501 -0.020494207657292585 -0.04930908317633972 1.3323399076695708 4.359282089768809 -0.0012977684198924554 -0.046827545262324306
1.9670844456525907 2.3136177588408353 6.750461681111316 1 -4.267633613908381 0.4913265968089551 0.023730799815093226 -0.014429507350805873 -3.7585186305049514 -0.4327237078811169 0.003485388748452025 -0.011769416899618558 -1.6259563657515033 3.1174274119417635 -0.020135677639121455 -0.012443681415277325 -0.8828993259290905 2.3401459047866418 -0.011531615812389526 -0.025954877494187137 0.4628627533194578 4.78459302850676 -0.017007654292025824 -0.07382728678434769 1.3063560005864039 4.002083825758485 -0.014011102763677414 -0.0865292132999537
2.1494886622632046 2.4643815266525637 6.45741229280356 1 -4.248196730294372 0.3921836031758801 -0.011026913710599339 -0.020564371700588054 -3.7265108888234626 -0.48885200359069936 0.008690600327067116 -0.008006660127509517 -1.743209080066733 3.030200095559853 -0.027064351269267182 -0.015047581660014592 -0.981295867689358 2.153275994234694 -0.020385171831007434 -0.04994563333195989 0.40345188827700706 4.408362903339123 0.004097201765406188 -0.07076359433429615 1.1972380312653303 3.5488680735020557 -0.022679741572357814 -0.08147426265656994
2.1053939651200637 2.401389701077792 6.141891405937752 1 -4.346352617776322 0.3023430639353488 -0.03177457838214976 -0.021701047675831444 -3.6832767394550765 -0.5487638988992312 -0.0007702181445201697 -0.0251844074301207 -1.862944481819632 2.87166479657204 -0.015288511641284388 -0.03165014870205521 -1.1535180605486643 1.913873769222846 -0.02720642726790025 -0.03941480467491483 0.3547602549895208 4.006296267186199 -0.021932429734086704 -0.09643889784938697 1.0811826626607086 3.1024031648077646 -0.024397373801793205 -0.0798377581688873
2.152482457258604 2.3901297783140945 5.867893005585836 1 -4.410937792631221 0.26095073076303055 0.01793739366813642 0.007313874279592193 -3.656991789898473 -0.7028905972325147 0.013547248040289962 -0.027267942368690838 -2.2975694910216338 2.6019815420978705 -0.07862506344634591 -0.05595565699331363 -1.405203696274007 1.5668271980787907 -0.04204394937352945 -0.03882764630225327 0.5411274466749001 3.607513319006359 0.041130198987648046 -0.08091839144114646 1.0388497781043382 2.738418245203223 -0.0016364842015828846 -0.06282358487071756
2.1486031053657153 2.3221622415514216 5.6919120947036905 1 -4.44918839617814 0.1804281510279202 -0.037769966984728315 -0.05007644519054804 -3.597742996195584 -0.9701336329240977 0.013894687884678701 -0.061320629522660534 -2.629888709740185 2.3495384833867994 -0.03477638710047133 -0.028685166451927795 -1.6467965445150914 1.4425828409580808 -0.04197286016726115 -0.0015291361497103365 0.7228763917932355 3.309636552157447 0.03053416891369519 -0.06021345706596324 1.147868227939357 2.6001169416196075 0.012485710299667219 0.023043790923834892
2.0292912163911154 2.2263775774485657 5.607218429163936 1 -4.364486100961225 0.057687824112401254 0.014509925385576496 -0.035765132110565936 -3.5527697114488053 -1.1459765180405674 -0.0348699044886515 -0.02732890323646526 -2.6455768025776347 2.391800670857149 0.02563898105195765 -0.0035609977125457375 -1.7298906038455057 1.5074386669796307 -0.015786435895648078 0.033486171907873376 0.7879341150728747 3.2404784959426127 0.034369842599429254 -0.01727483729582046 1.2518215073079517 2.5705836598807044 -0.01403357417221407 0.021982349012258123
1.880488253877824 2.078402179227913 5.5646502305707655 1 -4.183829595714355 -0.040731342619537036 0.03064742131965103 -0.01474410082541525 -3.655045063056277 -1.1827932690935599 -0.02277678175743477 -0.005774305777018183 -2.541380864704294 2.4750695587942273 0.013874674256596102 0.0037330002563789274 -1.6263603416195842 1.658690360500981 0.01968589302525419 0.0185977984319766 0.8913778070036491 3.302038313977728 0.026612715757240196 -0.013254448444749357 1.2435355270454584 2.512291139208127 -0.011544142974760502 0.0223226041925272
1.598679193587376 1.8711291006371653 5.573152398495624 1 -4.0536234613960085 -0.07329276431550891 -0.004334697850429968 -0.002019823945361445 -3.7149809872172446 -1.162407361251507 -0.015137552708045805 0.0006633740403930149 -2.1390236602869748 2.616970356547996 0.07925350102075457 0.023709070200119014 -1.4169368846960042 1.7677592836409532 0.039278369319502016 -0.007714273365455566 0.8294781883223399 3.4636386220433444 -0.029004572465036675 0.027484159092690294 1.240343590064521 2.5874253628494404 -0.007065249653520105 0.040744119640834575
1.5093653944525656 1.9003681368173477 5.305728746092544 1 -3.9974021399850006 -0.02572439571407026 0.013333903142421598 0.01805551933113884 -3.7280672498346705 -1.0737809821010023 0.0066380499238516055 0.026068869203458356 -1.774065544275195 2.689008074390068 0.05979247927230191 0.0018776014387318558 -1.1340760980307012 1.7614372553530995 0.06641063139078998 -0.0011665524950132751 0.7079222830965151 3.665472443913804 -0.015186916981453698 0.015219232809845558 1.2163674066512673 2.6084697178551397 -0.04197938812252107 -0.021058272582078104
1.6177966287866572 1.871162845965105 5.204406393078713 1 -4.01306821806173 0.07094062380749655 -0.0019337907883301792 0.02251829285700615 -3.719305415468364 -0.9435996901865543 0.006865978662142268 0.029144121376725018 -1.6164428615867785 2.587415140984537 0.04528359651931976 -0.02278535552309913 -0.9057257736499236 1.6661089576859127 0.05737059911602726 -0.0014267379374801048 0.8632892852188734 3.7167826092505774 0.03060429257860541 -0.024553019636699626 1.1434601049099768 2.5524915644519997 -0.014947609207929674 0.002942915306726427
1.4086969620556122 1.6905564783998883 5.275126071143767 1 -4.102606686684451 0.17305653049772363 -0.011921197019366758 0.017955798773039607 -3.7153422493912394 -0.8340282647324866 0.006319154386834156 0.024842024991584655 -1.542985524130092 2.4139052626948083 -0.0034373761288349694 -0.024690787932201808 -0.7674441067309492 1.5358090375826285 0.023150928911403055 -0.036686262899197554 0.9605036516006402 3.6662733704646797 0.016291414331861844 -0.01005270413803857 1.1909850041177261 2.5142386651891697 0.036072987563802214 0.0076640488906186644
1.3336815746846444 1.619127205107018 5.2919883082686425 1 -4.212980797745218 0.24072516383654352 -0.021882946970523835 0.012217177315129156 -3.7171239581068067 -0.7679800953280769 -0.001956255181538324 0.0031055426103443924 -1.5169886469557041 2.2825125969117477 -0.000809829637790041 -0.0291213615588322 -0.732009203119099 1.423446087008669 -0.011449701672893008 -0.022551337262067945 0.9488567296129125 3.629866993432179 0.0041407110498083485 -0.023328254820817854 1.3402039166571624 2.5770240177600368 0.02350398480064745 0.03627904168030213
1.4683033972706565 1.7490230169112446 5.2223762324817224 1 -4.258401130112886 0.2825807177098667 0.013791867392787196 0.0017826744719790667 -3.7360440335429255 -0.7573985192128001 -0.0024083281160077615 0.01057438608784179 -1.470862527612721 2.2098429256424197 0.027065999538112263 -0.020207610627362194 -0.752818639923289 1.3343510116729864 -0.012507615689913291 -0.007339937440302622 0.9955526556835066 3.6053060492105713 0.022207847020356095 -0.024128971094998522 1.4453619128468445 2.6177736571533394 0.01032699889474185 0.008463921014544844
1.5495451046863467 1.8582133182885656 5.193700351652112 1 -4.232021953922212 0.2874663486508986 0.020037105850556375 -0.0027913997805305985 -3.756125488472833 -0.7960379686529632 0.007352316468435389 -0.005617200395499166 -1.3606509675000846 2.1623685302187554 0.005406845150828591 -0.017174419250827723 -0.7576574642767855 1.2288267045687973 -0.012339970824721774 -0.03675140639866019 1.086401635754875 3.523068885325456 0.040406486561003575 -0.014620540816088982 1.5235996747536538 2.5309471503742973 0.04465432122192155 -0.009126106158931864
1.628812966142948 1.96011205803823 5.181334589537092 1 -4.188374147807854 0.22685535673221024 0.019531567116077314 -0.013745930333287509 -3.7461890778847 -0.854094462589169 0.012947573793720395 -0.006446143510488283 -1.256902594261244 2.1132275178041695 0.03218306823749728 -0.0017576405611140044 -0.7224031501880068 1.1307868420551106 0.02551724068367912 -0.004717513883889583 1.123561794424396 3.3803917474422214 0.00416103982727916 -0.019810007198871663 1.6305362483355443 2.401630068172212 0.033325415534012325 -0.02952755921178933
1.8997575318267208 2.1473786383921745 5.1124177170036065 1 -4.163551992490321 0.04476320701477876 -0.0002941485905729249 -0.05189987464902919 -3.61988447959106 -0.9537863969916274 0.018801136306870418 -0.029466535633373515 -1.2101091535500728 2.0674619057965375 0.001888767326262926 -0.0197355260447817 -0.6772539356329497 1.0934914979483592 -0.012269740091038185 0.0002490630974951655 1.3307351662915812 3.2371380490315342 0.0574745715046186 -0.02849729749421039 1.8027036098165068 2.342972150110505 0.03786831704853946 -0.005621788779433598
1.992059374823991 2.2083495615946362 4.9940666691571005 1 -4.0071915382405265 -0.17508126793209666 0.042855216780720774 -0.06185257419858642 -3.6443347196218223 -1.1466573208769655 -0.035398640946484976 -0.03887927497690548 -1.0525916625962326 2.1189584472303276 0.06513110900745908 0.032073200268596475 -0.649626371005052 1.1794326291933581 0.0280661951630592 0.04223158944767998 1.7998221184349337 3.236425489769135 0.1003091107288907 0.010569746762835005 2.2356614328320905 2.451232722428909 0.10648005748607142 0.0382529209410092
1.9906041140123492 2.2237196076757626 4.951741871153799 1 -3.8768157943534587 -0.49206601089832414 0.007107287271279248 -0.060635141736597044 -3.7419917757943275 -1.4170274421204399 0.004535732216471459 -0.05829455558787158 -0.8082502540959244 2.2777328764002647 0.0425028953754826 0.053609904608618336 -0.531045909050532 1.4022741578688565 0.04150438293748494 0.035433098277189344 2.2662197905282797 3.3396273685701523 0.07960747627647731 0.047381531802460394 2.7637073763725395 2.637352206127392 0.1102718102964052 0.018435762911807548
2.0423911420567396 2.2619444589184243 4.825106151708485 1 -3.84996470674485 -0.7529460247993631 0.02518686984464632 -0.03219578933597603 -3.6617841068402432 -1.5785065240012968 0.018841770658963832 -0.005627111503665853 -0.5626763956761724 2.457743956648028 0.04025486130961653 0.0612199173883016 -0.3102089855128982 1.6514926777288483 0.04748502637057244 0.016499541672394803 2.659365973294947 3.4973639684113556 0.05208502027389053 0.057426363777195344 3.151034765614429 2.796402268775742 0.08438150580293503 0.0020619093782568328
2.030503126231565 2.292006409336566 4.852144660329282 1 -3.828968263101406 -0.4679086783223614 0.022953252606865614 0.09739750919763207 -3.680454194276122 -1.3516165380241705 -0.02801274306860984 0.10105104109933757 -0.36217873613289253 2.5169587642730704 0.04478275316552024 -0.026292639650336642 -0.027760358184194978 1.7585348107389902 0.057921769065896446 0.018030439196381934 2.8721139364707096 3.670618397894401 0.014738620885212559 0.006692151615859388 3.3736671297483785 2.942594838988969 0.016201307135840823 0.03434051835308825
2.0833812472179014 2.458252802774664 4.967901604320371 1 -3.6962864834870013 0.06245053837358383 0.0021774389347847516 0.09870296180157909 -3.7498763754308824 -0.9492463143715102 0.005674071577063254 0.06566294572440017 -0.14482683737688262 2.4299169800155385 0.03038678696888948 0.0025837705481551905 0.2811947061746105 1.680588779584205 0.06892601549422575 -0.055064955041625854 2.7798891220073507 3.685333379792291 -0.011691035974975754 0.0029554358732154663 3.3941341254942365 2.861877305914917 -0.006690220017093986 -0.04459182978277253
2.057409962180447 2.416663281433662 4.799539090362586 1 -3.7366645831965215 0.36826371690663384 -0.032060408617764435 0.05570497620031633 -3.6886342580250093 -0.5555838069948456 0.019799350528874077 0.04448069937327204 0.022377533092051927 2.31774202141561 0.014457535191330546 -0.022884389380790533 0.5118685339367364 1.4849248897267135 0.03309545236457013 -0.04712511665202185 2.7170614689807984 3.587971247451417 -0.027933547946943877 -0.031245929373613354 3.1831518796525975 2.615353345937452 -0.07143283680173006 -0.05461703362170388
1.8454810682584908 2.192457536404674 4.68357865022903 1 -3.8272079321913095 0.44818721047071053 -0.0011205698950390586 -0.025153720836727265 -3.6288198718183766 -0.3414235289392171 -0.0022481642177548146 0.0436008264660029 0.02132537987989913 2.1767031213415886 -0.022075111267217493 -0.021513750991304877 0.5931257500172675 1.2818462427947264 0.006659702258426141 -0.04303745494108353 2.573172835793361 3.4802561657383126 -0.052914849944297154 -0.022107795496287858 2.887743394430214 2.397333011119101 -0.057311686875398685 -0.04230921888073746
1.8695102737930762 2.1095519516708054 4.658201481273637 1 -4.033859894483808 0.2978133425940541 -0.055529975931560754 -0.028619193505537432 -3.667750430722629 -0.3588773554584265 -0.007613215306173012 -0.033190491478050206 -0.16761346732533244 1.9523913148136849 -0.05542008773316572 -0.0628618432424207 0.46837221125903916 1.111500492211067 -0.06355903533810707 -0.04475339936574089 2.494345916151719 3.300838217240581 0.010446970645820366 -0.021578574855376696 2.767985562664264 2.324230223866495 0.011015677304925786 -0.0029250552977812955
1.818204742124611 1.9935865683588927 4.707163804280197 1 -4.226837913069828 0.2848908703828361 -0.010450524203304494 0.02227624588756236 -3.691406136126055 -0.5298200838120675 -0.016098819238480763 -0.01533215666649779 -0.32777597296480643 1.7143943349784116 -0.03312352031931466 -0.035578045639560386 0.19211112493120996 0.9129254770406574 -0.04333956861291637 -0.044181453265400454 2.6490536114357237 3.2483898558336497 0.05368995391339703 -0.02874248952077491 2.8982417132201332 2.4262581794397904 0.02778581084933139 0.06601354894984016
1.7452200702736316 1.8926725625570535 4.7730208807209005 1 -4.305571273988781 0.4388778436703362 -0.023624150609131832 0.03115100724336467 -3.8294737043303058 -0.5513876813014902 -0.011751782875143607 0.012666824935383545 -0.4213141047356306 1.5560640092175917 0.008277968022297551 -0.03947878523236351 0.040682252044374145 0.8287066183015885 -0.0278537045487683 0.025505811208866077 2.848086009717597 3.3177711502544662 0.048501734408900446 -0.023990922806144024 3.0750817707730587 2.5553634726347014 0.02188854323574048 0.06226632232281665
1.6984424020420734 1.8251104734279082 4.818189375883524 1 -4.425249446680394 0.48117874858571397 -0.029634837634887393 0.010222953879245569 -3.841529599759958 -0.347162005517769 -0.00228453947575729 0.047065471804820916 -0.363822015804673 1.5778933071426797 0.019297153410758383 0.03833012872607072 0.10747435131935301 0.862677178336948 0.04550627089197862 -0.009563538055092217 2.990370948976407 3.3964370950270597 0.006461197593709356 0.05858630906597707 3.2179632457012053 2.6444946573878054 0.037750219234184104 -0.027993716933648112
1.544994164920855 1.725461733240209 4.738366349476426 1 -4.479532392857185 0.5789596658722327 -9.80577836935323e-06 0.03624065814852721 -3.9289975315559977 -0.1129993623000104 -0.023701894522047275 0.031424098156320995 -0.1440538191526084 1.6883178757179316 0.04621515274634868 0.04444960780375924 0.48263329635428764 1.0730580593451182 0.09758413493730467 0.023101235095176545 3.065023494534052 3.4447168384965963 -0.004595675786295404 0.04156436634836272 3.321889138931012 2.6410318905010026 0.022979095707254 -0.041440590664769586
1.2887542697015757 1.480070189891444 4.655728525049086 1 -4.399307849194706 0.6946353349691912 0.009988946747998707 0.023956887172762138 -4.001812039209892 0.013266105131809924 0.007699713659105322 -0.00219822610470154 0.20053620155263197 1.8311554789495346 0.057144560845663196 0.0420880031889443 0.8253759885014311 1.197471475401664 0.06476155098157706 -0.006335730301554057 3.0707881631580287 3.521944219570031 -0.008860156553182463 0.007651376704959252 3.3914577271497546 2.6157698128384648 -0.003073199687119471 0.014714497079414229
1.1950858401998308 1.3765465651772606 4.726118191630585 1 -4.267634174226147 0.6293953232687222 0.012933060897588932 -0.007444861028803389 -3.924678726038934 -0.005358863981364759 0.03423038956148116 -0.04148966152088174 0.40742734896927857 1.9033858548872407 0.03025218306366685 0.010561311455717964 1.0149016430571054 1.2217541026574286 0.03615116539319469 0.016347095895575658 3.1488565251370293 3.6656777605945337 0.04656639789787829 0.029018882344941942 3.4457692750359863 2.7407095543992295 0.022038331116080265 0.0455704004133888
1.160383906913534 1.309578705527988 4.719261624216576 1 -4.1257297931326775 0.44741350412044456 0.04421138304786672 -0.062428369147579675 -3.784389923327897 -0.18105976649500577 0.01875430729372797 -0.019169354780939295 0.44352542009034757 1.9022034362207796 0.017569211000345374 -0.013780844471686437 1.1045458244757471 1.2775480499480385 -0.0032908334750155113 0.029641872450915856 3.3229140629564213 3.82577121293191 0.04521841459694595 0.03840917982033905 3.510470852793807 2.9248978273172996 0.04109943481926643 0.031203431265553375
1.120822106036975 1.2198124730768447 4.73724119531039 1 -4.012917090389424 0.2653918647786633 0.03357031544334024 -0.05561494372290986 -3.6793641118113354 -0.38937744022714393 0.0045992887174644195 -0.011774850965579373 0.5220745689014175 1.9592974243004178 0.03317063025602979 -0.014525970693968049 0.9951036771569868 1.2365817962316972 -0.0511629506182896 0.02276886379035815 3.505261317593215 3.9721609096979726 0.04459523354857543 -0.012537000519643892 3.6492317255427107 3.1290042653829566 0.023740099512808546 0.06654483080337413
1.2177194383693855 1.2875041750758074 4.81485896727637 1 -3.9647015840156525 0.1469111225037627 0.020092854724651013 -0.03969020528507444 -3.640117642639591 -0.5505912734347986 -0.005577289450708147 0.0016365234827648706 0.5171015371507437 1.9931161508302484 0.008623484853977676 -0.024042111635530668 0.9213815407181798 1.2809681021292953 -0.022024446654804318 0.056058805590092235 3.736576423243214 4.021619222424828 0.04976031567717257 -0.05873368197280278 3.7975650000499197 3.220545684772693 0.027018256876101408 0.03593308607085921
1.3040098264267355 1.3800992690503169 4.900583662937819 1 -3.9564507237844824 0.09419099402602793 0.015700651327553612 -0.02971768481187282 -3.6340490381134964 -0.6387484246737736 -0.007655829307245805 0.016985139313910307 0.4612285934142122 2.0526718242574127 0.016333624665936908 -0.011081173515188811 0.9256525560371189 1.4074211733896709 -0.025607371289163555 0.05783098280567254 3.9135698006088777 3.95225493084196 0.023866951111323784 -0.06592318764852505 3.9383537782866576 3.1567868020921734 0.025830425155083433 0.026883871511121517
1.3582836255135524 1.452634436264395 4.947672032374184 1 -3.935954564594215 0.07525529123248487 0.020814037911835417 -0.025286849797943413 -3.637423064229091 -0.6656213726136035 -0.007947735106759326 0.02635595795495535 0.473347047905639 2.1877895158897473 0.02728715999852052 -0.004263491013033305 0.8753809366442953 1.504818487671923 -0.0315739317761845 0.05221087171116405 3.9791204743597657 3.8812283292604954 0.012307468768959395 -0.0651048849810201 4.0426785141349235 3.0834750199557615 0.010597810494182902 0.0262922092277101
1.5109238828584912 1.6712403101611815 4.783958987162679 1 -3.7953926453093962 0.16693911531902428 0.061363871150140435 0.022992941354797253 -3.669452401322867 -0.666337434940053 -0.002245720356095469 0.007797835877768767 0.49357554157158035 2.340500146520388 -0.014706849403300911 0.05344682492103304 0.8281330831231459 1.5981888963848507 0.009186189729795624 -0.013171507868105 3.9563781523735955 3.7167812175279487 -0.035385879706226225 -0.0288507148110001 4.061381689544476 2.8656219531267975 -0.015451361413974426 -0.07612163741245735
1.8174639152103653 2.081949621490159 4.564090448036278 1 -3.5671461670023663 0.22997398695097648 0.03187282100313461 -0.024329967554772264 -3.6066586494511306 -0.6993521742374883 0.011965772371599952 0.017713909352431334 0.4821212131019408 2.402740661418061 -0.0020870400781435815 -0.0240211280626164 0.8169624135663236 1.6208393301651274 -0.014268870496744588 0.010015416485822718 3.6456526149656874 3.4698566457080204 -0.07360322313711604 -0.07179480389974993 3.9032272225208082 2.524907056494726 -0.04136388280806663 -0.050016118818386586
2.011967710359992 2.3313767073755622 4.304165544220205 1 -3.555863577698373 0.1791419780757244 -0.02693627941355659 0.01930104387747566 -3.5410674384602268 -0.667113735196478 0.017912029354091974 -0.017297864535564145 0.3728123176256295 2.3399828951886743 -0.024660437249918024 -0.03314801920496876 0.7848716783079732 1.4893516272038725 -0.018815838168053236 -0.027039732622471686 3.2350184468409404 3.1880091759721347 -0.09430883763891627 -0.05512561488430371 3.6465940374566124 2.2187129903737004 -0.06944039344739375 -0.06168594118484756
2.052915309556825 2.397206803629244 4.173811548947915 1 -3.6678573052743055 0.19787189384668236 -0.04191459485872501 0.025927477319752985 -3.5193031004078414 -0.5995220093372015 0.003943586256189456 -0.01772831169921686 0.17278753588684204 2.192739950618384 -0.03160342722747368 -0.035000397174642844 0.6213307340026475 1.2495945829433333 -0.03674618246659832 -0.04164932322020462 2.86601068576151 2.9761796603398087 -0.055248580574427025 -0.028128970210707264 3.3423336157612242 2.010051295050291 -0.05292890839351311 -0.023382276008008056
2.08154804254545 2.408584626140846 4.147545983820744 1 -3.8250096537436837 0.2169816903037618 -0.019887739304709724 -0.01635476602389406 -3.5915363654822308 -0.5913475805772845 -0.029557027408332458 0.014613249251994608 -0.08383785779018993 1.9856149425610878 -0.06005102657096534 -0.045742295177107525 0.3183720616734371 0.9939458011333253 -0.07314991743002561 -0.05085980617356793 2.505320507188931 2.8214886519000117 -0.08372151223067326 -0.035475780865435444 3.0126053446650856 1.8716656399008316 -0.07513679318755645 -0.029115422029324968
2.035212779770444 2.3642178365769793 4.169763385596259 1 -3.970116997890474 0.2130522798542016 -0.018335611526163288 -0.018200392216491806 -3.707355364247628 -0.705905168478616 -0.02639390469286613 -0.011309504427544408 -0.3754222599701569 1.758452289354509 -0.059990627811616876 -0.04943235304156451 -0.0321321962286758 0.7552907684773369 -0.07012931053252153 -0.0449206711529666 2.1410130595389054 2.6740691058770274 -0.08044473658538936 -0.03718928299933211 2.7007806243306254 1.7616135274739588 -0.06831229421579511 -0.024068441364527286
1.955560724648042 2.2944457495391686 4.210546790649997 1 -4.098164099171237 0.19247412546497644 -0.03147565906155009 -0.0015566733633930723 -3.7694249746439277 -0.8854545571663202 -0.007772504310109786 -0.04554858082322157 -0.679931189739106 1.5254868123543956 -0.054583691880445824 -0.058285175095933846 -0.34602605516561535 0.5116728038210396 -0.058557445667276734 -0.035938636019794516 1.7771478218837116 2.51756912287112 -0.07692259356745665 -0.03810971468752675 2.3960364133045484 1.6471963892985797 -0.07008336829975685 -0.027098697268569623
1.919848471855411 2.236861837595166 4.2636856991586365 1 -4.170598350471471 0.14606252637417483 0.007053452017441421 -0.00647055393001842 -3.7745883243782408 -1.0471274133697304 0.011521542717404774 -0.02643259404216373 -0.9479378447381803 1.3212955360030034 -0.03814830126009181 -0.026378447101467827 -0.5717328834089632 0.28298361200285904 -0.024713210748802943 -0.04347120016757951 1.4388176002091901 2.3668582586341 -0.053091692342768296 -0.04277317933908076 2.075369035699124 1.5071613062651221 -0.0744969213826875 -0.011966243563781277
1.8875599766256401 2.1869075796845876 4.308918518795529 1 -4.15486104899397 0.0814424944744232 0.023611121185711053 -0.014863519146199992 -3.7927087530599257 -1.1745714735485464 -0.0010009292799026195 -0.016702873197194018 -1.127842060036949 1.1890605860297403 0.0008323946116625403 -0.010781115309264478 -0.7101685568444944 0.09894004696522596 0.002190079436886084 -0.019683514960557976 1.1519875154510348 2.239019685008929 -0.03708853932037554 -0.013065718250481938 1.7899550494091399 1.3499903234779698 -0.035786061700145595 -0.02071452685552591
1.8573101706717838 2.1702786133356406 4.327151129747718 1 -4.0875855611572165 -0.006889032541067985 0.033179293331147684 -0.017491067772910165 -3.8439016376175954 -1.2889728573363217 0.0004107164431433913 -0.019324148308743773 -1.20885905914177 1.1197380518795548 0.018185236700960047 -0.005768399706858345 -0.782766527903251 -0.0322279918335473 0.015158449394177601 -0.008300192693367028 0.9249100269086208 2.1279320691654107 -0.048221086807873195 -0.03424337087813211 1.6025685633807543 1.2138960732680033 -0.04013454366157725 -0.028125061490550322
1.8877958935970647 2.216533201905621 4.3062781567625175 1 -4.028368475097832 -0.11408242220669296 0.02520854438168986 -0.022721198397883946 -3.904297233379898 -1.397559473485027 0.0024293175304367547 -0.017972822994712388 -1.229395133095092 1.0496914281616716 0.01834698145580224 -0.013233967411569915 -0.7860432270623052 -0.11953328818939346 0.0228293865937145 -0.0045303363437184715 0.8110130512037568 2.0428151816010804 0.004812990916852334 -0.002665106788297399 1.5534926940232499 1.1404022448144469 0.01635638994424775 0.002657068976978291
1.9868225100061367 2.327592371842733 4.259647977934593 1 -3.996013967252594 -0.22810163743360634 -0.029233834114724088 -0.030926211734928363 -3.940971367301155 -1.491561408713553 -0.028723117593207195 -0.007603451006376664 -1.2270307878385887 0.946715994845915 -0.012678514948736248 -0.03750153419566884 -0.7348272355600223 -0.18939785404624243 -0.007540596019050414 -0.016018159643626892 0.8132401029533307 1.9712694869981888 -0.0038073673751461016 -0.00901616039792548 1.6146968726029227 1.133628369630788 0.026314641166482636 -0.010815211084725426
2.115745221071163 2.4733704365404536 4.215842444021815 1 -3.960791536560105 -0.32799589048522193 0.02485369468516105 -0.01952358948473176 -3.9851422371852085 -1.5540190890484693 -0.0041575661948061084 -0.00767552253054383 -1.1663358913507595 0.8260135746719601 0.007657334013237042 -0.030598008154175918 -0.6403196465057372 -0.25683618174541156 0.01041529978878938 -0.02052899185198043 0.888728147544871 1.9286071928508393 0.005439124528319105 -0.02177738814306879 1.7394111366393536 1.186295127621578 0.015657654746538217 0.001649342820181289
2.2610117336164093 2.6273855963595434 4.1943235589651335 1 -3.8923866966675056 -0.4098614591739248 0.01371324583284621 -0.021172320648025697 -4.069064522244708 -1.5767366512973466 -0.011965332546294146 0.00276978456943689 -1.049593281738061 0.6879627079691799 0.03751012230337554 -0.01913884915875962 -0.5177891839493896 -0.3360693454605055 0.04220849805941003 -0.012723100734325275 0.9919538364957763 1.9341104721986815 0.03043454336711134 0.02048948609817231 1.8816386699592584 1.276665082463758 0.036035112787244736 0.03167920825504458
2.383795871346959 2.753945265841864 4.160761698810986 1 -3.825849206126152 -0.4859506231352967 0.013818294280260133 -0.021008824159876528 -4.1374551616312285 -1.5827826267875933 -0.002752524223447005 0.008084091087394477 -0.9178293362197874 0.5423415533983014 0.008485457403705326 -0.04278142429170252 -0.36816581949622496 -0.4288433733100201 0.010518205733168013 -0.027439171911294098 1.0804293813560522 1.966711993057387 0.022165118799510487 0.02559288064567082 1.9968526202542334 1.3805800078246775 0.03014147728219336 0.031436186219913745
2.443159694667215 2.827908184732028 4.103984077056767 1 -3.8015688654433353 -0.5331482323585891 0.012422053626066496 -0.012816816380871881 -4.150543637774655 -1.585347606645718 0.013498510078612202 0.0030321292899299955 -0.7909707458094926 0.3974915744204186 0.033775270329340384 -0.018989641966766706 -0.21621782051039418 -0.5239642551809456 0.04098340861024994 -0.014452244242339323 1.1248101538610378 2.0028987811692263 -0.0027704138226680754 0.007648970762962743 2.071720400383758 1.4835597172297987 0.017156950043815025 0.013133924352584411
2.6369999705836302 2.9384795590783694 3.9836053475002973 1 -3.8768872514291295 -0.6825445275899047 -0.005184165408920605 -0.036328143338032616 -4.110574049540753 -1.707194904108385 0.0036316073170521903 -0.04900155355004815 -0.637959554942146 0.2097527521882776 0.051584329022149183 -0.038843661161449654 -0.055879577413252335 -0.6459889559974556 0.041095941671771725 -0.015775984793448595 1.370578975862304 2.0513908269427055 0.06586117253619461 0.02474639454781479 2.2094820916282476 1.5645779207813297 0.0612768199652496 0.026234666356163165
2.704017255876388 2.9640385648954415 3.8356805890008996 1 -3.8824282897222155 -0.9533114987682769 0.003013017629992166 -0.04944817529688995 -4.215664156624664 -1.800097405820742 -0.049006424849461626 -0.010940474500193016 -0.4127912399681657 0.017652715208349212 0.04310178362225463 -0.02298237204069396 0.13051961471032403 -0.7579449872621898 0.050825059367414716 -0.02633518250955274 1.720123111773331 2.1910244056624903 0.08034416476921867 0.029276737205509905 2.505521164411559 1.8854997331344174 0.030853663887664556 0.09683485606959587
2.728844725829523 3.0211764396722773 3.7765248213895766 1 -3.90266898606163 -1.1762948356564664 -0.019258794570295862 -0.04343811182725679 -4.409026034996893 -1.8280648512411843 -0.009445733487768712 0.004735388753646534 -0.13181122765582298 -0.10384707853434261 0.07124439057316781 -0.03169480675827595 0.38829732822880736 -0.7702689576929111 0.04192296367276157 0.026500237678038146 1.9395498262491229 2.39104867691589 0.06021313768200372 0.040203571206563246 2.752527088981749 2.263397568502891 0.00013647099425612153 0.06296351565594957
2.813346745855406 3.105359134514549 3.61104558344469 1 -3.9750856463314928 -1.254980315385263 -0.014926053437345694 -0.02151798083513672 -4.407722519951903 -1.9148361397000082 0.03157408239764274 0.0015181651963847992 0.12018691079882515 -0.146757278092847 0.061817392150456646 -0.023475095930431726 0.6381912495885311 -0.7321314254565366 0.02141561490109803 0.031843106313495795 2.0527394559800545 2.6003314762742207 0.04180694736385726 0.027462951243999847 2.8704757194728217 2.449418747547303 -0.02128306143157374 0.03364901111028364
2.828878298485569 3.1125452156553632 3.5249395452724905 1 -3.9544615030617085 -1.2624994975271462 0.0069778599623987105 -0.01227706535481849 -4.304575223219766 -1.9269113861127838 0.03618039611977892 0.03220703084769782 0.28330343335498664 -0.1377388500878005 0.04262765236678544 -0.01868026123729407 0.7957231758050503 -0.7093779204364299 0.0018564591510349948 0.02693157780132765 2.0899274980557223 2.675453781557091 0.03271452268662971 0.0012539095768648026 2.9142746921382 2.5798732683992744 -0.030997030854593967 0.02556629797484898
2.858447942199837 3.137658104111979 3.4827254776615475 1 -3.8569293768189272 -1.1885520157372222 0.01431672746450256 0.007071469528600119 -4.206331911824732 -1.8114738357622184 0.03475950408652506 0.04768148279711284 0.35921556678148914 -0.12654161325973623 0.0299167283114058 -0.020376420537822956 0.8883467516264387 -0.7123251054351868 -0.0065832814493278075 0.022126410936369422 2.1028163283367656 2.697258914832376 0.030289762211085355 0.0013844435734461265 2.924000916604773 2.603964832925596 -0.03690130606940366 -0.005506593239848997
2.853001376956356 3.1289925523785875 3.456066004482781 1 -3.766345926516292 -1.030326832597213 0.006467570741619733 0.015468362571633837 -4.095562195651795 -1.6781568154969901 0.037295057158285704 0.04440194115337688 0.3964147103554998 -0.13158650234745561 0.023267996877921675 -0.022547272544536368 0.9475124626927025 -0.7316626681379643 -0.012027353964237472 0.017651981088364084 2.0926082742201437 2.6840319843494247 0.02409252682499119 -0.018119698278249875 2.910636410672992 2.521343090109135 -0.03845770540103918 -0.010212970782677184
2.786079849216389 3.081688814443998 3.433530204168831 1 -3.7227840673251738 -0.8723984830950022 0.000919982812942189 0.008159480602554212 -3.9926042098729195 -1.568589078416052 0.027276259450121715 0.03971868821242504 0.40330643567780644 -0.15713140119816527 0.016993347881628453 -0.02616530924924438 0.9721610759035126 -0.771591696419166 -0.018599536668203624 0.011196234850600346 2.0631174383711555 2.5798503124243983 0.022591905275442116 -0.026688071546890117 2.8981893323893715 2.4432408825558194 -0.036376766759639245 -0.012367792098911546
2.750013583678303 3.050192630503696 3.3989480659364633 1 -3.6937826405394483 -0.7559840503436236 0.0005803750974096786 0.0008817136662938527 -3.9521032113262735 -1.4790024287455692 0.013012299691195071 0.034347046802705616 0.3983861944039173 -0.20805928663757356 0.015472908082392042 -0.030515041411097902 0.9613325854456205 -0.8471651029570738 -0.024248345193674792 0.0033972390005716363 2.0440636685120577 2.4899205492888337 0.024617532489142446 -0.021597178171162426 2.8827501988162307 2.3106898013228667 -0.03675536097786471 -0.023942251946443976
2.6923847377384904 2.9927645899823268 3.3511423631660393 1 -3.682954595554616 -0.666427999455937 -0.004255592806768893 -0.003492141826647706 -3.9478264198858897 -1.4212534507305554 0.010684638506479938 0.025603109883441527 0.38214780834288575 -0.2866368273591413 0.00997446174807647 -0.036303305740890614 0.9280047939441154 -0.950642758008371 -0.025784842724401756 0.00039199620237148625 2.028881499718822 2.37781790169937 0.023840861183942803 -0.03347274664389068 2.866202640750368 2.1713279749407075 -0.03468367504971057 -0.01570764184664205
2.629585491688995 2.9373223351784072 3.2953199807491336 1 -3.69826119691876 -0.6085593504891857 -0.006098882153467425 -0.010817281305291998 -3.939977022897382 -1.401611240540799 0.010073960882383862 0.018806882502735166 0.34952709870660303 -0.38740404506313286 0.009241138143166027 -0.03811544879593743 0.8865294594361863 -1.0664287624977944 -0.02662219923369593 -0.0018332125747129238 2.015953893011371 2.2378111306686694 0.025444386026961596 -0.03046466578004845 2.8548832861134947 2.051618706539466 -0.03503940982511722 -0.019722460194404587
2.5878435874732157 2.891319270073631 3.2353353576680153 1 -3.7055180014557845 -0.5905050359236442 -0.0025095252024640636 -0.01727212307274873 -3.946723626889519 -1.4010089936781087 0.0043866095460681955 0.016505341112640723 0.3353901353116644 -0.48571582266603963 0.012631668817738941 -0.03699514601401241 0.8378635559033798 -1.1950828007539984 -0.025361521457189024 -0.0024387025917686628 2.0081713710162683 2.127731116215161 0.02545204270448695 -0.028919525001168025 2.835697510838142 1.897409440757225 -0.035745537646761 -0.02235921799046093
2.5228346884810247 2.8246267743585842 3.1724800587524005 1 -3.7005268553567032 -0.5991727307457058 -1.2010990604384452e-05 -0.02022927269446317 -3.9667434429954493 -1.4090471334382737 0.006703830618980991 0.011667688524442561 0.32603151244466844 -0.5870940048051738 0.010411685338384517 -0.039448831511606476 0.8084743305642927 -1.3164216905211137 -0.01799240775036598 0.0010711942756502224 1.9938670833816659 1.9934814059417363 0.024668187465058874 -0.035933903335369236 2.822211760591487 1.7622750455042842 -0.033296527324607174 -0.015435825984509911
2.462646096311268 2.771887434739906 3.102475277651011 1 -3.705717137998666 -0.62305166229559 0.00768577567852414 -0.016001211157792572 -3.9782560573113823 -1.4335600429032227 0.010781735296906656 -0.0034628810629455187 0.32428695859010137 -0.6963230964036502 0.0114971810459757 -0.045313352037972 0.8095426486753174 -1.4312633981494345 -0.01806529985938704 -0.0008454745824452506 1.9835500974793892 1.8624360326004812 0.026829308799949103 -0.029256801515517874 2.8153431753683495 1.6323623764672806 -0.03263526325249698 -0.019513126424731363
2.4279523446719637 2.727712320341371 3.0281324987378624 1 -3.708939466837024 -0.66558705875682 -0.002448113510048541 -0.010076866184193258 -3.9961254135345983 -1.4644443248119867 -0.0074209391484236125 -0.0040359160410766495 0.3514937643984233 -0.8146717178521562 0.0194471106630843 -0.04150843370296342 0.8114855701116372 -1.5583546915878024 -0.013279226747718972 -0.0005804358659352027 1.9857988068351657 1.7619740539892597 0.029807759415207326 -0.027301776405523552 2.810944055358168 1.5043434733000631 -0.03052532191829403 -0.010655356155153665
2.4440942154369645 2.716586828367252 2.9553459142007203 1 -3.703314295565927 -0.7184212815430517 0.0004849784472168153 -0.005570164658076415 -4.023538947359073 -1.4932350656939772 -0.008421917561935572 -0.009746173779997227 0.37252392737853857 -0.9322259021347344 0.0014565318717146471 -0.015218090978610046 0.8309295471501468 -1.6815361105001732 0.01377653765048404 -0.031884749923252964 2.007367837690208 1.675210437405354 0.03551759896674445 -0.01963297871120372 2.81878792812563 1.4368455041442219 -0.0290853076381217 0.0003124436621768159
2.4431399167248733 2.7048530758897567 2.8974861986300366 1 -3.7099996320534707 -0.770538771531432 -0.0012564659788918309 -0.026296252448072745 -4.041780320513292 -1.5226241875593438 0.010040924148703318 0.005313001057912766 0.40154990005006397 -1.0500819870949736 0.019920979014571818 -0.0375893655369085 0.8589568182432066 -1.7777409523319787 -0.009262542055932719 0.008284911067631538 2.040649139716769 1.6425777676017632 0.036655235325442216 -0.011431324522847508 2.835756799617009 1.4054361256636505 -0.028712074308951806 0.006331477396297009
2.432174268012076 2.695714249861476 2.8560495450943852 1 -3.7164035775829647 -0.8210986106878346 -0.005607225206226451 -0.027493640891289226 -4.054507398666439 -1.5514305953682168 0.008228741461776823 0.011972116810677072 0.4380672072464158 -1.1261158452937543 0.019440511885680332 -0.03091463497278814 0.8868492910581613 -1.8441436648759222 -0.010030572435394847 0.016564410894834063 2.067900467136935 1.6280108798465247 0.035821994661952364 -0.010364574037584048 2.85823374512756 1.3994637852052878 -0.02868418973956073 0.009296466209976323
2.4440655457422347 2.698724117182275 2.8267600500853827 1 -3.716553496349432 -0.8625653189557785 -0.005725212816185666 -0.024736661836463926 -4.070961284254141 -1.5697364458300003 0.009340439044196867 0.013861117542970182 0.4615884274370252 -1.1710537330959405 0.017164374902213782 -0.025813532902826893 0.920961405106504 -1.8724511359218692 -0.009911783868573807 0.023339617812977824 2.089318766777578 1.6219120935814013 0.03461631040762793 -0.008498561344784609 2.8787992124030746 1.3946607557464796 -0.02971995580013531 0.007928081318340888
2.4438428566223673 2.702115417035193 2.809735513688138 1 -3.7201321903852707 -0.8875872803972555 -0.007084817645232905 -0.021908041716541184 -4.077470302708303 -1.5830544149571018 0.012271025289459092 0.014579793603315547 0.4775486014067365 -1.1897070732586899 0.01687270587032102 -0.020917493649179865 0.9469820686225914 -1.879716054589582 -0.014022926416456923 0.025375558488005726 2.1046191261199283 1.619545275290923 0.03396879301327412 -0.008923789070473578 2.8935465648576617 1.389432450684577 -0.030517401648233494 0.009238291381911342
2.426227112369361 2.765661225492588 2.8868051351554396 1 -3.7250898865893656 -0.8192180755513878 0.012966806968474005 0.04531634194234591 -3.9398218622610965 -1.6621366451336135 0.04646741160943059 -0.03533172722690486 0.6030797453744867 -0.9596827920434646 0.0012086106489252475 0.0621923901991703 0.6330940020232818 -1.9376917976708579 -0.08756877111667656 -0.004201826312549761 2.048020135036295 1.5990123255333901 -0.055422555228733364 -0.01639750842368278 2.886495479876497 1.348759338825201 0.026595245495529624 -0.03892942365673151
2.5532858629954553 2.9950066867504153 2.981517031544781 1 -3.6680074077014044 -0.6385054160235986 0.010225024533677508 0.05740455083647555 -3.7120027982262305 -1.6259518199698149 0.010929581259741496 0.022403447486423353 0.5319803622275829 -0.7022526795961119 -0.04399696626507206 0.046150925831136724 0.3211916880421324 -1.7914850232051815 -0.03839412096254741 0.04187160823961733 1.908133985174521 1.4155954218792055 -0.022743942412438895 -0.07462611638556116 2.8722581863647463 1.1051491457330234 -0.016948731917033923 -0.09115843078161236
2.6375241194228876 3.046706123786594 2.909047109647076 1 -3.6997022861501017 -0.4477371253648311 -0.011799825084535795 0.057093583381282606 -3.742241705032435 -1.4019911355287475 -0.03237177276316548 0.02733176308664309 0.22074886103629066 -0.5086801214755369 -0.05758640787298568 0.030101549181818607 0.17149846242444688 -1.5911914691855915 -0.015531079735275923 0.039269201343733934 1.862832054742043 1.1271852724860825 0.004326050206398934 -0.07661386783198992 2.834780709221987 0.7097987051362922 -0.031023524446318125 -0.07574823629240172
2.448883766807021 2.898936613379326 2.845595826368504 1 -3.7820970358067267 -0.23956654628773955 -0.018867508684292676 0.05666534720678324 -3.8712250389257847 -1.2414331828562652 -0.024267376602238197 0.014316076381492576 -0.07722989382687029 -0.37425286335847674 -0.0349151403239272 0.012160064157926077 -0.01851657848062338 -1.4576992841331462 -0.06274288102819209 0.03476692353168971 1.7814994733820297 0.8067412371375804 -0.015008092372394359 -0.046262388532164994 2.7533943427238556 0.31737417278958113 -0.020792993189106643 -0.059569208455355835
2.3659100848296193 2.785233944560691 2.760887198410128 1 -3.891371989501502 -0.009754805099527086 -0.021093313800525135 0.03687006174667265 -3.908175377991578 -1.1368911959815169 0.010810492090397795 0.027440626352478226 -0.19498997121273387 -0.28297805515088537 -0.009262532134578715 0.008582564864581003 -0.3979823750485769 -1.3616248687825325 -0.0699466837941042 0.01998492449283443 1.6628778771327548 0.557702482415084 -0.005986844646032566 -0.0282827355352178 2.5916186141163733 -0.004861255862686709 -0.042119214350050754 -0.0500751155316639
2.3617172754546623 2.7076336208571146 2.704731891533819 1 -4.04886299627823 0.19436367072289729 -0.045303305472443045 0.03523588396140325 -3.8775383748136534 -1.011790455616428 -0.010082538034393983 0.027921892831723954 -0.31126740657252405 -0.2623768668368781 -0.021329354508728134 -0.017238562374326475 -0.7678051780637078 -1.279279737056382 -0.05571482854525403 0.029234192704699086 1.579984915222255 0.39005372683601647 -0.011504993054163627 -0.03673401103031593 2.4089922972181874 -0.28440640244047377 -0.036767499344019954 -0.03831125192056991
2.1947662376745405 2.5573903742481283 2.6883164367905326 1 -4.1934819739762155 0.3566217568563843 -0.015379008951150262 0.03086501566982613 -3.867214756232529 -0.833949926447199 0.011451987724659333 0.04179226428955417 -0.45111730765903335 -0.26660155461769797 -0.005581247243392123 -0.013021056773365177 -0.9762061044053438 -1.25719649204481 -0.0026873938772032126 -0.004213046981294934 1.4625481586109057 0.18147573607974055 -0.037496390230617654 -0.06059843959269222 2.2610887419506813 -0.5119403093631754 -0.03920985093892586 -0.05633239483187319
2.0450814267416924 2.4097482573578333 2.6866057468472153 1 -4.319749748610991 0.46118592732881547 -0.03470011026788012 0.012617073509482598 -3.8698392944442026 -0.6544610998444618 -0.01543414570794745 0.025181705597834232 -0.5642765163137442 -0.2575116987387327 -0.026284391509608082 0.006067904666807757 -1.1026262185105389 -1.2395893303794554 -0.03991670391249576 0.0163268547365024 1.3574514334896177 0.005560659996212358 -0.0023379187764303103 -0.025822028588940987 2.1430889641754467 -0.710495906093775 -0.02169540909943719 -0.02411681972445025
1.9147657694917988 2.1415583915796126 2.709715415285862 1 -4.421850115407708 0.5177882924246004 -0.007833984955083743 0.010458249030693093 -3.8749417123598313 -0.5048840393352085 0.008487391634094631 0.03454143599492173 -0.686547008501444 -0.1745640846980997 -0.04658436163865165 0.02405588613310309 -1.0847722106610633 -1.2529454145208065 -0.009530231945497406 0.004595431053415014 1.2932782262915143 -0.10086168630219428 0.005824775220505521 0.0011897051446179419 2.013359888060042 -0.923348438198754 -0.02311183520849581 -0.036087112432047375
1.457255011962561 1.6869504854628252 2.710597237126774 1 -4.499266739534435 0.5458561929774821 -0.002514940736675554 0.009163105437778414 -3.8874019470173637 -0.39286851135594814 0.0060597183565080925 0.02629377847091798 -0.7507628130225235 -0.10583156076334654 0.004880424420385703 0.00487519086185571 -1.110523733266839 -1.2212027443965272 -0.008509747641564949 0.014802896625086255 1.2190048795083497 -0.1180002452989356 -0.02434470775252507 -0.0017563434251146003 1.8213922987548505 -1.1176471014150722 -0.05148816248688013 -0.01502166019161024
1.1146029668183035 1.2617415577569406 2.582622852851369 1 -4.56410303818317 0.5859762164074527 -0.015551410935405446 0.013033170253221437 -3.9279681292071906 -0.33870697735091193 -0.020349686704190323 -0.001945103823727718 -0.7885483010462493 -0.049810462534351174 -0.026071594486528994 0.01726128222620473 -1.258428630754259 -1.1340997701071425 -0.041596114693537516 0.023170639052886643 1.147215519096986 -0.03273874009777933 -0.033748493683282504 0.010991924011351403 1.6744462300748921 -1.0753954535074866 -0.0428254054316428 0.012907310114233482
0.9511758683339588 1.0156021433972189 2.297651595127036 1 -4.616332891263947 0.6582317908137614 -0.016946994926292973 0.019791975281598616 -3.9926543851939353 -0.3193593501944254 -0.002473414134249936 0.002798861561851015 -0.8699037676531427 0.024580759464812862 -0.04227818037358854 0.026258522592930093 -1.3658224512287123 -1.0596904738880453 -0.03186330316426007 0.019184664584648514 1.160380125554206 0.07834950976821031 0.036204394394592054 0.025547823564441692 1.575438762758579 -0.9930328710669992 0.0036584069161323856 0.018686598116967077
0.829449862035509 0.8247851949145532 2.0797035298293616 1 -4.682868339369296 0.6889395795434872 -0.02496867310184033 -0.005296599606307379 -4.0252113334704465 -0.2880284400875902 -0.016380730919180818 -0.0028128348222511935 -0.9651843927089319 0.11113174807843285 -0.03782430782156333 0.027224227532950597 -1.3745968736576146 -1.0005078031279813 -0.013624016385097526 0.018487264970195483 1.2549813585602507 0.14692314737501366 0.02070852340103537 0.01751730756673881 1.4994510030375192 -0.9447127995450455 -0.008129358772002257 0.0024163451594067884
0.6557310608039113 0.584122043073985 1.8889318613464463 1 -4.7631981020003 0.6671474113564579 -0.005496574381793139 -0.004980551652123001 -4.02284398829532 -0.23710158308640916 0.007951233267096392 0.019539530294602453 -1.0003823390666882 0.21770286746256917 0.012632834141619538 0.020178134172219763 -1.3209993814092886 -0.9010679751622493 0.02263271023177757 0.026835518482105435 1.3820909106630044 0.2078961243301527 0.03583219237731243 -0.003090777061931038 1.4807063092209836 -0.8938766368840987 0.003909255449494411 0.029264622224472583
0.477837334555721 0.35596629157091747 1.7481181156554617 1 -4.81781913079423 0.6539991706958053 -0.006601029658307457 0.0029507190615621036 -4.0264382637240255 -0.20195372129299138 0.0017408573599357463 0.007049339171159474 -0.9721752747710157 0.37177247929774215 0.01032677433932894 0.045908511361336946 -1.263450832783756 -0.7339958663228454 0.007704962138830929 0.02902834493073969 1.5361621715327534 0.28399525193629427 0.030785818956812053 0.025749404494417392 1.5060891176665727 -0.8248047183215573 0.0050205982068027705 0.004264938868982484
0.338499149056321 0.17470582334659673 1.6710032393784089 1 -4.820928762386331 0.659654419209833 0.005488868129535978 -0.0012902614610694786 -4.036377351714263 -0.18496711343505412 0.002039000596028755 0.0048875267269679785 -0.9133923257960195 0.5709953013098148 0.026610678409995436 0.038897329325257336 -1.1853435209661929 -0.5260418704999604 0.03032051725292625 0.040195671940915334 1.6990556830496102 0.33529058089428854 0.03614997924637757 -0.014833951413360684 1.5322703637447308 -0.7511439787834202 0.012556354252916598 0.030169374591755112
0.20741363895417247 0.00935090412218008 1.567745993713558 -1 -4.790723153198767 0.6528131618830215 0.0015099455337684313 -0.013568211836621713 -4.025411332229927 -0.19122158681868628 -0.010639289547939645 -0.016140493667761067 -0.8522745423353189 0.7810628330363443 0.004516232915691788 0.03386123307398105 -1.089418733727197 -0.31348878738024877 0.01701435467779558 0.05115163132173077 1.8576438453991955 0.3554942046564633 0.0028541878837922627 0.009773424589619347 1.5679018172864847 -0.6967376442313524 -0.022327848463296943 0.019109846801439526
0.07795906402414467 0.15503644235475297 1.3671392603571362 -1 -4.750553831245017 0.5987527692356143 0.0024005442029090933 -0.02755828066864917 -3.9623532390890386 -0.21352482468375844 -0.002495036632690746 -0.021588113041082782 -0.7753575552294563 0.9770527592172364 0.016108282092104045 0.02952348844056274 -0.9779845014312172 -0.11587945883691397 0.025571037957932263 0.045275507766589666 1.9917814438501207 0.35852999177311884 0.0029113325192574244 0.009592523490258943 1.5988784095664537 -0.6468241459695555 -0.018669882495694196 0.020425623805541762
0.03510214036006476 0.2811501417163646 1.2178160867412278 -1 -4.6813489497734935 0.5311135768756077 0.014806308187085105 -0.014866775143542421 -3.874977464667112 -0.2661256312274245 0.010710170050525991 -0.019819637159788437 -0.6938560166970476 1.1578541536383309 0.003210024233013477 0.036600650955142866 -0.8731304859529416 0.07055161932224108 0.0062304171793310485 0.03812561051021283 2.111739736044746 0.3603567562672061 0.03977242922342929 -0.015440646376739958 1.6196163962407564 -0.6023706919034042 0.02599440439423446 -0.0004906805855614295
0.17738366593837707 0.44993675920108284 0.8871273397612139 -1 -4.6187589251503836 0.6176228028621586 0.023323003385903394 0.023719863329091876 -3.9564878518009636 -0.23670151070929624 -0.0232742387914736 0.04426039507746979 -0.5881168621965829 1.35395434508525 -0.0009114443981101533 0.03484230647466821 -0.7920082752307085 0.30977948464404825 -0.003447852371371022 0.07082035142534837 2.294447616965366 0.37440492131656145 0.0729694864379711 -0.0007416998072373553 1.821541665240109 -0.49058300706101965 0.07384095684092248 0.012537103753365236
0.15006508110706976 0.5382154005297068 0.3272231961709156 -1 -4.723657036311027 0.6432851642516024 -0.048249895592410955 -0.009572806211176725 -4.042660991747512 -0.010474775524969226 -0.007287750397512505 0.05276038726376346 -0.44652156453168956 1.542779748712284 0.040144179915040164 0.043213161268065035 -0.6470774694887664 0.5913797099474076 0.03820360379077762 0.043433519353486084 2.746156959149059 0.2311294137803308 0.09231069709862069 -0.062253431652208854 2.2283607861129653 -0.44737016018636444 0.0912222668268246 0.0034730583676126038
0.09483326535525016 0.6301910174442177 0.2621915260313966 -1 -4.912552963937322 0.5913924585316024 -0.027129326054083445 0.009635079527234575 -4.146864213192578 0.22233203085387476 -0.024641938841148403 0.02962568177711076 -0.20060258763711225 1.6734077906608178 0.04921828803297579 -0.002563916109568215 -0.4103680181288558 0.8444847952921277 0.053715459477028944 0.06566114072520413 3.211116562495101 -0.025574519529470874 0.09893605639447203 -0.022287187442202584 2.6047948959359903 -0.5643697224020918 0.043041834263584745 -0.05276147502801343
0.024240813903411252 0.8260709340507177 0.5283348431233759 -1 -4.954417573714555 0.6986481906651147 -0.011807370457142342 0.03511919733372023 -4.279338372645313 0.2804356694917318 -0.007225556862742295 -0.005788688597870566 0.08870928750932361 1.749680707313996 0.06468006194794676 0.04617372592168709 -0.16234807867884005 1.009172609121086 0.03622609169185967 -0.013245328210063516 3.4990571548426095 -0.24886297129273816 0.07877215380618871 -0.0152153910672998 2.8901377928803296 -0.7749877038846712 0.01252616401529786 -0.0657375260745979
11.24214 1.2253242 6.240622 2.0968356 5.2764516 7.72472 -0.5484817 -0.37823653 2.9176025 1.1056819 10.565561 0.1953314 2.8786025 1.83184 1.4351702 6.0612097
11.377163 1.4171453 6.3112283 2.1211889 5.153864 7.7609305 -0.12256777 -0.14227605 3.098173 1.0971339 10.646781 0.31335455 2.9009762 1.8378325 1.4426795 6.0488462
11.538824 1.3881702 6.3571205 2.1807508 5.2114954 8.947736 0.88612497 0.05769801 3.8535798 1.0931704 10.808723 0.36077577 2.7552705 1.8789196 1.4704475 6.230157
11.686699 1.3734987 6.599866 2.2203815 5.1797695 8.952947 0.9391606 0.2672248 3.8688233 1.1044375 10.785183 0.3931362 2.7363017 1.8945111 1.4946353 6.285797
11.931706 1.3000915 6.9737797 2.2964609 5.0661917 8.90428 1.0087838 0.7537203 3.8630953 1.1290249 10.775732 0.43989944 2.7157655 1.9117491 1.5379794 6.385343
11.860298 1.289691 6.9417834 2.2912788 5.098892 8.912023 0.9943423 0.7043059 3.8557703 1.1281115 10.751435 0.43412256 2.7108335 1.9119866 1.5366318 6.370701
10.929021 1.1936307 5.7909718 2.0836792 5.5688667 8.973688 0.65343535 -0.47466254 3.7525916 1.0768143 10.563474 0.25847864 2.694054 1.8616437 1.4316692 6.046008
11.66795 1.1461778 6.8929048 2.2491329 5.448892 8.90621 0.76323724 0.38780355 3.8083453 1.1236789 10.430855 0.39469898 2.6075869 1.9304404 1.5317698 6.2881613
11.847425 1.6981585 7.77496 3.1230786 5.694705 4.943862 -1.4454169 7.904756 4.806441 1.1809773 10.17836 0.31012082 0.012953639 1.5638006 2.1251645 3.0328088
8.771336 0.7758784 8.394649 3.1204026 4.8753767 5.8362236 -1.0028741 9.105437 5.5976677 1.307791 10.137767 0.15948945 0.032738388 1.6748922 2.1076696 3.4027295
8.498581 1.0739911 8.505474 3.1446514 4.845677 5.650271 -0.9153967 9.121083 5.52603 1.3097235 10.274115 0.24699938 -0.016393065 1.6567688 2.118814 3.3610096
8.904156 0.8015771 8.412931 3.0794258 4.782763 5.5711684 -1.0977044 8.79059 5.7504826 1.2891936 10.230439 0.08639407 0.12080991 1.6659322 2.0863242 3.377069
10.716985 0.23850346 7.831009 2.712587 4.6268935 6.752865 -0.79445195 5.6430902 5.843704 1.2136962 10.310031 -0.14672303 1.3059967 1.7911221 1.8488437 4.5005703
11.174069 1.6703811 6.34279 2.2035382 4.838066 8.494115 0.95239675 0.3098712 4.3195195 1.100345 11.066959 0.4585201 2.9172933 1.8490216 1.4774809 6.1755834
10.480404 1.5825186 5.3639016 2.0789986 4.7513266 8.174697 0.43353128 -0.25321412 4.115438 1.0846059 11.279924 0.2578848 3.0770733 1.7581447 1.3970227 5.9911027
10.372912 1.5850091 5.230925 2.0678327 4.714677 8.198324 0.44782686 -0.2932384 4.184441 1.08339 11.345312 0.2385084 3.0974305 1.7465327 1.388622 5.979686
10.45688 1.6400044 5.3558493 2.0879993 4.7202787 8.344162 0.70243084 -0.18288279 4.365492 1.0829396 11.34096 0.29444975 3.0638695 1.7632217 1.4022644 6.003787
10.5625105 1.6431396 5.5495467 2.1024752 4.8581734 8.480424 0.90755606 -0.114129305 4.494103 1.0823364 11.193335 0.35336 2.9781904 1.793568 1.4208596 6.007679
11.148487 1.2060673 6.9050636 2.2065763 5.4655676 8.685153 0.67453694 0.19517946 4.3409386 1.1314448 10.422509 0.4130693 2.599967 1.9341027 1.5274312 6.214904
12.23533 1.3081269 6.5491757 2.7346342 3.7734172 7.1538596 4.084803 2.6950498 4.510832 1.2631782 12.502676 1.8671119 2.5642807 1.8508736 1.7590854 5.79624
13.180414 2.9769568 6.4164467 3.41108 5.277756 1.905353 2.2169244 5.0517898 4.180795 1.2170303 12.766193 2.9288728 -0.19703007 1.5419872 2.266231 1.6701765
9.792442 -0.22121954 3.0716894 2.3345277 3.0253558 8.65008 3.81272 4.280838 5.447396 1.2156682 12.55697 0.4498111 3.1285648 1.5531226 1.4888028 5.868614
9.252647 -1.5776858 -0.24786377 2.1563315 1.7146306 6.4832926 4.4654627 0.7457833 5.2176914 1.254173 14.736095 0.9851813 3.831413 1.4242722 1.3325665 4.702481
8.974803 -1.9935446 -0.19080931 2.0787125 1.6272383 7.0297937 4.2334366 1.0619075 5.626338 1.2483366 14.4798565 0.6214456 3.9554453 1.4464653 1.2864137 5.040483
9.352205 -1.4296436 -0.22137403 2.1667476 1.740881 6.406638 4.4647655 0.85311985 5.1431737 1.2484243 14.673069 0.9922626 3.7867205 1.408726 1.347283 4.549406
9.83026 -1.7756863 0.11757976 1.918356 0.96170616 6.6637125 3.524761 1.5968022 5.348054 1.2147892 13.27227 -0.15094352 4.2986403 1.3560392 1.2711828 3.3985677
10.960543 3.3609266 0.6136527 2.484102 2.3613985 4.9179263 3.3624966 2.1963134 2.0702257 1.203364 11.206297 1.3013903 2.9487886 1.0101225 1.6238884 1.8152738
10.123848 1.7177825 0.16787565 2.3758807 2.4720511 5.5401764 3.9412699 1.5784705 3.2388108 1.18831 13.87335 1.356642 3.1305275 1.1487367 1.5166605 2.8751278
9.893394 1.7523332 -0.048786342 2.4888883 2.8602173 5.4277177 4.47415 1.1187708 3.2413125 1.2018719 14.780872 1.9426949 2.8912275 1.1869472 1.5450925 3.5000286
10.086026 3.4374647 2.755743 2.623531 4.124997 8.545097 5.867095 6.376462 4.511177 1.0878778 12.567492 1.5288773 2.0747252 1.2911971 1.6711376 4.4556637
10.528246 6.1669054 0.80025136 2.6312432 3.9739285 6.8892155 7.364845 4.551117 3.3470912 0.99447227 12.161163 2.5013576 1.9112301 1.0192442 1.7438643 1.8895311
10.800393 4.616779 0.5347718 2.7009094 3.6541831 5.8525453 7.4803076 2.687439 3.4444222 1.0958371 13.148037 3.0674095 2.1065006 1.1705635 1.8140267 2.620285
10.907864 4.0358343 4.078723 2.9058435 4.744808 7.86236 5.2889786 6.4640927 3.5912502 1.1509633 12.587082 2.0810533 1.6141727 1.3487264 2.0434635 4.8815413
11.750119 2.3172681 5.672867 2.8961003 4.334674 7.9374037 4.4077916 6.855956 4.0691633 1.2360504 11.829224 1.5775356 1.918231 1.5587486 2.1547444 5.6119175
12.754923 -0.14197254 7.5436497 2.8264709 3.695733 7.8798413 3.2863355 7.2069335 4.7597966 1.3421185 10.792942 0.87711215 2.4149704 1.8370769 2.2318773 6.4785767
12.713688 0.0007376671 7.434391 2.834161 3.725867 7.9365673 3.3694644 7.192095 4.7510133 1.3348315 10.859107 0.91423583 2.3836238 1.8203847 2.3083177 6.4452257
12.57548 0.39841843 7.1455927 2.849315 3.826073 7.9809217 3.556089 7.1456423 4.659004 1.3175153 11.024492 1.0247018 2.300145 1.7757688 2.3783152 6.3203573
9.870616 5.430242 1.7779722 2.8183765 4.904264 7.8527694 6.6286383 5.674341 3.5205479 1.0475963 13.436848 2.5609574 1.484717 1.1316853 2.3419237 4.028021
12.172506 4.735144 0.97719127 2.6995463 2.383117 4.5394435 5.124002 2.579835 2.0624754 1.2318442 8.049405 2.1709108 2.5802217 1.0532376 2.3054602 1.5988188
11.750635 4.2279606 0.792056 2.6483858 2.369036 4.322166 3.3637624 2.2708268 1.3987952 1.2551016 9.034771 1.6688163 2.7128685 0.97275287 2.3044472 1.6942258
11.788397 4.2457995 0.812602 2.6391761 2.3451455 4.3322086 3.306277 2.3135343 1.377075 1.2534196 8.935854 1.6254897 2.7244933 0.9671852 2.3382154 1.6340137
12.256632 3.6771724 0.986472 2.5829957 1.7468629 4.277295 3.043738 2.5246615 1.526768 1.300575 6.99376 1.2839603 2.970868 0.9985687 2.3446665 1.5436115
12.2487545 3.883184 0.99552906 2.607531 1.7738271 4.178606 3.0490623 2.4673834 1.4520578 1.3018475 6.872303 1.3259335 2.9484718 0.98851454 2.3855424 1.5013604
12.223074 3.7573872 0.9814838 2.593957 1.7279572 4.235277 3.0894437 2.4307244 1.5262232 1.3040385 6.893134 1.3021244 2.995806 0.99924165 2.4036186 1.5657516
11.9241 2.1074862 0.70946026 2.5226657 1.4849596 4.6045203 3.5607693 1.9894704 2.415823 1.3422296 7.5975866 1.3604181 3.217937 1.142165 2.3734033 2.5616064
11.911789 2.3597562 0.7144066 2.5524478 1.5734649 4.526392 3.5989199 1.956411 2.300294 1.3400528 7.586002 1.4536507 3.1513348 1.1296321 2.4096332 2.5238447
12.03123 3.497163 0.8411685 2.590503 2.0697782 4.5739117 3.658124 2.4404564 1.7126544 1.2826917 8.124741 1.653923 2.817391 1.0391306 2.4653342 1.9355478
12.612379 4.000531 0.8059851 2.801452 2.907112 5.207188 7.3517256 2.9485962 2.4664083 1.2553904 8.559479 3.497345 2.0224223 1.2156963 2.6066961 2.7720385
12.040666 3.93993 0.92420346 2.5003197 2.6929078 5.22569 3.9667346 3.3272421 1.4703329 1.1809585 9.81536 1.7595301 2.472466 0.9818064 2.4865582 1.400805
12.545168 4.002163 0.9700174 2.5592852 3.0455632 5.6870065 5.2629724 3.9820166 1.4953016 1.1725422 10.0090475 2.486663 2.0806346 1.0340142 2.5368707 1.6748776
11.948599 2.8483076 0.7438053 2.4763296 2.583617 5.417383 3.8764958 3.239562 1.6058837 1.2219901 10.354627 1.8415949 2.5267103 1.0413145 2.481556 2.0972838
11.789124 2.8809419 0.79408365 2.3681228 2.6288028 5.646448 3.4633079 3.4971588 1.5657134 1.1701319 11.020489 1.4931827 2.585114 0.99672353 2.4537733 1.6835308
11.6032715 3.4301047 0.8624815 2.2731955 3.0620654 5.871171 3.0735874 3.8856432 1.0884911 1.0794104 12.095275 1.3516467 2.3658473 0.90266544 2.4461806 1.0570984
10.498617 4.612988 0.7540691 2.359815 3.0632615 5.1576886 2.7232132 2.9328609 1.4835911 1.044044 13.275704 1.0263875 2.6656313 0.84184015 2.4917154 0.6866474
2.5285735 5.1321526 2.9812572 2.4426136 0.9591713 5.1677914 4.0497217 3.5108855 1.961839 1.3010885 14.006898 0.91149557 3.098104 0.97271603 2.394335 1.6182194
2.3768954 5.371146 2.577762 2.4288113 0.7064314 5.208562 4.3493466 3.3978698 2.1769073 1.2879505 14.26066 0.94628197 3.2359867 0.9386404 2.372345 1.595346
2.5736613 5.362976 2.530273 2.4312994 0.7434449 5.1969275 4.3176594 3.3442593 2.16384 1.2852981 14.122056 0.96075076 3.225426 0.93815553 2.3823752 1.5922084
3.9318798 5.205514 2.205502 2.4333835 1.1349864 5.196736 4.098793 3.276249 2.085775 1.2505257 13.873241 0.9907453 3.121894 0.9259667 2.4184256 1.4737449
10.3363 4.5592284 0.71608686 2.4526913 2.896621 4.9955893 3.0304008 2.5688872 1.6676514 1.1006523 12.410156 1.2278885 2.6860979 0.88636315 2.5546856 1.0665283
10.284906 4.651797 0.6926655 2.396065 3.0621727 5.167607 2.8620198 2.7386668 1.6762341 1.0579399 13.160078 1.0680674 2.6774087 0.85658586 2.5450857 0.80104446
10.16257 4.6440134 0.7247062 2.3644755 3.1576216 5.2366667 2.7609096 2.7838848 1.6223009 1.0431415 13.297432 1.0030022 2.64241 0.84909296 2.5421412 0.69898033
10.091484 4.6263895 0.7474683 2.3553016 3.1864963 5.2340612 2.72558 2.7722187 1.588815 1.0413797 13.234755 0.9931037 2.6248388 0.8499398 2.5443635 0.6850138
9.781018 4.655087 0.82862055 2.3522704 3.117437 5.1994963 2.7469497 2.7922606 1.5768079 1.0487576 13.213093 0.98739046 2.6391354 0.85280144 2.541809 0.7022214
4.142934 5.1162157 2.2179224 2.375007 1.5383883 5.0659328 3.6874814 3.2752092 1.7874763 1.2173351 13.678915 0.9342641 2.9853005 0.9173081 2.4428446 1.282095
1.7868357 6.051358 2.894678 2.3229172 1.1886868 4.533469 3.2721314 3.4008923 1.3518627 1.2411184 13.536874 0.8246833 3.1328523 0.8925858 2.3680518 1.3882313
0.8682256 8.790716 3.154869 2.1829174 1.5693817 4.031262 1.4007003 3.5135357 0.30307156 1.107433 13.140688 0.4720109 3.2568228 0.68987596 2.248502 1.3093791
0.390903 11.0837 3.3939226 2.0407538 1.7629218 3.5437534 0.19450915 2.6544447 -0.2893334 0.9866935 12.833683 0.37409866 3.4751718 0.581661 2.120823 1.2042961
0.51221275 11.724573 3.5169318 2.0318124 1.7522888 3.3951693 0.5092666 2.4886355 -0.22473812 0.96099734 12.33081 0.5633675 3.5123792 0.59397304 2.1076698 1.1397581
0.561676 11.936768 3.548133 2.0355666 1.8253217 3.5361686 0.89927495 2.5324087 -0.07345903 0.94623506 12.103202 0.6978914 3.4552054 0.61278915 2.1148105 1.1123018
0.6081705 11.907707 3.584481 2.0299883 1.8329566 3.4382522 0.951383 2.5120492 -0.08484864 0.94901025 11.988317 0.71340823 3.4569232 0.619879 2.1173425 1.0803227
0.6717 12.0077915 3.6237173 2.0297575 1.9051144 3.504088 1.2687607 2.552988 0.015004516 0.93969584 11.744919 0.8200021 3.3988433 0.63840055 2.1251833 1.0484571
0.703321 12.056576 3.6462207 2.0289311 1.9535828 3.55165 1.4465746 2.5738037 0.06671095 0.93410337 11.569864 0.8825414 3.354226 0.649251 2.1300564 1.0377245
0.74029016 12.101749 3.6709065 2.0276651 2.016593 3.6072981 1.6393577 2.59316 0.118376315 0.92811465 11.353632 0.952845 3.2983794 0.6620568 2.1355429 1.0277939
0.43201017 12.807355 2.8760087 2.422188 2.7252474 6.2940536 1.888461 3.2521734 0.5267502 1.0287689 7.6248856 1.4169384 2.737022 0.74399245 2.283533 1.8178625
0.11713648 12.832682 2.4884071 2.5565093 3.0573153 7.057296 1.3257061 3.3003626 0.5139361 1.0912383 6.945768 1.3233119 2.7315502 0.7577965 2.3328671 1.9836717
0.11696768 12.833258 2.4025662 2.5974865 3.198294 7.2248716 1.363605 3.3436897 0.58177745 1.1151495 6.6938987 1.3282353 2.776792 0.77907574 2.3572862 1.9268684
1.0018435 13.037844 2.656243 2.6627002 3.0861049 6.755569 2.6970563 3.4038734 0.95267355 1.1515553 4.955979 1.7363396 2.8300166 0.8719173 2.4113488 1.7787671
-1.7001739 11.756983 1.7736237 2.413667 6.693548 11.0707855 -0.26217175 2.0609453 -0.24538726 0.9674541 0.29135227 1.5472234 0.12868875 0.9447183 2.353373 3.156538
-2.0533895 12.294537 1.3829288 2.1849105 3.7081861 11.44038 0.43057907 2.1449976 -0.40989166 0.7547277 -0.04702902 1.4057877 0.6165586 0.5648136 2.26449 2.904676
-2.537541 11.393448 0.83041346 1.7467171 2.4851356 11.958987 0.6209334 1.5634093 -0.76335496 0.5861789 -1.3138943 0.7974676 1.1969526 0.3601495 2.2103825 1.581696
-2.7234287 10.45009 0.78325415 1.5740591 2.3074434 12.474492 0.5448308 1.7117188 -0.2609899 0.5456197 -0.2755723 0.44621277 1.3578615 0.3842888 2.128133 1.7569356
-0.2166915 2.2814722 0.851401 0.87640595 0.47996378 13.363369 2.163548 1.6502848 2.1540682 0.6822914 1.6840978 -0.0035454035 2.574751 0.96265024 1.7982728 2.3594375
1.2042255 -1.1034746 1.1306615 1.0536457 0.052690983 13.225533 4.0581937 7.409676 1.5147879 0.7942059 2.3874211 0.7077255 1.572528 0.9764097 1.9900308 2.5315013
1.1350603 -1.1385145 1.1550092 1.0317302 0.1280632 13.362186 3.9632716 7.52954 1.4323357 0.7710073 2.7370677 0.7263875 1.4288186 0.9619688 1.9757158 2.6148872
0.96912193 -0.8046651 1.0347736 0.95746124 0.2283411 13.4801035 3.8067513 6.2206144 1.5834349 0.7370292 3.144666 0.75822556 1.5735264 0.97648394 1.9121071 2.8001757
0.9766321 -1.9514575 0.9345448 0.9474213 0.14464188 13.182871 4.9693174 5.3631277 1.5269078 0.7317921 3.8813024 1.7857544 0.6416327 1.0105088 1.814137 5.610977
0.1484046 -0.61898804 0.65258974 0.6849978 0.32047892 13.479113 3.5597935 0.21882701 1.6640084 0.5525147 4.575396 2.2737586 0.33254027 1.0181797 1.4927487 7.7999353
1.0442295 -1.6171012 0.56192887 0.45352983 0.96645546 12.464754 6.1711106 -2.2676477 2.5274384 0.5854491 7.462923 3.0109353 0.08953774 1.1339335 1.2409904 11.019789
-0.695065 0.4832778 0.5912876 0.22599435 2.6431587 14.425367 5.73632 0.5132177 2.1419516 0.38360846 9.566795 2.1391706 -1.0720824 0.75338364 1.0908161 13.213864
-2.7903008 -0.67162895 1.733956 0.2918718 -0.08697319 14.762916 10.860987 -0.39701462 3.61598 0.42887497 13.346691 1.2119504 -1.4087329 0.632355 1.2235065 13.505888
-2.9903655 -1.2774639 1.7507672 0.21933079 0.73753977 15.096287 10.582031 -1.0965059 3.4130285 0.43580186 12.579711 1.0967715 -1.7258497 0.7024108 1.2333395 13.452141
-2.4499068 -1.0816994 1.6318052 0.2021153 1.9654334 14.568425 9.515947 -0.7827668 1.7302461 0.53862 11.759676 0.6292201 -2.0329762 0.8456774 1.2547529 14.125055
0.06393194 3.6253908 3.7217433 1.1239616 4.0376463 13.863335 8.646773 1.091955 -1.8625379 0.7387632 12.759366 1.2654042 -3.7410793 0.840791 1.7303243 15.059403
0.30579996 4.4805927 3.5040555 0.45739698 1.5999193 7.5889015 9.55917 0.09199762 -2.9373875 0.4442842 16.358627 1.5377042 -3.340322 0.38445044 1.3937625 13.134316
1.0283184 0.21212482 8.472806 0.45026946 1.6887078 8.138052 5.682979 -4.095197 -3.1675937 0.46776605 15.903725 1.4693799 -3.6320775 0.41775346 1.4999483 13.183573
3.7493963 -2.8118796 9.101047 0.5310614 0.63761044 5.8910236 5.42702 -6.682003 -1.9872925 0.6886209 16.245579 2.5573812 -2.1877096 0.94809085 1.4778986 13.258807
0
0
0
0
8
8
8
8
0
0
0
0
0
0
0
0
10
10
10
10
0
0
0
0
10
10
10
10
14
14
14
14
10
10
10
10
0
0
0
0
0
0
0
0
0
0
0
0
0
0
0
0
10
10
10
10
10
10
10
10
10
10
10
10
10
10
10
10
10
10
10
10
1
1
1
1
1
1
1
1
5
5
5
5
5
5
5
5
5
5
5
10
10
10
10
10
