69
1.9455108592999208 1.9939642810005986 6.867328447074597 1 -4.45 0.4099999999999999 0.0 0.0 -3.77 -0.31999999999999995 0.0 0.0 -1.5299999999999998 3.1399999999999997 0.0 0.0 -0.8399999999999999 2.41 0.0 0.0 0.6699999999999999 5.19 0.0 0.0 1.3499999999999996 4.46 0.0 0.0
1.8604185282623968 2.0904230594635087 6.851166187821032 1 -4.39964411664028 0.4616766192619879 0.026732669121310306 0.014070779694894772 -3.776698245035481 -0.3528077401453825 -0.006477690917948718 -0.011063860281356721 -1.5403538597817872 3.1368441527266837 -0.003002563994173069 -0.00600368860933639 -0.8433644502412827 2.3996766720802865 -0.005085800539321745 -0.0021037768066970632 0.6218581119590558 5.07806449389751 -0.020176424299744953 -0.04953280446953122 1.362446952685727 4.328298034890646 -0.0011975952520828503 -0.04718983373386332
1.9625067088677348 2.31056025722704 6.7208891081512885 1 -4.2640517991796845 0.4872745622153656 0.024364990871785258 -0.009197393102495108 -3.7579236117670343 -0.43500205455046204 0.011949292194710423 -0.014576784812384877 -1.6108368133350632 3.1039680864780115 -0.02056405053029997 -0.01235311536018759 -0.8706825208184097 2.324751430555259 -0.01191036459185468 -0.025380970697127796 0.49486209424467376 4.7614408924641625 -0.018615973764903752 -0.07355791975878187 1.3357167589584256 3.9700824444726353 -0.013944385204863276 -0.08566329832636234
2.147659530789476 2.467554711535451 6.418930967223631 1 -4.241695790972817 0.3864406213858007 -0.007632282932958177 -0.017354215535142905 -3.724421387184337 -0.4935409616287475 0.013333474587147686 -0.009690071499898808 -1.7307627765653928 3.0149354522939413 -0.036053423530719136 -0.038562851875216506 -0.9709821458152104 2.139454661014996 -0.04538927329203933 -0.05557143415094857 0.43933074841670194 4.384320646295866 0.010487338107668416 -0.06043978248383093 1.2252894903115834 3.5207740254169737 -0.01225792018574886 -0.07872770428176656
2.1068322903183585 2.399793524127454 6.103876322549264 1 -4.334203645303782 0.299748700214586 -0.020430554344219566 -0.00724838193119429 -3.6813729744333115 -0.558584082815611 0.014111871642255136 -0.023032521687471885 -1.8513474078987184 2.857348421113645 -0.03478160660219201 -0.0344764595483055 -1.1433811270007794 1.90092681156715 -0.03795909994164472 -0.05724651229329537 0.38982508302379415 3.981676304828018 -0.022424633997648914 -0.09407704184722762 1.114490693617479 3.07894013524228 -0.02619428290704113 -0.08064847304475761
1.981345534197316 2.2753434998288165 5.877035284290525 1 -4.391694342210932 0.25685775832188384 -0.0019467402814199262 -0.0027354173567927806 -3.6610392883042335 -0.7035223037320253 0.0004916998132173621 -0.0404826404128878 -1.9964181898395221 2.6544259300130726 0.004929680265457245 -0.03306934524645746 -1.3186214596759802 1.6702571355358171 -0.005835634420326526 -0.012488057057222578 0.3184337971469988 3.651884259388493 -0.036396870698321204 -0.07450723714532245 1.0325952086169998 2.7451709922288385 -0.03484032507668868 -0.06792330214548664
1.893005892961733 2.1839421296845214 5.729326326810734 1 -4.35693244119022 0.21052932696447324 -0.008244067286106717 -0.033695600048961445 -3.6703743797576758 -0.8979857074509822 -0.015744700471903277 -0.04110126598843288 -2.110153928150761 2.4745119499477872 -0.028695909476850835 -0.043547173455338914 -1.4400268719805536 1.4699215182260494 -0.03948742813202371 -0.048547041730858526 0.280220599119688 3.4220111397250124 0.012250497226434492 -0.027946837479394138 0.9345598613974024 2.484731516727402 -0.005635660949223298 -0.03963153602564621
1.7634916255357773 2.0612261529594167 5.541044848560028 1 -4.283460786645305 0.11489634760004286 0.0158556464753624 -0.02336371404235161 -3.6666715685741074 -1.0602437266528266 0.003203373787235368 -0.019607493908051526 -2.1084832567934226 2.372138144481937 -0.006632276903432709 -0.02493101023970964 -1.4835549128944772 1.309694679617674 -0.019280621360031402 -0.037316045826092804 0.280587934514422 3.246303879186832 0.016824675503279696 -0.02345419178968423 0.8569922432796959 2.2496174148829566 0.0036115119292122536 -0.032653277044178745
1.700484517865102 2.00407382839947 5.380724910308613 1 -4.217428767770965 0.007653651722845156 0.024239763689247032 -0.0211519828529709 -3.640968130504696 -1.1419856615263022 0.007460477192495828 -0.0024915541641272326 -2.0544484279089117 2.3071476844538847 -0.0093047303748808 -0.029375899778379667 -1.435159671406398 1.2273795906860472 -0.016114880859328027 -0.02383053766249337 0.3136003403245793 3.1101269489770775 0.010188011983037234 -0.040840395854196396 0.8616452850178691 2.0814688438288673 -0.0006904700513689871 -0.010832753195093303
1.7845713929882074 2.0541882898502726 5.242254826337886 1 -4.152143127622967 -0.05557932458775561 0.02381496636934837 -0.006212906545130492 -3.6553320288755917 -1.1765099310443052 -0.0035434636401011424 0.004829108715756146 -1.9891173512617977 2.252861350772667 0.0368622605845059 0.003979998789451642 -1.3359923805235452 1.1964799769987047 0.052723073456895655 0.01641718320272209 0.41478337536887544 3.020268043938728 0.0010436833937443688 -0.03173927035795565 0.9688082787754526 1.9957320827159832 0.002357216379205525 -0.021753580748320504
1.8544104960941787 2.129517660023119 5.169239568205173 1 -4.10556199477012 -0.0654940548876487 0.02121282619596418 0.0068752053183007596 -3.7056224633299415 -1.1960324924092425 -0.004928577142145428 0.004315014363701817 -1.8795047323354481 2.2188734149363967 0.015929495150272647 0.003938441071699899 -1.2330108120168801 1.1868739090028644 0.021904949712703937 -0.014274314343613984 0.5817067224643901 2.9791308489309665 0.028452929847779116 0.00602105141131885 1.1450189046084311 1.9754546654522347 0.044262196726107136 -0.012395103979141628
1.9058656200583253 2.2047331003336668 5.114463580755036 1 -4.073473419487728 -0.046425641216519486 -0.01102996525657276 -0.0027426199944917806 -3.7469453949202642 -1.1909251966083407 -0.021134883033219476 0.004913954436842297 -1.7235832868447822 2.184186554533451 0.03089581174874294 -0.02750499029907548 -1.1062780477807892 1.173482454150499 0.01185456645480598 -0.00403955194104574 0.7533774253267884 2.987336369314023 0.049557304188144184 0.02054459949580392 1.3374100280247845 2.0194231412021586 0.054698695832678126 0.02139658877850101
1.9556604993597002 2.295346429918462 5.0740214193049935 1 -4.043284027984413 -0.025545930241440806 -0.006485356161090352 0.0024993647679574455 -3.7744155882907346 -1.1666645834520364 -0.014727509652799536 0.00035826127778823894 -1.5532953891225874 2.0998349488792276 0.042665698814046374 -0.03171636569170419 -0.944167957247906 1.1264710079405456 0.03243910502994127 -0.003479211530419961 0.908324309223242 3.0431810478081163 0.03554514393810622 0.021215879754898408 1.5276892836024656 2.1123062104802264 0.04669097059841035 0.02280825055815608
2.0183170807619892 2.378582064861737 5.05079242203537 1 -4.013796525972605 -0.013072536529168954 -0.014331279328014684 -0.002963061293058032 -3.790074960786656 -1.1425880821862222 -0.01469435464311667 0.00253858322353447 -1.3794023819619738 1.977972657523253 0.01654657225801578 -0.04200021816223885 -0.7443066317270288 1.043455905374743 0.016059186720876292 -0.03368390507112243 1.0344320331852659 3.096124397625652 0.0479173211560911 0.027392750066808122 1.6999991831324408 2.20362932666891 0.05204773519726706 0.03241934825711437
2.0692934561851644 2.4280647862998492 5.027275520145115 1 -3.9994952633736416 -0.006147504661906167 -0.0030556680543739057 0.0065292977524495505 -3.7862820337087624 -1.116679274521599 -9.973553335146726e-06 -0.000671995570254989 -1.19803836786213 1.8428810422307365 0.018744732293366453 -0.04005562115563105 -0.5577395576096418 0.9283682259992032 0.012951676512989702 -0.038855584176186675 1.149175700027783 3.131252583168 0.03581250128579433 0.023463201840770977 1.8450340969361365 2.269034458635655 0.042760871100486694 0.019390435039875246
2.051803552645649 2.4027183421115814 5.000281958884092 1 -3.9911591874466557 0.016768471270875107 0.014228807566717867 -0.0028282173653572575 -3.78292360695393 -1.0761017978518963 0.003702230522160544 0.02554503551414956 -1.0170834816196876 1.7192044512044462 0.020872464992898913 -0.03526926199572878 -0.40553411885662793 0.7970222381645005 0.010792625534728796 -0.033060709929379685 1.2271779858683187 3.1423305417023526 0.03398447914469964 0.019103663763985826 1.9456019207253803 2.2985893175482435 0.03452630486491948 0.02088278967834402
1.9978082866535725 2.3698891106173265 4.95163558530899 1 -3.97686058583337 0.05233178507245162 0.01785988094319657 0.004808865055156248 -3.7831956120330505 -1.028382936532753 0.010058309184055595 0.01510076504979448 -0.8779333866241932 1.6067113261959847 0.012359390546820781 -0.030726165712598272 -0.28851436168442834 0.6729911071029375 0.008338908953546886 -0.027598407742707567 1.2625166943069734 3.1203712971151205 0.022467083703834975 -0.013975806322653599 2.0099030670227345 2.2990905655973597 0.006396418164941559 0.021652192881112677
2.0208779010440594 2.4004013329254454 4.831282070095755 1 -3.966375575823071 0.07109823209289523 -0.006970865547067457 -0.0017043618529636957 -3.7858278725368697 -0.9980617167064793 -0.008314854454732443 0.0034299565270000734 -0.7919972212244937 1.5005681015955767 0.027748118544097845 -0.007712137908396189 -0.20421661744200303 0.5659746891165713 0.03036019405676013 -0.01370229068888061 1.2821568833110222 3.052647267255267 0.018191958429566064 -0.01191529232496251 2.0696344488142264 2.276505542093795 0.016872789028413025 0.005367244517883337
2.102794331171757 2.4826383724816186 4.726882899510978 1 -3.9594403721440026 0.059166370710544536 -0.00689354467829547 -0.00713215518203282 -3.784943860130759 -1.0040467322986686 -0.007964383406172827 -0.004505663614951985 -0.7415135823712373 1.4011948362862672 0.026197515717830112 -0.005539649674912852 -0.1605459772527773 0.46614129950079564 0.022606325638572483 -0.009372534998738576 1.3124989492557368 2.945980969247921 0.0199129674853945 -0.0055160759344665584 2.125533806109841 2.2028968534015805 0.025610082454415622 -0.006017682618330126
2.175257322924849 2.5661610071527243 4.6237384931774494 1 -3.951887839580988 0.024866180370430646 0.010098658971145284 -0.017912080868635227 -3.7924227778002586 -1.0463171723576747 -0.0008451792067724244 0.0025383301770565466 -0.7163271937175342 1.3154092763029843 -0.012886031146055757 -0.031223081046807606 -0.15895873668682725 0.3643119621590789 -0.023015086254379518 -0.024682548478999547 1.339668880393634 2.818635576394402 -0.0093308846870425 -0.04685229697283495 2.1687073416157174 2.088975420129944 -0.007916902701864546 -0.038493629820790055
2.2603285569363987 2.6487196167448164 4.510025025760828 1 -3.936150085490182 -0.020017528554798103 0.01520697551505817 -0.018570517910775797 -3.812316875607391 -1.1074895997408007 0.0007049272220443327 0.0010722066164734808 -0.7139362179584237 1.239679298395885 -0.004210152127584049 -0.00948025046549169 -0.1838825094112293 0.26762116290125904 -0.002896651389111087 -0.023766744686480275 1.3539619944442043 2.6806648815349843 0.014960069592758118 -0.009549555316408378 2.202408085106627 1.975859223188913 0.018098475361603656 -0.006586811647627588
2.353534737324725 2.7070130529100638 4.406090801592013 1 -3.9210379851910093 -0.06489657242327651 0.007965409915638606 -0.0065286641517207 -3.838247701351964 -1.1736021935683927 0.00041541121039301125 -0.016030071160130055 -0.7320852271304172 1.162874165674769 0.005562431779687813 -0.02596859853979204 -0.21710594916444137 0.1830201159164786 -0.009239169422434378 -0.0009660090747743225 1.3542626025575366 2.5419225284004425 0.015875731814518082 -0.0010046140291212272 2.2118701460506056 1.8645638033108631 0.0146325435331205 -0.0026652972704837314
2.3382964924737863 2.711950212320723 4.32481226117039 1 -3.9140590202346015 -0.11376738324593083 0.006814958855208371 -0.017615452795729757 -3.8620997395233987 -1.2334755841812748 -0.0014399802611977587 -0.000559975624739268 -0.7518712095043938 1.0790327487912905 0.0032649865449059443 -0.026687737426636767 -0.24409042578857854 0.09645122044995724 -0.00858962826826551 -0.006993478945374654 1.3263711236729003 2.4301621905693325 -0.028962539352538005 -0.04624778786478548 2.1998938127566596 1.7765989958145547 -0.01931847820356302 -0.03259256015390681
2.3438888387294723 2.7293921719217913 4.266842289329251 1 -3.9060828107745347 -0.1594813073668916 -0.003092552988947568 -0.007027092334555051 -3.886204280320902 -1.289639450120199 -0.009745267320801505 -0.012772805261380558 -0.7605990488532739 0.9884224261966461 -0.005458785550197784 -0.011980469579703855 -0.2590721345566456 -0.003589111571179915 0.0019332623347592844 -0.029896601274848965 1.2615995216110996 2.3441249977899936 -0.006933227910796076 0.0014077757619807858 2.1708480891961246 1.7275422765565533 0.0037784285674224835 -0.000306433088565353
2.3779913460933786 2.7498728450349557 4.23371777735555 1 -3.8860877129721603 -0.20245983540326484 0.016991013700983177 -0.01257186427832107 -3.9155687344977257 -1.334379626672393 0.0031333382400736687 -0.0031332193914104687 -0.7699813070444916 0.8814432574457343 -0.0194150107289712 -0.03576059056693977 -0.2634697051764574 -0.11523524117466544 -0.01996949241758133 -0.028953644642372312 1.206503374669853 2.2734190164546133 0.004455170667001129 0.0060152612612582035 2.123338376052007 1.677193442515041 -0.0013506302606487337 0.005729091627348384
2.3678182643851744 2.744647903010225 4.21688738806769 1 -3.8712168424769944 -0.2387330401368215 -0.015513853988845088 -0.004738043003324357 -3.9502312617179793 -1.3744956290868005 -0.019893962915507955 -0.00719040552564881 -0.7715838668486978 0.7661643901170119 0.00015852837646823312 -0.03577703809007339 -0.2551476693471786 -0.2274872893458204 -0.007828762792050636 -0.013740500467273764 1.162138466492725 2.2127490386454327 0.006670200240783509 0.010831477892888523 2.0822524792771766 1.6206037009115608 0.0026111332687930745 0.010170932172121009
2.3612157117818913 2.738292369571488 4.198473537225183 1 -3.8629667815196527 -0.2731487682991004 -0.008512255458008707 -0.003149948171346905 -3.9768784638154813 -1.4100148588806665 -0.012695811822252904 -0.009113573877491902 -0.7734928365554432 0.6493415957066644 -0.016800971372898238 -0.02711074817745727 -0.24131908411722147 -0.33670481468075764 -0.007222807017889663 -0.032103837018256316 1.1120356154502007 2.15926719995422 0.008705498942921584 0.014560803290248482 2.046493143084324 1.588830870125622 -0.000531395040369865 0.02141362830758068
2.373178031241955 2.7521207277046096 4.174527900988785 1 -3.8524817836812675 -0.30780179268143215 0.009179651374823034 -0.0044767128991678295 -4.00067079973459 -1.4391329932683963 -0.0012065652021528142 -0.010772112573276253 -0.7724051212036294 0.538174538410503 0.008394502010758316 -0.014104954765818953 -0.21715999240775918 -0.4317102640760614 0.014970004560473172 -0.01592224610671029 1.0529711394830699 2.113399909778035 0.002791032881289162 0.017932326496599538 2.0070883156890504 1.5767599152677292 0.003911122055307652 0.019670587196294866
2.378434883704418 2.761711949022946 4.155696151996253 1 -3.8342829447821725 -0.34724343620774056 -0.013795844113388713 -0.0056929588746165395 -4.029021313493138 -1.46194824160993 -0.019903332378796476 -0.0010444378718395646 -0.767099174465975 0.4355472940103555 -0.004983795835805421 -0.01923774004384753 -0.19150744026087718 -0.5195984700893954 0.002779257047724122 -0.024345373024477913 1.002167701824047 2.068471213887408 0.010198910291157312 0.01494176319902404 1.967935208278619 1.5609087823486298 -0.0021554094418346523 0.022348989100497072
2.3832037710731457 2.769242418826029 4.141023804143398 1 -3.8162882537505016 -0.3912939262160049 0.00799334535506088 -0.020659912316789212 -4.059299723181409 -1.4879887528744253 0.002246408998739233 0.006731537363275459 -0.7562239474399592 0.3368486922137983 0.023187855739464917 -0.012327216288158206 -0.17483964039530164 -0.6077472863830569 0.01549976012565943 -0.002298450634643949 0.9641294515554888 2.026579244483558 0.00429589229897339 -0.018358476810541948 1.941177597740288 1.5417811937625494 -0.024352168343163293 0.0049119101433061745
2.405052461731085 2.79008689522691 4.121488438256964 1 -3.8079659914801853 -0.4367787985117716 0.00706688190536078 -0.021091424282535944 -4.087258308210931 -1.5172826990491126 0.004565896420087829 0.006181919188738488 -0.7466542690082241 0.24735049482962768 -0.007298396889804306 -0.004681395099808704 -0.16000088239413301 -0.6898674220396883 0.011753170378639285 -0.029688318344541706 0.9219427235099058 1.978628526154806 -0.0031037978836182915 0.002866575055232661 1.914135679458358 1.5208792425335305 -0.0003937386657820816 0.005054160414134685
2.4150052514050735 2.8059197527227164 4.0967844651448795 1 -3.805208390458403 -0.47707384776182105 0.003912639393751509 -0.017826157506815748 -4.111814860283622 -1.5444454027413523 0.002910206729102984 0.006460779490668299 -0.7504031873235304 0.16951013458899 0.015740045348244025 -0.0055186166954236966 -0.1479150460015397 -0.7586615298401352 0.014727056534073357 -0.0023772498503708485 0.8798188402331366 1.9254752664331987 0.00033965966758124145 0.0038909935672935374 1.8855692375817084 1.4971386612597373 -0.0026379460996749995 0.008869479573794858
2.431094359893265 2.8211180045691675 4.077032113509473 1 -3.802101131694716 -0.5072385587561568 0.0017248236398864128 -0.0017475896003340957 -4.135244200525905 -1.5670469167249204 -0.005990775118106414 -0.009111796515813066 -0.760676645849439 0.09551953243658984 -0.015479033948234994 -0.024539351321627784 -0.15127774740241762 -0.8250844202006159 -0.015472793449253723 -0.020574173259250757 0.8449469439527624 1.8653908565018784 0.009084560522891576 -0.012380471233026213 1.8551388233566444 1.466497405775149 -0.022614536007489666 0.006080620431136677
2.6105008355235744 2.91920264676426 3.965946761527551 1 -3.8659463367191496 -0.6587870870852863 -0.0007348723055209533 -0.053743369508710975 -4.158795241032025 -1.7027860997164035 0.0013680238692815507 -0.03481721278043749 -0.68283689827435 -0.06847505140751509 0.04377039417722988 -0.03623164530520657 -0.11489346736144324 -0.961862922510031 0.030568199789708247 -0.02916329516836008 1.0396121186311014 1.85365906818619 0.06093857296443291 -0.00851312473210692 1.938637745695817 1.4666669523076745 0.028429621516573914 0.012158737803932531
2.6753159816767003 2.9387638448834688 3.8114155621113297 1 -3.8898149212765625 -0.9481460333103562 -0.015824296148448512 -0.058537054513829144 -4.32509564628113 -1.8081255951111619 -0.05798564602432746 -0.005183790627989328 -0.48588657971552074 -0.3077397119559865 0.05910063983562105 -0.03924341211537359 0.03639196626687369 -1.1135577883434047 0.05269662378982031 -0.01420198148793313 1.3486415454312244 1.9754182583635798 0.040826298517722626 0.03523172318465659 2.1790840992230187 1.764730757039744 0.06025950877270178 0.0814578823941155
2.718276900235653 3.0036579604605986 3.670960007710763 1 -3.956769531982216 -1.2297671314553011 -0.019749326091997324 -0.03592246247429841 -4.532326539229406 -1.8665472082306782 -0.028842562475288408 -0.02725454076846203 -0.21750106522913004 -0.4871951243051782 0.07769118251740587 -0.04938580314127034 0.30838523636152004 -1.1631123278973998 0.035701086253969005 0.03172161923791399 1.5378813266693179 2.155295251029705 0.05099510191550999 0.03125724812456239 2.363932965765824 2.126821495923474 -0.004994546374123095 0.048168307165382195
2.81801962133884 3.1045368252027097 3.5007234411280534 1 -4.062244903078455 -1.3552383126707905 -0.014735822039144374 -0.017264992135045527 -4.549048035159098 -1.9776790596411566 0.016861929221177917 -0.01207629742853368 0.04454102874505139 -0.550739610911875 0.05432332772099189 -0.013515692135708067 0.5676341933828946 -1.1431604691139161 0.03181882149080432 0.020001001703615212 1.6224019399607572 2.3425081252712565 0.019982670564446532 0.025583449581130353 2.459392284840555 2.2879942588636224 -0.0014976992886973003 0.022901400878101483
2.839693464578757 3.1291122970456215 3.4198810820587977 1 -4.041530143777689 -1.3811602869398412 0.012846647720590397 -0.0021770543583248345 -4.461286322815861 -1.9926288088887674 0.02803919585264235 0.019468639967506675 0.20030756568807906 -0.5433837859060477 0.027780972979517024 -0.007221830497785102 0.7293156556478175 -1.1121602034191385 0.012142675011988475 0.017178726735326097 1.6559427819719428 2.3917656675027783 0.01592737482555295 -0.0020762305765147605 2.4983940355790457 2.394904790004373 -0.007865650719104948 0.015718686749937896
2.8886195039139837 3.109119736980502 3.3871865190420523 1 -3.9286792949071154 -1.3034235969442092 0.021813365714550455 0.01844678740065358 -4.3449361661258905 -1.883265913738524 0.032750672386435836 0.0338235734144411 0.25178260841811184 -0.5329180432727058 0.014065908045506812 -0.007129523722952707 0.8105293438746255 -1.103171947159054 0.0007792868621667847 0.00868934481497565 1.678834825978221 2.3914955893425764 0.013194030156389043 0.0007617447342526724 2.520278219029385 2.3992084227094495 -0.00988109244140397 -0.015099875028987863
2.9060026800559657 3.091477345523773 3.3717945340471998 1 -3.8159367050171014 -1.1445178427402065 0.014355388243093571 0.02727750543548453 -4.211879262519364 -1.7581595376716703 0.03234774451826629 0.02963254443889298 0.2696788763412705 -0.5335659975445828 0.007327667193788927 -0.008487310165853943 0.8407149750972769 -1.1269671860670665 -0.0043476293248009175 0.0006672866670708356 1.6823260110733491 2.361983663962201 0.00835441074509376 -0.0184655724651218 2.5280105971171736 2.299860037196754 -0.011578874903618294 -0.01892911887896165
2.8734545956843673 3.1139173540584872 3.3565254263532904 1 -3.7506707969675204 -0.9876853754342986 0.007691953953901052 0.021703898590359167 -4.103268341903393 -1.6543677883514882 0.019565277249139583 0.024067662131601986 0.2586216930351162 -0.5639061243473622 0.0011354829950176205 -0.014117958275615402 0.847032190318628 -1.1730859031301237 -0.00571814242196764 -0.00558936092749316 1.675469406827398 2.2403869443625704 0.007060598773367115 -0.025736765226047585 2.5320743974816047 2.2125488882320274 -0.009286450539971788 -0.019988536656452043
2.86784365235268 3.11362203075288 3.326067162312018 1 -3.7106186476494 -0.8721812589916569 0.005229647250635895 0.016024867877480475 -4.061029842996713 -1.5710213192205515 0.005725876544063726 0.016769203126044054 0.24726209904399088 -0.6234892482061692 0.0036515384008754172 -0.016900749772903036 0.8335982150714996 -1.2523247130603745 -0.00941629412800621 -0.014637686849989735 1.6743417502275788 2.1381364912789187 0.00751647334855525 -0.019677890085973815 2.5386518187203064 2.0732248618553983 -0.008141417867931135 -0.03238880751262535
2.836370731322149 3.140248110915857 3.2801550225500398 1 -3.6951597969532086 -0.7890821912730418 0.0021410665825429198 0.011719670091018179 -4.052748768845554 -1.522440981248172 0.004151987361099755 0.0050253138826227076 0.24180902917471503 -0.7025497722496787 0.000502191586081056 -0.021409774219386123 0.8022624121080142 -1.363090154929485 -0.009760658014149052 -0.018476498040646404 1.6795861025694139 2.015613860837731 0.008516116124135806 -0.030914229123678152 2.5473613921158575 1.9261860999549252 -0.006507339252312668 -0.02382223479650305
2.8008276339997247 3.117387315780183 3.221278607339076 1 -3.7042140563753154 -0.7423311637087282 0.0026024066059236826 0.007881800849583911 -4.044699405792077 -1.5112218071881425 0.0013584559659879578 -0.005618057031429709 0.2219133870027168 -0.8070806227062401 0.0003760051327985712 -0.023887031714905332 0.7725291772506191 -1.4827197065500166 -0.008603935295186388 -0.020442178565724053 1.6929391912074694 1.865643654162016 0.009963607035596816 -0.027532912964121498 2.5600477811391817 1.80308126182124 -0.006809217423877939 -0.027529317344016643
2.7861905936057614 3.091893602977946 3.157229807959096 1 -3.7083593172077083 -0.7378470258114549 0.007357379355790708 0.000328263421942452 -4.052439974856969 -1.5155144513699133 -0.0019597325807962362 -0.008193177934934825 0.22323781724978975 -0.9096932078696204 0.005854704980887849 -0.021470250494037557 0.7416191312726328 -1.6135137128704145 -0.00792337134205554 -0.02200784861437022 1.7069703626912514 1.747909469733266 0.00993134971459457 -0.022860808375186243 2.568700901176177 1.6469136593041407 -0.008893970771731773 -0.029552489552744015
2.637157528835664 3.006320919057861 3.1784837544805833 -1 -3.726970777476609 -0.6925355568393261 -0.005864394902081732 0.00431346295291222 -3.954805075241584 -1.582555315821129 0.05539165147514249 -0.004846251107850429 0.34129204878774466 -0.7878151944694032 0.02866554833955905 0.02657638170038127 0.41610630417283634 -1.793337958450496 -0.08931891045494765 -0.001961428448161873 1.5736997590951516 1.6146109167125693 -0.026265136674963836 -0.04625832514347678 2.4843838204039788 1.4860992496879266 -0.05022341647371423 -0.03690218217384256
2.5711608730448874 3.0496300481429772 3.2252023372625525 -1 -3.723660425634765 -0.5391068856153904 -0.008318885682126591 0.012507737713804203 -3.7751016706023632 -1.558428149826419 0.022344991278063837 0.048591739091914006 0.259575537382319 -0.6485713747219903 -0.034737220368939836 0.01588833682933945 0.10076277254820631 -1.7454086619914932 -0.041160885204004224 0.036049511060225664 1.3664823784776514 1.3401112445682961 -0.023119224362665176 -0.07467284663031608 2.4034922938666767 1.1913147984382544 -0.019164278808223495 -0.09104355925093877
2.6346345635649504 3.0340943425700893 3.1388780030985433 1 -3.7642075039667273 -0.358419588381796 -0.012591838345255792 0.018175731133399743 -3.8323429488002043 -1.3672216571109392 -0.019211265304912732 0.05263767819446557 -0.07451789782100526 -0.5818984415069794 -0.04835820159104149 0.026065171179317996 -0.03932950166384597 -1.6523307313023428 -0.017797856473970673 0.007567057152104949 1.3320768504206324 1.0740548779593633 -0.0026666786253321186 -0.08246113273236035 2.3667813708951657 0.7651641900253656 -0.012891052960705546 -0.11244819827521488
2.439671829941741 2.8603625356551463 3.0774007615104013 1 -3.8152088579856067 -0.13783771149379254 -0.01156462231461043 0.052220115798540356 -3.953895690194393 -1.229989049003232 -0.013582147034784043 0.01606281755790172 -0.3158735571862774 -0.486046632390825 -0.01061530588722334 0.02215291376158171 -0.2647669159865176 -1.5805252014371909 -0.05371570527734291 0.023217558850138105 1.3366487075415021 0.7811753459176662 -0.012508795700262684 -0.08847618495038012 2.3503887574560345 0.34636858216735344 -0.015229219233780681 -0.08927271996449898
2.3237502416138867 2.7496815120488365 2.9932680130165537 1 -3.9262909538185085 0.08075911948444214 -0.029484646438560202 0.04487418036783933 -3.9510720805985926 -1.1303805138339182 0.013531663652433804 0.01736667716345134 -0.4115202880374804 -0.3958218966252409 0.00520999414595527 0.006366153294624074 -0.637773566985393 -1.4801797223998112 -0.055889728578910114 0.019850147679747056 1.3288480879460787 0.5312916686717379 -0.00971866750028408 -0.06860735703050357 2.2964462296381978 0.025834193331811806 -0.027171092731715772 -0.07239184928329118
2.3861641397037383 2.7432420714194716 2.8937406853726957 1 -4.076408809100734 0.26429858120744587 -0.009835176665969048 0.03059020266188106 -3.903018762987327 -0.9855740026975647 0.010476160616655766 0.04491822029357669 -0.4611196657308634 -0.39696903842505327 -0.012595243819636627 0.0013426033797977561 -0.9186663786421803 -1.4285366489544793 -0.04577462352617588 -0.007059937325819595 1.3052091501499978 0.33062169465030045 -0.021112950787486547 -0.06895797923082597 2.2134722390390733 -0.226436933025428 -0.030995782376287345 -0.06016734047378241
2.319503255835596 2.6803072610545553 2.8084645544789844 1 -4.203671998301585 0.4027807814516764 -0.03238032556176564 0.02118088676175602 -3.891298120083899 -0.7999854809971951 -0.008783069326298503 0.028802552454933256 -0.541577129094589 -0.4391963316656792 -0.039523449791920434 -0.0023980297824897218 -1.0383394450112111 -1.4521565438194481 -0.026229402904554406 0.0024915054092333007 1.2840363193129747 0.13039112176311618 -0.017083885646235815 -0.06868646792403985 2.1584531939122913 -0.4493125045112114 -0.022437048579593395 -0.05845214849981055
2.1929720598827633 2.5662177347971555 2.7134403436438466 1 -4.298132325073011 0.46761076623611153 -0.0012489561569568979 0.007392869892233243 -3.8756970329330334 -0.6424973905679816 0.02618429359664279 0.0379323479109267 -0.5706605125240616 -0.45984693110779984 0.014392304318096278 0.0036531334422940636 -1.1065293533869989 -1.433512224260002 -0.018472873254859076 0.003535213379815329 1.2728651276525875 -0.05239550996524034 -0.01479978503321281 -0.058911851237233664 2.1389900346980193 -0.6626928392254922 -0.0188309519841686 -0.054550719392804384
2.0325481568620134 2.318837123734098 2.6650887284756926 1 -4.365029234255314 0.48646973178593456 -0.011418065825211566 0.0025531292525005785 -3.857131255146219 -0.5293968448430029 0.007549777382996696 0.018558561945473243 -0.6321621516512632 -0.36986675688518755 -0.009561380476113896 0.028193926840832488 -1.0389681382198277 -1.4365815102383 0.013197141640261301 -0.01153060695048726 1.2722708970663739 -0.15571426461535653 -0.02412727217473503 -0.03597438112808331 2.078395411385011 -0.8871077558689636 -0.04018980825436819 -0.06181087227312074
1.5897062236386952 1.8819958633968576 2.7260602044759747 1 -4.4052739910559495 0.4952545780878421 -0.004529771300990751 0.0036697923759774764 -3.8479917097274803 -0.4565997779888272 0.004906284272374728 0.013222044360027455 -0.6762287396769509 -0.28672808212844814 -0.02243107730003618 0.017610143092082642 -1.0216736776045026 -1.4125031638689851 -0.027727412054329763 0.014573263239739159 1.217604777498094 -0.1583747271957454 0.006700709995298779 0.02469224175630044 1.9346999924487038 -1.0776984713853532 -0.01883066176156144 -0.004745735643549142
1.2614617683563054 1.464725825061902 2.756209071219395 1 -4.441035785727534 0.5251577887280976 -0.017090023503023348 0.01024160393105153 -3.8743662731492776 -0.43011326993873156 -0.021374650368870506 -0.008547807691062212 -0.7028273983191382 -0.2268241794115361 -0.0195823017008984 0.005714811553236016 -1.1201890785049766 -1.3333800746157969 -0.018359654367044814 0.030072820256275758 1.1347964781445627 -0.08130778833530483 -0.012986632469010863 0.012323258410664912 1.8117379837821046 -1.0494141340393093 -0.032351873177282 0.016853348527249214
1.0952295586793936 1.221065044330267 2.481905358866904 1 -4.471426135375048 0.6055190183469521 0.006389629386370589 0.018869787262194238 -3.945319556246136 -0.43441349930699713 -0.003292892878800621 0.008783768942152569 -0.7769072053860198 -0.15423015426435938 -0.03221729574590207 0.01991735310755126 -1.223784039125014 -1.2623047315550782 -0.02744619932784967 0.013497175622844576 1.1688283062642233 0.033592742642758466 0.031616491974126255 0.020211524607820074 1.7405746392571277 -0.9884283422540932 -0.009153190411558678 0.017184610231500516
0.9930355044453821 1.0575826554677774 2.234421278110148 1 -4.509125290853939 0.6583958851606035 -0.00831943269202059 0.005504081361790992 -3.9865766869155053 -0.4182994027502386 0.008354569911112728 0.01016973972300517 -0.8611986744448386 -0.09135258746611297 -0.02350031096294225 0.01606173175184794 -1.2361224335481196 -1.2245607478044502 -0.0020852512660604686 0.008920077317098915 1.2859240046712186 0.11091081595317664 -0.008774248991922931 0.013484889221668864 1.667985892712312 -0.9510306377959223 -0.03434469869451447 -0.010125358641292988
0.8419992296622545 0.8361084058625325 1.9976208740155506 1 -4.573817068041705 0.640150513153932 -0.018302238145374128 0.0009066390450930533 -3.970902837895852 -0.3780839074196155 -0.00024918384650087985 -0.0008451363202951147 -0.8965342050369767 -0.015908104506844878 -0.021356892393727452 0.022912620593727905 -1.1733551333738395 -1.1614091645774738 -0.0007805036450091547 0.0231102503837787 1.421679373771119 0.1955678167133268 0.01718655146690324 0.02975833066514003 1.6532037278350993 -0.8964026397683447 -0.00025899691669203397 0.0014332092144665708
0.658899654184711 0.5928497663808463 1.785186381911901 1 -4.610621381748751 0.6213427618679743 0.005676395040577957 0.00038997667190534635 -3.956352726174919 -0.34933075470775 0.015533560912766867 0.016005648399828487 -0.8605903630181979 0.10529671106506489 0.02985101248250398 0.024692406117173885 -1.0838114222678237 -1.028792472456398 0.03366772623055396 0.03266355038662434 1.5771256499643416 0.29671788963883294 0.025327752817568584 0.015416806623459064 1.6929716481604133 -0.8141136776441639 0.001481411492568023 0.02127701724640676
0.5248646947011103 0.402758960694465 1.6319422390423968 1 -4.600061026582039 0.6197961566503298 0.0030736809118597497 -0.0009873100143470565 -3.9574544818579716 -0.3439917674332421 -0.008240276649032506 -0.006243709958397337 -0.7926671245383363 0.2782805023381052 0.018255585062117732 0.02411650820890008 -0.9893540928696791 -0.8445216716810325 0.0275755759384051 0.053160366333427786 1.7587313151904702 0.3864182279495443 0.025313396347882246 0.025512220775247348 1.7569571778395243 -0.7271724114614495 -0.00035956571332814227 0.007210261637279114
0.4242022694193423 0.2539993580310005 1.517288022785824 1 -4.5640722229164865 0.6056843923791508 0.017621178907510235 -0.0037428185869577864 -3.9425882844706273 -0.35591259757161287 0.02450274736268993 0.008383574893482643 -0.7126283104426676 0.47082853084005705 0.03898890782991328 0.032002840271897724 -0.8829065394721147 -0.6514228353513556 0.044028336272623536 0.038492583221615154 1.9566776483491575 0.435569946871315 0.04845791329777823 0.00723273330620916 1.8176862954462951 -0.6611417941136986 0.02290890367900248 0.005992624058900303
0.3105880113943104 0.08735199688242337 1.4194643322417555 1 -4.536702233115836 0.5474977179590217 -0.002079087659719132 -0.01810539041373413 -3.886278731545244 -0.38791219257312093 0.00436974503543957 -0.016714839824381735 -0.6335845389960229 0.6595521781134592 0.008751411818091508 0.036348549089104544 -0.7681221086199375 -0.4549834907046063 0.01716859454814199 0.04256055759531704 2.1441540972145567 0.4416934104097676 0.026695486751258914 -0.014132880616488354 1.8847642214510634 -0.6198633102529725 0.009969536928583683 0.020107698692826484
0.21607787279617588 0.04520357262081971 1.304278662347168 -1 -4.491652359262872 0.47577878011874386 0.004521292461479035 -0.01456278487770878 -3.8147390745911656 -0.4442449593298472 0.002815354679710072 -0.023389001779522727 -0.5471590249116947 0.846683893676311 -0.009348433876622313 0.0466602478852425 -0.6483175116406428 -0.2556110011391338 -0.004758357907083899 0.03513827063264801 2.2968480995369474 0.4426440140010204 0.03815850484010634 0.005226616166555977 1.9449520673170664 -0.585373256432421 0.016264088477496146 -0.002306558616409683
0.1385872234166421 0.14560866695638205 1.114682429736959 -1 -4.400391320542271 0.4213587186755827 0.014246363406444503 -0.00545623471262636 -3.7765293873926247 -0.5131513033955889 0.0037223599478592977 -0.02000223208670096 -0.46034607221641366 1.024566877273057 0.018774652703643084 0.026032578664177637 -0.5397375017005182 -0.06359998818027546 0.022810649201321302 0.042146997837584674 2.433853475034226 0.4306153448701038 0.003444319988974596 0.009782098566378872 1.9810569351548688 -0.5493013659185794 -0.023391240123633708 0.017662733112416024
0.016220920559841052 0.30869450101448226 0.7132541366185341 -1 -4.33058303908215 0.46065734330791885 -0.005833888797227384 0.01003730003356017 -3.847297671130449 -0.491583537545932 -0.02694662112761819 0.014587621616970994 -0.37152105265168345 1.2110512763043402 0.021659926363342692 0.05365829880874627 -0.44723625030506575 0.14380908969498285 0.024147772216826322 0.03200792686204243 2.6070083619113706 0.42778297967245416 0.06832752326632216 -0.021626179019826434 2.1521824291555536 -0.45640161783500044 0.08335556386358194 0.011710246234086116
0.004313351113592097 0.4081671145408967 0.2300827710920131 -1 -4.425676445216267 0.4965746798448534 -0.022780306494561173 0.002351468069672553 -3.8462984731322845 -0.32935075222723564 0.01748232130466936 0.05261965980976334 -0.24922669371204176 1.3745945998746305 0.046093168278720495 0.025376582178417418 -0.28465932437416086 0.3843506875255345 0.054313249124020774 0.048473540034594934 2.9925263072041055 0.321422419523264 0.08531331374396434 -0.04512483223305096 2.464601332238761 -0.41425109027082463 0.0708759243531088 0.001783490687987433
0.009931511403773572 0.5608308669807631 0.07372883312461971 -1 -4.538892706202654 0.524469596351727 0.007714571713414546 -0.001582055470974529 -3.866762477589198 -0.14515604640825597 -0.022787820378415424 0.03885022872052282 -0.0003780437208869003 1.5056531782938616 0.06037738820256735 0.03203512903968049 -0.057940025979860366 0.5935807881660826 0.044464917309189236 0.027031574288820047 3.372338605149496 0.17270476443438731 0.051763810049454094 -0.04550946622737593 2.742613645695001 -0.4573167003974853 0.07307061382042333 -0.012849943568958671
0.004725373472214173 0.6934151007724132 0.2893502717183062 -1 -4.499605231087527 0.5800250532566054 0.03192948158150772 -0.010953919235361606 -3.919967234652589 -0.05886566881820343 -0.00397359374036856 0.02646175010332464 0.29863653914001276 1.5841642521743315 0.048733290567269855 -0.027798258343116652 0.16710297442230537 0.7249375402553047 0.04581859173287228 0.04790857877567418 3.6154263671228506 0.06727475735136745 0.0067102536237177435 -0.05173846525903451 2.964777609706366 -0.5431858148224274 0.056406380665610475 0.013098630958744941
10.890537 1.746892 8.187832 2.9069214 5.841774 8.602647 0.8330655 1.2155354 5.3372135 3.2679462 9.294773 -0.06045413 2.6361494 1.8544736 1.8505787 7.015081
10.930637 1.9776859 8.099928 2.953716 5.930176 8.865265 0.94106674 1.5030065 5.474391 3.2823536 9.172049 -0.052782536 2.6509912 1.885976 1.8973484 7.046046
11.03023 2.063239 8.052997 3.038651 5.688839 8.882502 1.5790431 2.4460163 5.5457993 3.3233418 9.117703 -0.11981487 2.6270108 1.9710691 1.9275247 6.9400187
11.043057 1.8091669 8.21877 3.177571 5.637312 8.990015 1.7595332 3.294785 5.784834 3.3248923 8.766136 -0.02783823 2.445382 2.0383627 2.0274825 6.9765525
10.959025 1.4128525 8.344788 3.32591 5.629968 8.835911 1.4850086 4.1871786 6.1411595 3.277957 8.308331 -0.006830454 2.1251354 2.077858 2.1302118 6.825894
10.556898 0.31511974 8.588588 3.7706547 5.8123865 7.7213993 -0.4051643 6.423499 7.3693047 3.009377 6.8493476 -0.026437044 0.8334899 2.1014283 2.4323964 5.961934
10.526878 0.2969966 8.606401 3.8133965 5.8561954 7.6844645 -0.4606586 6.554985 7.4253325 2.9982038 6.738978 0.023925066 0.7247412 2.105925 2.4621701 5.932043
10.967451 1.8169694 8.874263 4.2680573 6.6727576 7.155535 0.08812469 7.3607807 6.568918 2.878456 6.313079 1.1032239 -0.42935055 2.0925646 2.7048595 5.636759
11.086498 2.1668777 8.984859 4.305219 6.7446632 6.9854503 0.12950462 7.4017925 6.3468685 2.8696995 6.419992 1.2409518 -0.49983454 2.0695722 2.715035 5.6050024
11.774256 2.8436017 9.218923 3.8035045 6.125468 7.304439 1.3397326 5.7770596 5.0460577 3.113931 7.9305534 0.99949086 0.9638575 1.99052 2.3313642 6.233835
11.171694 2.2665243 9.107434 4.1726336 6.534338 6.7397413 -0.05843413 7.185934 6.1435995 2.8994274 6.861044 1.0282938 -0.15265715 2.0165534 2.6078637 5.5856123
10.812592 1.8638031 8.897902 4.2570977 6.6510677 7.1714263 0.06504077 7.2836494 6.630906 2.8943071 6.52891 1.0814874 -0.3691758 2.081328 2.7063172 5.687786
10.473932 1.0991316 8.753935 4.130706 6.361543 7.485418 -0.060742617 7.026934 7.164236 2.933854 6.6900754 0.71845233 -0.054269314 2.106993 2.661377 5.8384943
10.76581 0.48756218 8.8207 3.770418 5.276586 9.108706 3.1691823 5.859062 6.650446 3.3148017 8.132949 0.6821642 1.4779308 2.2835863 2.4473462 7.3104563
11.157622 0.7302089 8.947864 3.5181208 4.8083143 9.206992 3.839955 5.1486425 6.0836773 3.4458344 8.904731 0.5240562 2.2746723 2.2570977 2.2518876 7.644664
10.801481 -0.38325596 7.697406 3.5229654 3.8590727 9.111682 5.4674425 4.390567 6.483631 3.4469223 8.867764 1.0238979 2.2750304 2.342434 2.2469463 7.759401
9.45969 -0.6019316 3.8193207 3.1713543 2.2578504 8.618753 6.6952853 2.2320795 6.8628473 3.4112802 9.271706 1.4367058 3.2183914 2.2655714 1.9776124 7.160722
10.675304 1.6911693 2.9284387 3.3326325 2.103587 6.7185435 5.665185 1.1645677 4.543372 3.1760335 8.850052 2.138542 2.5395558 2.0422797 1.9044927 5.7866464
11.252938 2.651335 3.1100824 3.3841376 2.1088107 6.148281 5.302077 1.3411437 3.7703202 3.1095011 7.8938274 2.176281 2.4026847 1.9649811 1.8989712 5.2182198
11.538296 2.1937733 3.1720824 3.294267 1.6824417 6.1395173 4.801427 1.4002389 3.899069 3.101102 6.5969925 1.7831401 2.66059 1.965451 1.8612415 4.956449
11.354424 1.8307836 3.2035913 3.271337 1.7836909 6.1954308 5.1189246 1.3332646 4.1115026 3.1735525 7.095564 1.9927276 2.7595854 2.0246575 1.8228288 5.5128593
11.539429 2.4860425 3.3276672 3.2731965 1.669033 6.0147 4.810425 1.6729435 3.8022966 3.1152008 6.2580657 1.7018524 2.797937 1.9518436 1.8419552 4.8874207
11.259389 1.6615267 3.2408252 3.2391005 1.7709522 6.191817 5.1506343 1.3410366 4.20506 3.2058666 7.20545 2.0019052 2.8697212 2.0426903 1.7926269 5.7027893
11.109955 1.3984637 3.1993778 3.2297597 1.8224611 6.269017 5.2814307 1.2117808 4.351344 3.235693 7.605043 2.1082234 2.8822827 2.071416 1.7793674 5.979506
11.109064 1.5493419 3.2151842 3.2520711 1.8748982 6.226629 5.3397803 1.2358105 4.268875 3.230295 7.5723443 2.1676319 2.825297 2.0671384 1.789743 5.951604
10.99683 1.3593304 3.1813338 3.229971 1.837884 6.3065267 5.316969 1.1816278 4.394171 3.2398329 7.704879 2.119885 2.8760116 2.074767 1.7818948 6.0169992
10.848082 1.1693022 3.135748 3.2127984 1.8695109 6.428562 5.383705 1.089516 4.5301576 3.2530618 8.051544 2.1324017 2.8940601 2.0832865 1.7764553 6.1402965
10.776671 1.2679646 3.1170042 3.2085423 1.928787 6.525605 5.4002476 1.0874156 4.517979 3.2366035 8.261315 2.0886464 2.8600926 2.057415 1.7876369 6.0143356
10.671508 1.2977731 3.0603185 3.1397195 1.9476559 6.832675 5.219879 1.0241629 4.587941 3.1921856 8.659215 1.7965077 2.8995981 1.9806416 1.7909911 5.615302
10.832496 1.8591087 3.074269 3.0708838 2.1261475 6.939434 4.73955 1.0871139 4.0867624 3.081963 9.448439 1.4654844 2.806442 1.8046192 1.7760224 4.7286158
10.732467 2.318857 3.0726662 3.1102471 2.2394695 6.791878 4.64567 1.2535717 3.805002 3.0460718 9.829636 1.4481816 2.6991262 1.7588751 1.7932719 4.482797
10.182093 3.8695893 3.0895212 3.2521968 2.6661887 6.347558 4.393176 1.9364089 2.9487686 2.9264748 10.873856 1.3136148 2.3420005 1.610417 1.8742803 3.6421185
10.374432 3.2553194 3.0586843 3.1885335 2.4385238 6.5017486 4.4429035 1.6217419 3.3364215 2.977568 10.417794 1.3358405 2.5254269 1.6730914 1.8380313 3.9877996
6.176657 6.154968 5.3816357 3.3223429 2.864375 5.924335 3.4193325 2.8381228 2.1790004 2.9138334 12.562958 1.203672 2.1591938 1.4625291 1.9421968 3.514545
1.457484 6.9493427 4.8592606 3.3120852 1.8983402 5.914179 4.5048876 2.4921327 2.6791477 2.9469962 12.851536 1.6136637 2.4012163 1.4885367 1.9956074 3.6430383
2.7805955 6.8288774 4.500089 3.2843444 2.025179 5.8239746 4.3778853 2.5039515 2.6018627 2.9328938 12.812265 1.462262 2.4824207 1.4690111 1.957232 3.4796262
1.4225621 7.801724 4.991111 3.2560163 1.7937651 5.414969 4.1792126 2.691557 2.2964683 2.9495769 12.915819 1.5166032 2.660924 1.4237142 1.9203888 3.434678
1.1591 7.9083414 5.068351 3.2605226 1.7547579 5.388681 4.2039304 2.748511 2.2755694 2.9544404 12.924446 1.5438097 2.6722422 1.4248455 1.9224893 3.4521732
1.5255761 8.104902 5.0975966 3.2706518 1.7957573 5.27013 4.216317 3.0523493 2.1229353 2.9657502 12.949455 1.5522887 2.7394886 1.4265318 1.904902 3.4433231
3.2876425 7.1822805 4.5269985 3.311736 2.110026 5.677274 4.4758663 2.939876 2.4290094 2.9624407 12.919615 1.5356243 2.5855255 1.4862055 1.9370772 3.5652022
2.6579864 7.571926 4.683378 3.325791 2.1511056 5.667598 4.4956756 3.1136553 2.336083 2.984738 12.955456 1.6569537 2.6195993 1.4930308 1.938448 3.6716695
1.2972996 8.98263 5.1887197 3.2822342 2.1139655 5.288311 4.028583 3.5511138 1.817076 3.0002527 12.826014 1.6493859 2.8710122 1.4194916 1.8855288 3.4960103
0.037629128 10.559498 5.543275 3.2187598 2.2168658 5.114213 3.4627728 3.7827876 1.42988 3.0067 12.444843 1.5562186 3.1348686 1.3290118 1.846815 3.2469745
-1.4050498 12.037409 5.4064064 3.200842 2.768064 6.011406 3.190196 3.7763562 1.6319921 3.015665 11.419789 1.5133544 3.2062855 1.290076 1.9224906 3.1782637
-1.268086 12.535394 4.8850517 3.213914 3.3950338 7.035144 3.0289578 3.7348018 1.9499499 3.0091522 10.299568 1.4292749 3.141883 1.2984345 2.0044699 3.1388745
-2.5515304 13.703569 6.036382 3.2546113 2.9589705 6.8827834 3.0642774 3.9636765 1.3505956 2.9470215 4.9355555 2.092445 2.6199925 1.3959097 2.0058794 3.9820218
-2.7542768 13.721999 5.9980125 3.2253509 2.939974 7.0550966 2.961269 3.915194 1.3180684 2.9057279 4.9218974 2.1171288 2.4601116 1.3905171 1.984871 4.2325187
-3.640842 14.234474 4.979124 3.3303475 4.4365506 9.659703 2.143663 4.2261634 1.9000876 2.9495544 3.9895847 1.9021207 2.3567073 1.4134959 2.2072387 3.8820324
-3.078877 13.991629 5.181483 3.3638976 4.6036515 10.060421 1.6310332 4.638261 1.580753 2.9533978 3.0820956 1.7644899 2.2783692 1.3902016 2.212507 3.6108212
-4.2020783 13.266175 3.6228826 2.8905444 4.134288 11.508739 2.117518 3.284078 1.32402 2.6955616 1.3703337 1.4376149 1.8839638 1.0285844 1.9453893 3.2406187
-3.5931 11.990206 3.2460792 2.5273356 3.0886698 11.649229 1.1943948 2.4606066 0.06750071 2.4289787 -1.6776137 1.4427307 1.199521 0.8296783 1.5643812 3.692204
-3.6853685 11.706947 3.2086954 2.4578378 2.6307068 11.959135 1.2633387 2.8105178 -0.12242961 2.3474107 -1.8552089 1.3874576 0.97850126 0.8002336 1.4903088 4.0009685
-3.702218 6.2669535 2.881518 2.0497665 1.0500951 13.893315 1.2560568 3.8483794 1.5171098 2.451889 -4.0951686 0.15344274 1.8395898 0.98706377 1.3222908 4.4212327
-3.6582718 4.752861 2.8032155 1.9175264 1.2717228 13.471893 0.88927305 2.476547 2.8289866 2.6391468 -4.052083 0.009705067 2.4838119 1.1770804 1.3741702 4.824488
-0.87213993 0.26063395 2.7891285 1.8117666 -0.20439959 13.189493 3.9685335 4.6740313 2.2664905 2.8853745 -1.3888884 0.890257 2.4547648 1.3314531 1.5653429 4.284281
-0.6869507 -0.19402456 2.98076 1.7844936 -0.060110092 13.5666 4.1093273 5.061413 2.0577824 2.8598418 -0.50094795 0.9341804 2.3311577 1.2977406 1.5466025 4.165961
-1.7347736 0.7038908 2.6334984 1.8062654 -0.10825443 13.157385 3.6894674 4.2610855 2.6028433 2.8611171 -0.8389034 0.73758006 2.4350657 1.325409 1.5770727 4.5576706
-1.6777 0.57072306 2.8362699 1.8463076 0.0033044815 12.917197 3.6864374 4.3559346 2.540864 2.8693442 -0.97733307 0.9000745 2.3404405 1.3840221 1.592143 4.786539
-0.86404514 -0.14607 2.9037044 1.7301357 -0.020496845 13.48097 4.1935024 4.9478493 2.1811233 2.829624 0.06099415 0.9431257 2.2441607 1.311654 1.5239663 4.55429
-3.0327277 3.5367694 1.8079085 1.1934924 1.0684075 14.176144 1.8915468 0.9385152 3.2070496 2.4594607 1.2710891 0.0046212673 2.1632366 0.9784962 1.0769364 6.1128383
0.022325993 0.5028858 1.7851782 0.9085096 1.4935393 13.188692 5.1301484 0.082127094 3.31676 2.744707 6.0039754 1.7463564 2.0406418 1.2447833 1.1236708 7.605797
-1.8824372 2.44662 1.3313355 0.8820902 2.9239874 13.991083 5.6573477 0.8669145 4.107802 2.5295794 7.8915186 1.702961 1.5195463 1.3894342 0.889508 10.359143
-2.942984 0.46054697 2.4315953 0.79154646 2.9829607 13.096676 7.6489058 -0.1912396 3.7062216 2.456646 9.596112 2.3495684 0.25188106 1.4956995 1.0557406 12.434851
-2.9411612 -0.33988 2.4827158 0.6293675 1.9256079 13.72523 8.738107 0.27517676 2.0824223 2.3011498 9.648667 1.8636063 -0.7221908 1.4293584 1.0825614 13.709054
-1.8271561 -1.1252055 2.0969486 0.6316196 1.5053992 12.669691 9.20485 -0.5282881 1.5336972 2.5334883 10.764168 2.1411526 -0.6979559 1.6566135 1.278121 14.651354
0.28170204 3.6301208 3.0573633 1.1228821 1.3517771 8.140148 9.521187 0.5656383 -2.254753 2.1832683 11.251562 3.38044 -0.17068726 1.513963 1.419195 14.807034
0.79222274 1.4520109 1.3698527 1.016822 0.40123987 4.7276554 3.42604 -0.2312634 -0.8030678 1.7657508 12.878807 2.961216 0.6618703 1.4530708 1.3343742 14.206255
1.0486271 1.3123379 2.0099041 1.1296908 0.4290161 3.9120173 2.2173066 0.012081385 -0.4681028 1.6952214 13.341963 2.8274775 0.3243755 1.4366648 1.3955948 14.015533
1.5499287 1.3196199 7.905163 1.8122498 0.43724012 7.9380484 11.457364 3.0333018 -0.124457955 2.2250702 13.797781 5.1294947 -0.8746655 1.6413728 1.5367789 13.547044
0
0
0
0
0
0
0
0
0
0
0
0
0
0
0
0
0
0
0
0
0
0
0
0
0
0
0
0
0
0
0
0
10
10
10
10
10
10
10
10
10
10
10
10
1
1
1
1
1
1
1
1
5
5
5
5
5
5
5
5
5
5
5
5
15
15
15
15
10
