78
1.9602504107749352 2.008693047419195 7.030113797087498 1 -4.49 0.4099999999999999 0.0 0.0 -3.79 -0.30000000000000004 0.0 0.0 -1.6400000000000001 3.2199999999999998 0.0 0.0 -0.94 2.51 0.0 0.0 0.5 5.32 0.0 0.0 1.2000000000000002 4.61 0.0 0.0
1.8775442965893852 2.1071563361080616 7.010881932216633 1 -4.4391365660416495 0.4646128511847487 0.028236552753860295 0.024467698279805584 -3.795312301032502 -0.33612779862144315 0.006215879256629263 -0.013554736970565733 -1.649226448337374 3.2165427574553798 -0.0026365900497200296 -0.006305380224439193 -0.9418048835881483 2.4986407413985416 -0.004602785984161093 -0.002541207460181258 0.4498121401380839 5.209109190939179 -0.02049140905932871 -0.04930086793738529 1.2124499902736616 4.479963476809216 -0.001055110593761224 -0.04681528433876772
1.9830112102732211 2.3293034961023844 6.903114853100528 1 -4.302156006841015 0.49174210463939816 0.02149785763910072 -0.0229444693478063 -3.774788798757485 -0.42124634657809823 -0.008096970388240615 -0.008607088321566552 -1.7192678382008535 3.1797229490043044 -0.020659456333550794 -0.013290899247239536 -0.9654647167068484 2.4209802106422256 -0.01101523624110387 -0.02626762768570934 0.32366834031536573 4.892370785878 -0.014560689192331066 -0.0679950698632041 1.1891483401770557 4.122261660339745 -0.008066717660994408 -0.0856371890067064
2.1728142553364247 2.4818987985411223 6.601397810811861 1 -4.27913315201182 0.39049534170257516 -0.011707829890586231 -0.03051544945336362 -3.740287957932904 -0.4793405190455965 -0.003093586204022402 -0.00415850745462143 -1.841036486370855 3.085384869420813 -0.00612132317494507 -0.016692093825227242 -1.0632146015238972 2.228437824163997 -0.016978766526502268 -0.028623118407541483 0.28207145109977017 4.50471079482519 -0.01626271091013478 -0.09054221677354211 1.0870593111478017 3.650689242116284 -0.03545074810966477 -0.10463732991888039
2.136755864749888 2.4346347104059953 6.281754332293646 1 -4.373415984246767 0.3014142246963445 -0.023512700646655123 -0.009219184546946537 -3.6944900698145795 -0.5438635499804534 0.013596957708966574 -0.025220820367340527 -1.9665591526001087 2.921044523564503 -0.008840664452131566 -0.02535460619271196 -1.2409502569130706 1.9807029941780456 -0.018762534440816856 -0.03404368093166987 0.23730721813436073 4.097612641336722 -0.043250540886742114 -0.10311348323831929 0.9870829227477058 3.2076723302872265 -0.034731144810284525 -0.1087537519835697
2.0089984753532364 2.315682361869624 6.027874473569804 1 -4.427878071824887 0.2567276198842483 0.01202065431257904 0.0020000854142532797 -3.6671641572946667 -0.6912454356052471 0.007816078939917571 -0.030538705848265225 -2.111335285640013 2.713808279391839 -0.040705260071311575 -0.05577073038175814 -1.4205878557474447 1.742921082362959 -0.050256031470063176 -0.053649691647238464 0.17345190207166716 3.7323231460480963 0.002502101669362295 -0.04477043971315756 0.922800856002219 2.8516921742105605 0.00020858561575673213 -0.04980782143931951
1.9481922138936982 2.243950422394355 5.85919034796904 1 -4.394269087373077 0.20427284993718087 0.010932096828460913 -0.016555336823442797 -3.6693115324976935 -0.8952263918932333 -0.004679269339040728 -0.04328321120609112 -2.2187196246703755 2.5342860557458593 0.002816784021913984 -0.0163179000362277 -1.5391682047605912 1.538219844822045 0.0020086408091096754 -0.026659285845760737 0.1300890216107824 3.4834021859025937 -0.016910558473786596 -0.05698798643408529 0.829014196838255 2.5666152418085844 -0.033408332411468046 -0.059214951905534975
1.8310324089374446 2.1092908704308493 5.674719638214824 1 -4.311696000533477 0.10668873664111667 -0.010432591583163262 -0.0384110871880045 -3.664694495311143 -1.058473051523766 -0.012525889134283515 -0.030819703723348017 -2.2251274568483366 2.4404659692482107 0.0030358874863392806 -0.0255814820828755 -1.573612812650456 1.3842736214829037 -0.008558279247604238 -0.01867490525315762 0.13853124290782404 3.2950287516747725 0.02257245481963816 -0.0404269122434967 0.7544653821338532 2.3240907132464077 -0.014627670000175636 -0.023671334602878482
1.7138172371809635 2.016529306871099 5.514734777809315 1 -4.238787698083803 -0.0020997609180952725 -0.006381425158438302 -0.03381692174455166 -3.6405731941942294 -1.14053157835 -0.015083910152572298 -0.017360048593282815 -2.159883664466599 2.383057937504963 0.03280101369166501 -0.007187481961136778 -1.5341003551994765 1.3089368320204517 0.03755372866064147 0.010509262188992091 0.18650538387322246 3.158929117605803 0.002284606406128889 -0.02986304013374425 0.7542349989673891 2.133930809385058 0.004994276305535582 -0.03371607976587483
1.7418290453917624 2.040192160585242 5.354214653043404 1 -4.171689477911136 -0.0719767626209028 -0.018951208875424348 -0.02443820572505008 -3.650513122183187 -1.1849903730534994 -0.02522881131878992 -0.01121922503400048 -2.0892922937715475 2.32807056153413 0.00098214656374812 -0.021441378816645106 -1.4489015703427466 1.2894373121068257 0.000561070246828518 -0.011332742607226278 0.3041651301977577 3.0714242131612144 0.059184173054201504 0.0016722861061274751 0.8798368476873879 2.0494851313182383 0.05700197043058272 0.008558627634692294
1.8727015513819718 2.137972538886996 5.23626588200824 1 -4.126692196865041 -0.09132445498189223 0.02279366301965076 0.005213764440402004 -3.694388168262279 -1.2123423571261684 -0.0009212297991851234 0.0030254292681917913 -1.9819558828592996 2.2956475241073515 0.03411835179384281 -0.0038215207083675384 -1.331139634312633 1.2854090844525974 0.029699663025394972 0.0044547594269903675 0.48894807167099597 3.034495765659539 0.06707271929664202 0.010993233651019996 1.0540924428872875 2.0312029565011986 0.054850928526905374 0.015432881618777688
1.8845023298011119 2.1932610010972327 5.198393339521902 1 -4.096415355110856 -0.07294278129395981 0.017766491988110245 0.0010861079790014296 -3.7346951652425493 -1.203574956325184 -0.0007195408165724883 0.020272887170970217 -1.8229864842550487 2.265995889949295 0.015098209141957525 -0.023879946866294192 -1.2092648089627893 1.2594633098536323 0.00016553574643538363 -0.02140718269912434 0.6743984032414927 3.036985805513062 0.0599249250775539 0.026592555808713107 1.2370840732311583 2.0565421853993846 0.06427006461271716 0.017493159905541567
1.9168874832709888 2.2531919815162103 5.146111818010222 1 -4.074606288594345 -0.027147183043387813 0.018038068259232584 0.002639047377233984 -3.7661521550298547 -1.1624728094119345 0.0009562062051484605 0.025421921667231475 -1.6484830990483519 2.2017916473501935 0.04657582500801766 -0.01218621511487334 -1.0437162510121367 1.2185732962917326 0.051446160075751986 -5.234112037982505e-05 0.8316377080006205 3.075282581510937 0.04320819439714432 0.021250778274788974 1.4234996019396275 2.125240858931614 0.0473619186512191 0.021057853804792404
1.9805467513387616 2.322414327973631 5.106316922982675 1 -4.056003028190202 0.0098961655120553 0.000791150327478115 0.0015695467829230402 -3.782931137327562 -1.1170206262264557 -0.004604223074594843 0.012070263848245857 -1.48024930040244 2.0876538416336894 0.046561206758440735 -0.03548497198810685 -0.8501326423146232 1.1490611296661228 0.036285705277605954 -0.004231900646762032 0.9743478633831719 3.129301455179043 0.005643551824740911 -0.0025918831659893595 1.5933291502380156 2.1983016910511792 0.017054070512233892 -0.0023777885648030433
1.9990992413360316 2.3533870827402046 5.072567152379296 1 -4.044007970699215 0.027185981341706578 -0.005917549904558804 0.0005919082229222132 -3.782222005074732 -1.080684870393659 -0.005727810644376521 0.005661201046510736 -1.2918548705840003 1.9628913370774175 0.05393215587523795 -0.015090643807640906 -0.65624924620393 1.0446916507539137 0.05183642054186287 -0.012611809963253597 1.0954882688099614 3.161813451739831 0.026630133497188995 -0.005344023485463298 1.7444912200662008 2.2588858729842882 0.021024771029806516 0.022358008464395306
1.9971658637507368 2.3633625696747242 5.044082587698663 1 -4.030874007558207 0.04601031098090114 0.01069795424347828 0.006771077557477186 -3.781047208835532 -1.0453199959132304 0.005640848655192279 0.008821974468931702 -1.1049475290393649 1.8419117729159824 0.04675320848500939 -0.01540024063931902 -0.49863122574957597 0.9130390122508854 0.04092546426597398 -0.01888671154930283 1.1843594952288372 3.1757490230947223 0.029990323062416977 -0.011756224484916762 1.8710682974516075 2.304821396395075 0.012902949636841458 0.032591565607783424
2.009642880099663 2.3640480935374932 5.013655913727912 1 -4.016659172829721 0.07446372788827782 0.015002597871373235 0.004070255623697611 -3.7843191456835386 -1.0067647551179868 0.007535180474499084 0.013419283429294642 -0.9531482922285237 1.7259935120518413 0.04498332633790997 -0.014489124133859738 -0.37239941670890175 0.7877849030128821 0.03814239317660099 -0.009717748282028526 1.243012966311273 3.167759388777359 -0.0021805274376267567 -0.003727389207952337 1.964389187114989 2.3252079056201995 0.015490227643222252 -0.014789572640783342
2.0070392728035635 2.3774781124606865 4.924342281996353 1 -4.00852126206372 0.09150137183984386 0.017244065867526644 0.0006886927928536392 -3.7851345814530446 -0.9784239519748553 0.012423439584566862 0.0093713615075132 -0.850763787498106 1.6151895376381251 0.0266513089055372 -0.02203835047402107 -0.2778769814320361 0.6799706097415648 0.018241931664482593 -0.009948258290070754 1.280445678591997 3.1159712203512546 -0.00879302343359568 -0.025079273562777796 2.0337824284013015 2.3058970496697913 0.004019092862988344 -0.021353121640141613
2.0394209898722795 2.4266649362184367 4.809489117463217 1 -4.00226141285134 0.08197604185012897 -0.00393763019527581 -0.008094913513664238 -3.78393705079843 -0.978444257216897 -0.006994302302327055 -0.0012781547619350178 -0.7831814522029492 1.52054562905884 0.01833112728341327 -0.01401242257611661 -0.218053972953971 0.5831776101171857 0.014230878494521298 -0.013968238859401797 1.3042216023877495 3.018384963623121 0.016179344411041005 -0.031293163304019 2.0952497799629546 2.247910438297628 0.0014565119475624666 -0.0017628777839177978
2.1265680016944026 2.5073909095891698 4.6981495226061725 1 -3.984082604447528 0.05140167992756739 -0.006960038091829664 -0.00586180316934927 -3.789229955266111 -1.0119456023545566 -0.011030284564960281 -0.014642386767038655 -0.7484366537046547 1.4338165087843482 0.010976729532954605 -0.024867152543787054 -0.20339104226445937 0.4841441049654569 -0.004820724347896968 -0.009081232530289793 1.3346916050566433 2.89960090489689 0.019473477366328484 -0.03385006875823346 2.144637949388242 2.151537208622007 -0.002338474946373209 -0.005915744591117359
2.2103600389013174 2.5925248901002726 4.589805735609878 1 -3.9613339329247723 0.011878443977730635 0.009423542972592286 -0.0062322861118095495 -3.807654060151891 -1.069213822983224 0.0010170446818382854 -0.013927978855181555 -0.7395696448213811 1.3505524639098283 -0.024423619426425278 -0.022617748294756258 -0.22149163753031686 0.38430091531768484 -0.022000549483326803 -0.036696187273483546 1.360297964430953 2.768101938679622 0.02389472801084449 -0.00707049582312195 2.181610322075972 2.032834621102501 0.02041333677051016 -0.0020169793645273756
2.297366133736528 2.663347675372331 4.486353848693557 1 -3.949760360249095 -0.032159333658212774 0.00691370080657672 -0.007640674909942899 -3.8296221855423913 -1.1334720789395665 0.0012801085830262422 -0.013783073073807205 -0.7507312969963751 1.2643115931850755 -0.018768512238584972 -0.028499836149876723 -0.24892102736050514 0.2884937837254211 -0.02179080655629111 -0.024771190172746323 1.3648980675306754 2.6234199797946083 0.011131060520538865 -0.009738412792624072 2.202832891866021 1.9142064042232532 0.015849949260241004 -0.01138687608229967
2.343903377663665 2.6950267243509516 4.396034943533988 1 -3.946104721017193 -0.07785368649207525 0.013169095367534998 -0.008147517180045753 -3.847500636035445 -1.1950998535502808 0.006097426154701147 -0.011505847108931981 -0.7672561827381124 1.1730226070390284 0.01033206645360061 -0.015905977084703943 -0.26806724381889957 0.1932008903061453 0.006538807744248046 -0.010690313837562276 1.3553590956796624 2.5014555779589944 -0.0009230773342430738 -0.0073631716727885245 2.202351009438436 1.814391344526768 0.009021178489792444 -0.013775626988269923
2.315307892984818 2.6877451805553725 4.327689111387182 1 -3.936480393578891 -0.12283627523922658 0.021379519837007706 -0.008997426936003264 -3.870823504823799 -1.253069886117102 0.00830524478278857 -0.009586571124661035 -0.777274554431536 1.0752279135695688 -0.004787430729939457 -0.01346641856224161 -0.28308546740718565 0.08878780447257406 0.0007317410463175758 -0.029280715543954814 1.3050306769192002 2.4023444085022923 6.204646178596456e-05 -0.022591630037122393 2.174527017427863 1.7413697195837003 -0.019810342431145725 0.0038096677742293404
2.3248991395231506 2.7002257638443465 4.279054462260725 1 -3.9142063029949195 -0.1681085084606061 0.0007803956139373833 -0.004055519688669249 -3.9047483776743324 -1.30517843991502 -0.010270842994991434 -0.016595217452778983 -0.7807043547885111 0.97163140745506 0.011382455130606525 -0.027801200943298465 -0.28887419239283485 -0.022027177546753096 0.0019710137935325164 -0.008131883875566666 1.2362243348935937 2.3267652085806643 -0.010985315683295506 -0.028812215176945682 2.1316309907683433 1.6973727067705293 -0.027385810088698802 -0.0043771439897641075
2.3461245798124164 2.721524621178002 4.254428068367839 1 -3.8917341146108653 -0.21340828801523515 -0.009825377542461452 -0.006802751639769378 -3.939225057882869 -1.3509394548027973 -0.01618060530442215 -0.009592490745841854 -0.7811660334382071 0.8602102651255032 0.009191381822121873 -0.03720950681725444 -0.2785956081822665 -0.13470477306755724 -0.003163409920612946 -0.004519947369486597 1.1715837958781243 2.262406119244341 -0.02091045520600969 -0.03149270279061552 2.082728991096374 1.6477663136199396 -0.02068178585948032 -0.02440151114256063
2.330955786120517 2.709171300700501 4.234887384961058 1 -3.881218176664365 -0.25351288767354185 -0.00026555125644772345 -0.005849285152975796 -3.964086078327974 -1.3894753146176826 -0.005387913642439577 -0.0084071350763615 -0.7829666539256577 0.7419262982822048 -0.017521864028936768 -0.03137186813775632 -0.2598635506156173 -0.24641878925483163 -0.010411382529089979 -0.0321773223528703 1.127480491276457 2.2070120203671952 0.014258984679466494 0.01669431957645235 2.0483578583609914 1.601517067113976 0.004834825381709033 0.020601267945293926
2.332249254919558 2.7076038488523446 4.211870016110701 1 -3.8731555944403313 -0.2883814942521803 0.016038112716066588 -0.0052223469575216445 -3.984580848451034 -1.4200247786587055 0.005327461782809207 -0.011263377472561925 -0.7857534721406338 0.6233774971763808 -0.013807000844317584 -0.030509051394277505 -0.24285101140567011 -0.3510866985441007 -0.00904709264057683 -0.02669691943136475 1.0798466108941271 2.151678059246918 0.002812362932769834 0.014340124622285743 2.01527776535358 1.5751614173108752 0.005682401882567207 0.015171853423387732
2.356675908140213 2.7324260936972533 4.185212725728754 1 -3.8584205389952486 -0.3244248366922585 0.012242231666158261 -0.020334724562302717 -4.014810658982153 -1.4488983449915598 0.002283300320253566 0.008287327110430334 -0.7827044544474102 0.5156568856847663 0.014620376389604598 -0.010948614633483206 -0.22566946778739538 -0.44521342489608373 0.017091900682848084 -0.012438517135559147 1.0281929058152794 2.107152336307362 -0.021497229361671595 -0.030135195800286778 1.9798098941642808 1.5658032462200802 -0.016933298425194542 -0.019090300665551854
2.372374422048886 2.75308473290737 4.166363690372104 1 -3.8376206348707385 -0.36692103115489716 -0.0056817045212474195 -0.00437486955629964 -4.051620595377149 -1.4804510422610844 -0.015450689327664484 -0.008887790846854928 -0.7732654081003716 0.41644005143549667 -0.013904620689102781 -0.03375308589224339 -0.20892155396339707 -0.5350003083259136 -0.015326448870897718 -0.023250212738257357 0.9862163763288745 2.0642590051602094 0.0062000334605408595 0.0130143139235762 1.9519188573936068 1.5550688838656361 0.002955841863660949 0.017383252693608436
2.3779350021809735 2.7640131193648156 4.14764791930562 1 -3.8258532716126616 -0.4140802875636266 -0.0028843277521862533 -0.00647230147055783 -4.083588252241937 -1.5112870775512683 -0.009319288330403151 -0.0074222635321142955 -0.7625706271628623 0.32219294927018294 -0.010503197242522562 -0.021921813949776787 -0.18928437495223882 -0.6184129657633006 -0.0029341448839510925 -0.025116163545192468 0.9479031625684158 2.0092938711688713 -0.017754167633912122 -0.03236505953382525 1.926478137083687 1.5269404358495962 -0.014507489554319863 -0.022495020292886605
2.3992356363725644 2.780930310675187 4.120601094988133 1 -3.8207232487571567 -0.4584784185495714 0.008779357395860027 -0.009464838238193198 -4.104725003937099 -1.5385996548174874 0.002050116132407004 -0.007704873709914366 -0.7593844089169584 0.23149681285929646 -0.016951132723578975 -0.028435449834828777 -0.1722762365020145 -0.6958692438519781 -0.012568313146956925 -0.024377064621869365 0.9075879043443136 1.9640833750346083 -0.00023877470407487368 0.010966190650636691 1.902816098998132 1.5061725035208982 0.003238409726622919 0.011706179414165028
2.421865225584615 2.8038744070276427 4.095897021740446 1 -3.8178792003615625 -0.49382204768338134 0.006992287766501399 -0.007250225897959769 -4.125840398118688 -1.5620750303040283 -0.0004600348531614822 -0.006841427936816117 -0.760565636732141 0.15394493224537542 0.014665918714273855 -0.006899186248167822 -0.16444427492869806 -0.7684867177612719 0.010791696843281665 -0.004037866536150391 0.8669664848716154 1.912457695294231 0.002181634506984661 -0.0007360112474288152 1.8738771524136615 1.4859613623114138 -0.008029213079303873 0.008766452102703937
2.4390632183335077 2.8252037329188755 4.0760468383880255 1 -3.8116465815265363 -0.5233295663272808 0.00787479868646785 -0.008863761384595766 -4.149878038133638 -1.5799526951605856 0.0006910702978425894 -0.0030548265154371522 -0.7649312194214208 0.0863688427207927 -0.008703131600282115 -0.008480501624411697 -0.17076247616074536 -0.8376435261880242 0.00015527533441455493 -0.023115843313365147 0.8302445313648006 1.8530903446479252 0.005391340590320683 -0.02049921419589597 1.8423534759064246 1.459296843626848 -0.026193994059632464 -3.3457343277545903e-05
2.4567043744417956 2.8450011394036614 4.0587119793378195 1 -3.8072528895564677 -0.5449577293202141 0.0024654385271390567 -0.01163327396173116 -4.174051385611616 -1.5949895965352376 0.001883107171720997 0.005166737993887633 -0.7730319434048414 0.026197494423348955 -0.012273365301665387 -0.010524995272287483 -0.18273178000696877 -0.9036001309333616 -0.003640895333408384 -0.023956063064572965 0.7913777560572779 1.7944726722391775 -0.01673098044553143 -0.024093849777557838 1.8119064006356975 1.4216053178566788 -0.004723594392172055 -0.022341648309508272
2.4797975886360937 2.866172307226346 4.040837670822957 1 -3.812628742647047 -0.5586724092013997 -0.01712767544181934 0.003459956774880457 -4.193964908713364 -1.6097597360906961 -0.015113648129088334 0.001152752106124177 -0.7850329122755784 -0.036236696842965155 -0.018357231444268672 -0.01805426343036756 -0.19767959313302885 -0.9640264540713168 -0.012327437566653244 -0.022268691320555603 0.7514074248663976 1.7424000400895534 -0.003777772910687231 0.006678117072014413 1.7800277652162837 1.3866881436147556 0.0006397943893597805 0.005731542180214868
2.4869241736050784 2.8772537430565523 4.023025647576955 1 -3.8197908675330345 -0.5719633901394154 0.004192359350711042 -0.01633448257737109 -4.208370444073066 -1.6254772483595126 0.008784170536208039 0.00887340983300899 -0.8016376134310006 -0.09302790996101895 -0.008764502567093133 -0.020040204718883237 -0.21223532971417747 -1.019713225424676 -0.01339201551903502 -0.009827657358512248 0.7140760063769154 1.6860564952141628 0.0030835353967037706 0.00064353498138554 1.7540485915014825 1.348610578452217 -0.009314325215737667 0.007202546192654971
2.651122126961073 2.9609378869232374 3.90662328048511 1 -3.888588232922695 -0.7220983144472038 -0.01706493591900565 -0.036951773350524277 -4.241402583720643 -1.7590394840198773 -0.023432593129252586 -0.046527690203580024 -0.7250856570283624 -0.25035141609233336 0.043345203994498316 -0.03826466492982152 -0.16866580816591537 -1.1481034533756271 0.029925583055569943 -0.03025754281048222 0.9104310456850486 1.6739887735210925 0.0865031832855692 0.040316064309241124 1.8411815496295416 1.3469970371339444 0.031038762201846173 0.048652392570574104
2.7213628366935625 2.972449285451833 3.7450575296133697 1 -3.9291516152420227 -1.0256579175570244 -0.018800291579409885 -0.06023990502510951 -4.408586823894618 -1.8548272191280755 -0.05448504195326123 -0.004041725589483054 -0.5054131757849563 -0.4945245119330617 0.05907729969233844 -0.03711613358186558 -0.0018079045597856336 -1.3081488438732896 0.05833369558644497 -0.02373232525277616 1.2230194625425526 1.8066380163079532 0.0687822096486746 0.034838729225403056 2.055913117694103 1.655099036830157 0.016838332544981672 0.09031524292615306
2.751522291510987 3.0360557890857276 3.594696527773757 1 -4.01776613711116 -1.2992632239414021 -0.024203370429582517 -0.037764398535574714 -4.610568162790008 -1.9075306476223743 -0.024174611774792847 -0.019402403879097863 -0.21783251584586782 -0.6833318172785221 0.06571187845599527 -0.03906957689821839 0.2897066643412014 -1.3617960831642482 0.05046068459250871 0.014328439672421695 1.3925429242050793 2.0051304393488545 0.03103395810965312 0.040568562786815844 2.2105486773040877 2.0409040967179255 0.007385850676478591 0.054934190769108646
2.8503376613677105 3.139078960927124 3.4228562697079656 1 -4.1172572111787975 -1.4120108489028063 -0.0069093536687589805 -0.01550248861231826 -4.627702027341536 -2.0078866521902174 0.017026441665389268 -0.01343240674508677 0.0495517378660173 -0.7465822779830078 0.053342138043779644 -0.011276195905746175 0.567022221691408 -1.3290923137589543 0.03411974738033972 0.022102972615929556 1.4491157587900636 2.19050911522304 0.016882221193665795 0.025515582946779032 2.288012725435859 2.215050835399187 -0.004322951448007029 0.020619755321610582
2.892249013784982 3.0965484402074743 3.3489433337756926 1 -4.082184780832635 -1.4237452277683498 0.015519740978032165 -5.699269911206041e-05 -4.524524889013794 -2.0147976223003 0.03353873339237748 0.020259723874432478 0.2029167649701069 -0.7271618663330739 0.02699486187031061 -0.0048110767450391684 0.7274801978509933 -1.287794829960848 0.009689766698322118 0.018777585702852352 1.475304189705314 2.2413517069728677 0.016001560016563353 -0.000988993172213792 2.3174976241804535 2.3105949282379097 -0.00918657479816229 0.012686448254180227
2.9502058942345926 3.041422724974109 3.324113342138923 1 -3.955783947729239 -1.335528393072288 0.021220712004658398 0.02092754768820446 -4.384588196733188 -1.9051288646040738 0.03778355892802554 0.035590948343907934 0.24458840126110193 -0.7065043055408193 0.011050946582898097 -0.006054553997212745 0.7988670450929103 -1.274691902599284 -0.0009450349810212009 0.009427185559959904 1.5009493407553585 2.2349314345312954 0.014077663268678396 -0.0003131971533349917 2.3394874442854894 2.3144522660567257 -0.008561523078581705 -0.014824893054819203
2.9858842725433825 3.007954549980209 3.3158381569375073 1 -3.8342271923744073 -1.171443995155334 0.01590245047207215 0.026661254448810234 -4.239415143625568 -1.7772840579952884 0.03347743726754106 0.030612032770792996 0.25027458576166506 -0.7055972241196892 0.005814473894251035 -0.00791351060752405 0.8228711919707159 -1.2939646462194827 -0.005300028615442433 0.0011908035008191351 1.5108022818719462 2.201945372491136 0.01008622377521913 -0.01693014504559853 2.3579572663154 2.218465454286792 -0.009357690262475505 -0.020329711136198494
2.9696231110562916 3.0117643984617812 3.3047954985568917 -1 -3.761339229587472 -1.0174655058848099 0.008372993335440703 0.0212878511861279 -4.133539039435493 -1.6701760632120815 0.018607386388243184 0.02414618128034971 0.23905098451765117 -0.7317344081119377 0.0017346329035230462 -0.012922064668839904 0.824273439648918 -1.3393571758389669 -0.006434664798828137 -0.005818037157175691 1.5152965470474689 2.0843194339417 0.009373514857208928 -0.024989677002139457 2.371240852252398 2.1295720091325094 -0.0075597668633768066 -0.02019952165423972
2.97748106227687 2.998371112971271 3.275295611458293 1 -3.7213890721121996 -0.9021241707454298 0.004382893943918706 0.016122419171604535 -4.094391176359243 -1.5903960194551932 0.0059287365089499885 0.015249524814044983 0.23017599185752147 -0.7894692773738791 0.00376809114283525 -0.01723349956916404 0.8102687623001108 -1.4169578281419588 -0.009057366798093935 -0.013751278602066142 1.5251928010833105 1.9792767057304093 0.00971055080152037 -0.019440269833598475 2.3914417648928543 1.9998849484479062 -0.0049162297480327515 -0.030883597226493257
2.9608530909371797 3.0174676859203693 3.228110768396842 1 -3.710557548344679 -0.820636010268163 0.0012571693429504456 0.009861733670877981 -4.084342549461788 -1.548947450623887 0.004954987761517272 0.004685729164659655 0.22656610867538518 -0.8689745824262849 0.0016836741948969194 -0.021001906090107113 0.7812628287030137 -1.5242510894735037 -0.009981050145959486 -0.017725438132850834 1.544515556663458 1.8614984410486857 0.01161125734455358 -0.027216199982075185 2.414326484974473 1.8598786602946964 -0.0054906199838464405 -0.023800663117892952
2.896997908303571 3.086282691003063 3.1696162966754082 1 -3.718345124802047 -0.7800948634276075 0.003410961837762372 0.006251708122540358 -4.07829234080509 -1.5407550520680213 0.0006138663135893795 -0.005623485754114532 0.21503858329744663 -0.965626628996018 0.0026251720140240114 -0.022085320447512546 0.7516636566028208 -1.6409091006863625 -0.008560646244181501 -0.01848043439478403 1.5648648067418316 1.7372263464945261 0.009860697212537812 -0.021578410754919564 2.4231589570237215 1.755372558761779 -0.010537048715354356 -0.021153307363724828
2.8263022714118415 3.123704602799203 3.1073296203399376 1 -3.720837199405633 -0.7806313581144929 0.00477459005600453 -0.0015183941145767502 -4.0869182173924825 -1.5453555511140205 -0.0018606421433407065 -0.006008144996990081 0.22508213207284378 -1.056780529030104 0.008040269317829493 -0.01947677289309479 0.7298922751472237 -1.7560525807211185 -0.005269365906234584 -0.01639334341354934 1.562663470801299 1.6445247902100064 0.006500895851452408 -0.016970229067112267 2.4162415786010305 1.6481346502559253 -0.013873804183819855 -0.021367352447121606
2.6924274295138644 3.0594064560458225 3.1357294184460525 -1 -3.7393562719110442 -0.7353272180790922 -0.006053043919143641 0.003580186762114714 -3.9819788820105257 -1.6162640570119216 0.05833602732887615 -0.0055832446172861 0.3460119834196522 -0.9133734181519743 0.019208316746969416 0.02538722001976567 0.4144741250032977 -1.9093029355417424 -0.09844279403474908 0.006789909331103163 1.4001991801078146 1.5259285827785969 -0.04281404687113352 -0.04572642157352362 2.3170307620109565 1.5070097443667905 -0.03291420622364379 -0.04328655276425612
2.6685004512195287 3.129198006521487 3.2570956273046594 -1 -3.727653540745831 -0.5808024741889977 -0.007256197502248181 0.012429362902880195 -3.7909253571344808 -1.597426569089292 0.024700780049286008 0.0488091463734127 0.24860738063518628 -0.7476141502556675 -0.047958339625081156 0.02342377831863941 0.10354862566359557 -1.8420602613890744 -0.04259169759106457 0.03141028984335536 1.2019533084187994 1.2729613796244554 -0.010349329500007859 -0.0463075525727497 2.2441600252469662 1.2144537979239747 -0.018126543495899962 -0.06870075213492187
2.697723114440073 3.092092778731764 3.1838473445309416 1 -3.764612637138957 -0.3993165389614113 -0.013311471936082593 0.018779624981320093 -3.8432245440186286 -1.402445252973236 -0.018967197032647144 0.05327415220647937 -0.09647601707150333 -0.6740011180238286 -0.05742943727675298 0.00992447834452053 -0.03577277157755798 -1.7435768978844717 -0.014016460882187783 0.02435227050362697 1.1939673085556342 1.0296202055992008 0.014847250195412979 -0.03385199657943957 2.249558249607979 0.789278091000384 0.005149416246301838 -0.07260716847341595
2.483911233807433 2.9013396268815503 3.115859611065748 1 -3.8163374057022157 -0.17737990560603312 -0.0023948144114389544 0.04141432033104772 -3.9716480122653812 -1.2630842027096474 -0.0040818110580992245 0.024212983627877365 -0.35408132201547815 -0.5720892842543568 -0.01453495172217975 0.030814964437205064 -0.2697885203623889 -1.6526934820770443 -0.060865290272448226 0.02121277903031692 1.2236390381935518 0.7480614841740889 0.0031778814133991036 -0.04741017079068609 2.263495206217444 0.3792169368540039 -0.0007110099296997012 -0.06485753934851266
2.3848948561546983 2.801818780224234 3.0781473979637894 1 -3.920157161333618 0.05047378152996029 -0.029186769942374576 0.04201990880204641 -3.9840096882322715 -1.170763467835936 0.010403485747319047 0.01959003934264539 -0.4625301179610606 -0.4606004285286447 -0.019737833435478976 0.007714302585650781 -0.6564841628534137 -1.5443664473221892 -0.07890636241355198 0.027001064905436245 1.2342774650458335 0.525181420755112 0.009305873593503718 -0.04902389697142965 2.2138098061562026 0.06114671995074361 -0.032958365661902314 -0.04477571415288279
2.4372746527717344 2.7914518457501445 2.973648460328881 1 -4.068437296152439 0.24031771328233265 -0.010628963066652933 0.03519294704143958 -3.9343152123747327 -1.0312821822343643 0.018152144783899274 0.041125820481015464 -0.5058683590351132 -0.45371940922016285 -0.03950925881067023 -0.004119909051116726 -0.9444024045156856 -1.4923018514186335 -0.06269869309901965 0.011764277617634678 1.213229207976263 0.33163125269616334 0.0015821246065162373 -0.027902571977854722 2.1503709188506255 -0.17741163543890992 -0.0074652594585898485 -0.038740053194754376
2.3520267796471854 2.7189032294769553 2.874849479347457 1 -4.193415619136192 0.3799507224630285 -0.02477636721379578 0.02740618824114913 -3.9096847443915634 -0.838313863597198 -0.0014677479897055017 0.031425462116194236 -0.5832443498447293 -0.5006589395737991 -0.03041964690227185 -0.0021150408978714333 -1.056848941298019 -1.5188600221461863 -0.02941372947410601 -0.0009587824650760062 1.2099507363303976 0.1374918575537889 0.005047505667603241 -0.03150031936935659 2.109969414018553 -0.4023412983438778 -1.5612483311118475e-05 -0.03834356039557532
2.2321043779719796 2.6078519914260156 2.770745451146417 1 -4.288084831332598 0.4495503203848179 -0.005403749101563098 0.008465363711734042 -3.892364946836481 -0.6791687693034648 0.007421941254528519 0.03333934732263595 -0.6107710824389341 -0.522493537413622 0.029183764295096774 -0.003590571231461146 -1.1063334728735863 -1.5038314881675339 0.005497058931685325 0.0016001917247270674 1.214509143766425 -0.0350055535171484 0.01503653725903801 -0.012202899149742458 2.0995092980448424 -0.6162822741341368 0.003540326191535377 -0.03756919936470518
2.074926702288901 2.3609624775381692 2.7105760680529376 1 -4.354582393774532 0.4770979237839048 -0.024402076137338857 -0.0047446216002549725 -3.877341766148558 -0.5672742045345149 -0.01888053860806169 0.008141737632540407 -0.656026410563908 -0.434423161611307 -0.01160371369492343 0.005454155193900006 -1.0283769706836332 -1.5054948400850017 0.036285415349351556 0.013671570117251383 1.216198453257606 -0.12948928333824494 -0.008305602872600976 -0.013525284705397034 2.0533232516602693 -0.8333828777893562 -0.023362048794830434 -0.052039217035792604
1.6250096663974374 1.938802414025255 2.7516287340650747 1 -4.395165311201205 0.4763523789175894 -0.010904115911218542 0.0068529426270185195 -3.8566705391807785 -0.4950747885735347 0.005241112739877357 0.0060850880699408715 -0.6852739779733739 -0.35528849652852934 0.015306283693080973 0.007980374460488989 -1.0036500081908315 -1.4883159361231981 0.0017536646237442787 0.0066088196082928746 1.1605672371164077 -0.12581176706206243 -0.03591748266871675 -0.010228409899955895 1.9305048860737353 -1.015543017881625 -0.04760166217431701 -0.02355514640796334
1.3001068110386462 1.519159041975547 2.834558536420142 1 -4.426788193711883 0.49811990069416057 -0.010255892275423834 0.005309575625918324 -3.8746506187219847 -0.46883148945170083 -0.016430086579435153 -0.001924652402348983 -0.7152959425000476 -0.2984280548589121 -0.02555797451206595 0.017682206540168312 -1.1007118823124196 -1.4108996352397778 -0.03444798852439373 0.020858961927165236 1.0880761605647047 -0.047510702572881924 0.012889090166853311 0.01443249810668628 1.8246624108266722 -0.979651679986732 -0.025926559790498134 0.032835809757067055
1.152447582688727 1.303315617734057 2.6144005719007923 1 -4.4503970982744905 0.5756065686103946 -0.012406726808792543 0.023025053363171323 -3.944281969192594 -0.47378374815319146 -0.015860977010530613 -0.007753927906213789 -0.7794297260560565 -0.23174493352886238 0.0002838009549809171 0.008164657751395313 -1.1965146410665106 -1.3428710312824734 0.005575441196436651 0.0035871612350808152 1.1270244291061333 0.06068457647972636 -0.0002559667524829382 -0.006775214219310946 1.7573560441566975 -0.9256081258194242 -0.05244350061281021 0.004737863222186901
1.0598537377819273 1.1473561233956509 2.3621595051799864 1 -4.47731361233603 0.6316903007626045 -0.003567586258267332 0.0015041808459051328 -3.985052850189054 -0.4593605526732113 0.010790017545445858 0.012139416149178526 -0.8637116198048158 -0.1736098714815425 0.010015230101642555 0.004207142349616555 -1.2076111563934089 -1.3026232134338036 0.026236337205886556 0.004373588415234178 1.2599008445434778 0.14456542325434785 0.05676838966465149 0.02394577516913245 1.7032886838432661 -0.8909408705694172 0.01736222037695581 0.019411601224103955
0.9087400492497263 0.9310857301105584 2.1119090120677875 1 -4.5391195613763 0.6203584854844693 0.0005027227917532538 -0.005907600805615908 -3.9725876316790334 -0.420428013504345 0.015414534321434442 0.015968459378359598 -0.8912213725907101 -0.10208266378697883 -0.02120951678465882 0.021115002997397138 -1.1406494203772737 -1.2450497274171286 0.0007299526266282674 0.0230451517750366 1.3935658163506712 0.23779405117982333 0.018057603005574477 0.031507959791305315 1.6913510108617071 -0.8373263532887464 0.0027476197148175903 0.0031863853602070056
0.7354037466809781 0.6997760680358813 1.8876548763445284 1 -4.579494724526863 0.5950494783942535 0.0044668492980640215 0.0005590849523539783 -3.9519414794172114 -0.39331892678712954 0.00885832520100998 0.00770875352543662 -0.8490091204062855 0.019134364058876363 0.03230933026873448 0.02430333566399536 -1.0420160117323527 -1.1156963316641082 0.036550683871183876 0.03346982049653482 1.5397337387580823 0.3537174290904792 0.01612771055615498 0.018567813991174104 1.7252361383319217 -0.7483868229083228 -0.007385755028281801 0.0190907217924461
0.6070890862432359 0.5158347172121658 1.7182581884200478 1 -4.560178963195006 0.5995504409849586 -0.00025751095401424246 -0.010189458930129852 -3.9553745939047382 -0.3950715229462003 -0.02233603281679748 -0.010942316929903 -0.7798570222666323 0.1915484144959143 -0.010680795138611934 0.038907371563128054 -0.9409002820028562 -0.9390198101254125 0.0001780666966071931 0.04175399488951342 1.7242124650632 0.45583731798627913 0.06819746138300425 0.016690874226876696 1.7943131579619696 -0.6596668032832358 0.045732093403960485 0.01690451138565431
0.5027751128648222 0.35913508885149764 1.574813051224484 1 -4.519145898758551 0.5793135904524447 0.00639666878414309 -0.010915661911802982 -3.9418426487012286 -0.4168757574114138 7.71568301364909e-05 -0.008097686572501029 -0.7047587291150812 0.37665851127707883 0.014803395896672261 0.02619018305677781 -0.836014545292429 -0.74708291239229 0.023569001413537856 0.05036829193626069 1.9317657277741134 0.5132809611490801 0.04633370404903065 0.003948721602908427 1.868890139551599 -0.5922515632411456 0.021184274092403754 0.013620159587311227
0.4099475583804988 0.21761697129311466 1.4465451994739165 1 -4.489983584305173 0.5143209089534726 0.013363736398623441 -0.011784352626470308 -3.8798402895062067 -0.4561530992752445 0.02369050240759305 -0.00319651956748161 -0.6169596672959266 0.5607530204869271 0.031143584277498162 0.03417819805228074 -0.7190979527349342 -0.5528758665269851 0.03666726160084001 0.04029878307771212 2.124285280928616 0.5357698597084486 0.03519410380090092 -0.013056924451094458 1.942714296626705 -0.5416269375259681 0.015824208694480937 0.02037969711161726
0.33036753431949945 0.0985710711174068 1.349842519840742 1 -4.446487310940352 0.4409110837432457 0.0015223715546880375 -0.020651043018834227 -3.810998107498308 -0.5116152806558909 -0.004386079339983896 -0.022413216359057363 -0.5308969327125923 0.7481845073915638 0.03669738228476091 0.03669309651912653 -0.5990248490045738 -0.351004509621064 0.04232883289428724 0.039259935339964566 2.298933303887077 0.5434278248531863 0.054062473849821026 -0.008460711454183771 2.0154128303253724 -0.5123211704129442 0.037683794375494364 -0.0020969989168988746
0.25479207391997044 0.01625192267696484 1.2928765159014062 1 -4.364108140080698 0.3834133719019288 0.03311993035063651 -0.010128883219276474 -3.7748528947288125 -0.5721203507552896 0.015242444489868428 0.0021176187173803113 -0.44676330463872116 0.9332604608513557 -0.005331102586020868 0.03356656768002134 -0.49052504879336745 -0.15661933130837968 -0.0030307183556887093 0.03954262735086346 2.4485963318234694 0.5258867737435922 0.042238559997214 -0.014803236109998456 2.0641596883311184 -0.49001042725636446 0.02671874710761211 -0.0011619430832315002
0.17177062408407878 0.12395015618395072 1.1264208989261657 -1 -4.279108007848655 0.3339440168445855 0.02718172197710895 -0.017668801670458895 -3.758484813073032 -0.6236843343442056 0.007650764264776271 0.0062470272441936415 -0.3671526180736695 1.090755631097387 0.030730604509152683 0.025774421799044385 -0.4062195897832046 0.010155274376930645 0.03231886019191072 0.029482813588146556 2.562931146711472 0.5056314278609608 0.016469215866507184 0.00928982510712464 2.0823202099492457 -0.4659285424745835 -0.008448936793754013 0.0029012600744000687
0.08330834109355988 0.23044257187090025 0.9919014064517838 -1 -4.22851228936497 0.2938673066308084 -0.0026939028006344352 -0.0012708397162700634 -3.7309553389975347 -0.6482237528981682 0.0037103633656537576 -0.011390290352753216 -0.31102401097609 1.205011288791352 -0.0008718000265071097 0.01915599568618299 -0.3463418879586504 0.12735663004040987 0.0007149146515563233 0.01824717302594094 2.6403256079153605 0.49164265421198317 0.0010697862225065259 0.010394009982450946 2.086443145760077 -0.431507572719276 -0.01742459337272444 0.013385875946397913
0.014522252985389691 0.3345252575149663 0.9135737239121059 -1 -4.215990368985876 0.2725145254725283 0.006784209798988807 0.0006678699737816341 -3.7010988569146575 -0.6459341127479264 0.010974686099215581 0.0078045826897702505 -0.2846543477641088 1.2731099875997183 -0.0008743858149629618 -0.0069517137625281465 -0.2942109885418436 0.204200860433444 0.00445653408682953 0.025607576217229075 2.6799015379497275 0.49052830017310733 -0.007694267840408386 0.004841439506586925 2.0732442691545883 -0.3984487656000998 -0.01494758511365181 0.017262828606078626
0.11270293317970086 0.43032934383076843 0.8953922233340278 -1 -4.224700451354933 0.27656730766718884 0.008136087773582799 0.005246549231576759 -3.696071415885116 -0.6319604890067962 0.007052542667431306 0.013008961301766066 -0.2951106466100315 1.3097804881195865 -0.015263569707539634 0.0016861703481519752 -0.27553165499024246 0.24015305695206823 -0.013571296141664302 0.0049881106831006 2.696321240140489 0.49498009104248153 -0.0023343829236874836 0.010108689026221938 2.048749695210394 -0.37045413384802006 -0.016598984786641187 0.008883949401606247
0.23101846904333367 0.5598607698611902 0.6860862354776771 -1 -4.201710828224686 0.3936693102393909 0.003429104647663198 0.04500182487836446 -3.8402235597226966 -0.5991254823278727 -0.019230176880631177 0.0014395227413465106 -0.33078607651858594 1.391171043053573 -0.005628043230569622 0.00918148065412519 -0.26357687528068663 0.3609406242517894 0.004608962065234234 0.053864871567726555 2.784042386096006 0.5455073488428912 0.027324404900141586 -0.018300948025653588 2.2156294985109914 -0.24453515322663977 0.0759769891117957 0.04322106577379847
0.1959539015398896 0.6106020333922892 0.29286479711389196 -1 -4.302237279277287 0.43435872993115243 -0.050514134417054955 -0.019761635344362545 -3.842626673639301 -0.4817891696943579 0.0013986512796651512 0.03266326788638929 -0.2964491679733241 1.5450347514446294 0.03918571907111743 0.026703842826127533 -0.18149926611695122 0.5936352177379058 0.04311847900591177 0.06013763527582559 3.134744409620839 0.42737487726180934 0.07100033888962068 -0.05738397210505011 2.5471547101285488 -0.18142754655834237 0.06925335884749605 0.003930852893178214
0.15565738198628906 0.6558828520317335 0.2929296419029885 -1 -4.454322320938151 0.44108957003006566 0.004947378331840656 0.005682212403920205 -3.818852964117803 -0.296126796682866 -0.023802964088150254 0.045062845402683294 -0.05862730139145356 1.7241734468606653 0.07092778289676424 0.016863969259910874 0.024347313313575647 0.8542861041970542 0.05497067424519862 0.06700127142097084 3.493216099580728 0.168803320071097 0.03431507552222513 -0.06354855805554363 2.818909817679269 -0.26913579251676656 0.06808398252416256 -0.021804325597181873
0.1099277199926775 0.7893284968205933 0.437615553619287 -1 -4.396115224818217 0.5796553351462874 0.00940484122826858 0.02448359518033369 -3.932309294761107 -0.16892921398091165 -0.020703277674733147 0.015232084316516062 0.3186650315260495 1.8954300952429115 0.08124183998231828 0.04929339334615637 0.3223506186902334 1.0661497418808743 0.06780147872505415 0.015838606597900783 3.7152263769917333 -0.019360650148607883 0.04575855845639863 -0.032654862983585144 3.014916037795559 -0.45715650301472055 0.025644605585735322 -0.04375816399672666
0.02238372134565794 0.8692610901813506 0.6379871054341365 -1 -4.339323923858522 0.5967023749465827 0.00019277425175679222 -0.009237279648681793 -3.9270340940708444 -0.04523931080110888 0.015491831837441575 0.013601640389719151 0.691803124537528 1.9918125652140817 0.06763580899567745 0.02226038979552416 0.6228932077114413 1.1832814728950258 0.055230341782545454 0.004845918830412271 3.8804526328712203 -0.22154922373937602 0.04084994068496465 -0.037197182734994054 3.1373325564415033 -0.6031576233322654 0.012342137792515272 -0.02753726761431705
11.176453 1.000813 6.6861086 2.68623 6.1655235 7.883287 -0.6860858 1.0648588 3.7837045 1.7910914 8.515953 -0.22798526 2.9295635 1.7459888 2.0761106 5.482226
11.2815895 1.2415109 6.737941 2.7834237 6.208619 8.232218 -0.410524 1.7208021 4.031415 1.8245137 8.383896 -0.1772803 2.921036 1.8014498 2.1544518 5.5553827
11.384222 1.1790981 6.8373365 2.950468 5.808336 8.244019 0.46975648 3.2667494 4.288659 1.872417 8.284662 -0.1762768 2.8655934 1.9350407 2.2580428 5.4268274
11.349226 1.0065484 6.9661694 3.0544102 5.7559714 8.209311 0.4633813 3.8844156 4.5241995 1.8667836 8.079371 -0.1340419 2.7194953 1.972996 2.3297622 5.3928375
11.081529 0.47106218 7.2390795 3.344895 5.7249846 7.625297 -0.39889324 5.3783693 5.3460007 1.7949791 7.456035 -0.140813 2.1019247 2.018376 2.5198314 5.0212603
11.028711 1.0270653 7.575302 3.8796349 6.2962203 6.547258 -1.1807054 7.159932 5.672842 1.680621 6.7880535 0.4500004 0.7942561 1.9965222 2.8413293 4.265748
11.101158 1.2875948 7.60855 3.9323525 6.4136734 6.4672813 -1.0923924 7.257519 5.532645 1.6754265 6.800855 0.5894494 0.6694539 1.9854681 2.8685267 4.2038684
11.303565 1.8673577 7.730324 4.031912 6.6274304 6.2704754 -0.9185091 7.404333 5.2032375 1.6628699 6.882498 0.8896806 0.45377478 1.9542747 2.9169335 4.113031
12.231211 2.8295484 7.9393167 3.646183 6.495047 6.4428105 0.32542932 5.9027896 3.2769954 1.7222815 8.0823965 1.0240283 1.3794475 1.8395523 2.5847116 4.528045
11.621962 2.4046419 7.895526 3.9410682 6.67093 5.8668933 -1.0373785 6.948349 4.5794296 1.6350976 7.510915 0.9220098 0.5804448 1.8571997 2.814195 4.023635
11.507147 2.421843 7.829192 4.1137934 6.8385186 6.0662956 -0.74630296 7.522274 4.8363266 1.649631 7.016797 1.157093 0.2531127 1.9195824 2.949922 3.994831
11.411146 2.3571258 7.7292957 4.120451 6.895828 6.190481 -0.6810933 7.5415735 4.9097795 1.6558809 6.979981 1.1478916 0.20390746 1.9324858 2.9622028 3.9701748
11.33529 2.2349796 7.71371 4.1004415 6.835191 6.208995 -0.66877586 7.4759207 4.9888496 1.6544784 7.1238923 1.0955689 0.2433269 1.9340491 2.9569793 3.9964318
10.935553 0.8470826 7.568078 3.8282342 6.2356997 6.6807323 -1.2601557 7.0211573 5.7959023 1.6798942 6.9686804 0.34420073 0.9160288 1.9929869 2.8185048 4.35253
11.203853 0.96348524 7.0430145 3.0353584 5.690733 8.470339 0.8085644 3.3538444 4.679887 1.8755176 8.530314 0.030050278 2.7890608 1.9642506 2.365309 5.70169
11.480398 1.6321197 7.298502 3.0755935 5.340437 8.309983 1.3457726 4.1978927 4.461097 1.907205 9.003795 0.008915901 3.105634 1.9959793 2.3602753 5.7453933
11.68318 1.6925952 7.2460966 3.0332825 5.0653543 7.900617 1.3813387 4.114964 4.2764206 1.8915203 9.127001 -0.0050777197 3.242228 1.9725736 2.3069196 5.662919
11.16264 1.298145 5.523678 2.9551888 3.8497276 7.5308595 3.0417147 4.0195155 4.505828 1.8441411 9.613574 0.2970693 3.7169037 1.9961194 2.2577765 5.4126062
10.981348 0.58355284 1.288041 2.8824863 1.7097058 6.5327735 4.4429865 1.2010776 4.2669954 1.8519964 8.427376 1.5879185 3.7796354 1.9484904 2.2728136 4.5269084
11.966234 2.7370186 1.6535587 2.9572024 1.6616306 5.51492 3.5712934 1.7605383 2.7648528 1.7776933 6.743978 1.4246775 3.4966908 1.6910998 2.3223014 2.987535
12.155678 3.232078 1.7244953 2.9887657 1.7460976 5.3264008 3.5611806 1.8600433 2.4164417 1.76699 6.6275277 1.4994613 3.4150698 1.649594 2.3309603 2.7784214
12.118128 2.9745429 1.7393181 2.9702344 1.7099018 5.390062 3.636866 1.8487518 2.5515301 1.7779272 6.6119733 1.5002893 3.5063598 1.6869481 2.3072648 2.9873972
12.003279 2.5605233 1.744516 2.9752126 1.8690104 5.4276066 3.9603348 1.7308596 2.7398703 1.8042195 7.2539053 1.7528675 3.5941978 1.7791934 2.2490675 3.6348538
11.85466 2.0879169 1.6806315 2.9687014 1.9765699 5.5237927 4.1728554 1.5133573 2.9636014 1.8280463 7.943968 1.9400042 3.6488874 1.8519785 2.2061882 4.16185
11.854572 2.0713575 1.6870579 2.9590635 1.949022 5.527825 4.1267185 1.529803 2.971741 1.8259094 7.8960867 1.8953704 3.6700902 1.8478321 2.2026153 4.1319194
11.811582 1.9711068 1.6642338 2.9471326 1.96718 5.5896645 4.1265287 1.4909785 3.0164988 1.8231605 8.024747 1.8784075 3.6739118 1.8470865 2.1973493 4.153016
11.736061 1.9249952 1.6265504 2.964909 2.0672584 5.620295 4.2730494 1.4061221 3.0553973 1.8300209 8.355591 2.0030365 3.6350434 1.8667948 2.197727 4.315562
11.744303 1.8697712 1.6122024 2.9456604 2.1110978 5.7101884 4.2347445 1.3918891 3.0284898 1.8148291 8.427361 1.949664 3.605038 1.8405515 2.1957805 4.2040057
12.161783 0.9308114 1.6324055 2.6812792 2.2520115 6.399029 3.4802752 1.1810374 2.6887429 1.685591 8.687732 1.345957 3.5248728 1.6061903 2.0832207 3.254415
11.817806 1.2951186 1.565247 2.7787483 2.147937 6.180607 3.7329063 1.2579279 2.9589155 1.7367764 8.655044 1.4834937 3.5887837 1.6990964 2.1429203 3.599711
12.167696 1.0414162 1.6317891 2.6666555 2.3067813 6.3830504 3.378314 1.1628578 2.5928757 1.6710563 8.84166 1.3000729 3.5065181 1.5734751 2.0743582 3.1341872
12.116596 1.4013767 1.6280674 2.7163105 2.4229515 6.2282543 3.3700285 1.3196284 2.3609927 1.6589386 9.069025 1.3528614 3.400099 1.547695 2.0991967 2.98099
11.458847 2.8359573 1.501027 2.8197956 3.2057214 5.652037 2.665381 1.7463976 1.1616116 1.5173616 10.238176 1.1616771 2.8734372 1.301855 2.1684887 1.8085265
11.545588 2.8379376 1.5264837 2.8101883 3.1362867 5.662941 2.6955156 1.7411222 1.2210152 1.527695 10.203592 1.1626353 2.9285316 1.3122241 2.159748 1.8628483
11.347319 3.5794797 1.6422218 2.8200183 3.3570926 5.498123 2.5498118 1.9876201 0.8538606 1.4915087 11.026993 1.1024534 2.8735163 1.2286173 2.148029 1.5628462
11.117893 3.2482052 1.537135 2.8222127 3.439906 5.5316367 2.4417992 1.8740577 0.85800695 1.4753067 10.846167 1.0712405 2.786187 1.2293915 2.1617968 1.5405207
10.702034 3.6554084 1.7634538 2.8203585 3.5213404 5.412979 2.2619648 2.104181 0.6217773 1.4568323 11.343733 1.0022835 2.782546 1.186503 2.1430135 1.4057446
1.6461532 6.1635695 4.4136744 3.0030282 2.3858263 5.111478 2.6872673 2.8044035 0.6457834 1.5909288 12.265295 1.6228254 2.629646 1.289529 2.324298 2.0466585
2.6606321 6.47573 3.242262 2.931631 2.298698 5.0363407 2.8265696 2.3070302 1.0462224 1.5688698 12.53101 1.402473 2.9392838 1.2540485 2.3049676 1.8443127
3.1823795 6.5564218 3.153076 2.920835 2.3384929 4.9802628 2.7527528 2.328682 1.0225644 1.5646636 12.56917 1.3328443 2.9933076 1.2414665 2.289381 1.7874913
2.618245 6.9829 3.3739872 2.9261105 2.2103124 4.8257174 2.7253876 2.449798 0.93283916 1.5741535 12.642302 1.3562881 3.0541492 1.2377533 2.2814941 1.7925644
2.223588 7.2244263 3.5133958 2.9313097 2.130384 4.7469378 2.7261782 2.5227735 0.88818 1.5805897 12.686138 1.3793969 3.0833585 1.2378136 2.2796814 1.8043785
1.2287157 8.245101 3.9932675 2.9431686 1.8815293 4.36932 2.645145 2.8913903 0.6382351 1.5985389 12.879284 1.403975 3.2488408 1.2246522 2.2512147 1.7878242
1.6623366 7.8168235 3.8480473 2.972754 1.950952 4.5681047 2.8598843 3.0246139 0.7445972 1.6009496 12.811739 1.4431249 3.1800606 1.2562568 2.2787023 1.837348
7.144044 4.1749372 1.9244897 2.9253414 3.083724 5.7910175 3.0661983 2.1424494 1.4113963 1.5142796 12.181551 1.2016602 2.7144935 1.2837776 2.321196 1.7566395
0.4027648 10.328412 4.628682 2.9655926 1.8683066 3.8804436 2.2970176 3.747381 0.073997974 1.6198486 12.940084 1.3684435 3.5867686 1.1829314 2.1703706 1.6909494
0.08729887 11.586441 4.638144 2.9422283 2.1868215 4.085133 1.9925426 3.7177768 0.064581394 1.6216464 12.363623 1.2654362 3.7120411 1.131415 2.1539667 1.6006312
-0.23582172 12.198774 4.428379 2.943398 2.4896147 4.737307 2.0265093 3.6623366 0.3046316 1.6171193 11.596387 1.235019 3.6688015 1.11409 2.186914 1.6274881
-0.200037 12.373881 4.275406 2.9384828 2.6089354 5.0644913 2.0426369 3.6238585 0.40989065 1.6081817 11.191324 1.2057546 3.6335845 1.102453 2.1972637 1.6336479
-1.2023559 13.519728 4.911008 3.0518966 2.4237468 5.5846624 2.226016 3.948772 0.047118425 1.6136531 5.3963685 1.8100257 3.1366518 1.2042954 2.2544553 2.2735114
-1.4048953 13.572115 4.802179 3.039506 2.5134737 5.8796797 2.130877 3.9241471 0.089163065 1.5989673 5.367772 1.8056453 3.036913 1.1986223 2.2479637 2.395358
-2.548224 14.071226 3.5437098 3.1628346 4.2053447 9.00605 1.4982775 4.223152 0.8142338 1.6669868 3.8589544 1.7229098 2.7498746 1.2107738 2.4135299 2.294856
-2.4224362 13.673573 3.1904347 2.9596379 3.978693 10.390954 0.23965895 4.005228 0.19553113 1.4629956 3.525697 1.1850495 2.2661536 0.9528154 2.1953688 2.233275
-2.656633 13.937271 3.0925705 3.057156 4.085146 10.58565 1.4207062 4.421015 0.5524099 1.4796631 1.8885264 1.4567702 2.2926517 1.0450666 2.3180382 2.2542872
-2.9825816 12.669561 2.142004 2.7199676 4.0467772 11.291725 0.73284304 2.962932 -0.19399822 1.1677822 0.22915506 1.2165767 1.7407222 0.7595531 2.041601 2.126141
-2.9310422 12.466611 1.5967023 2.3927355 2.8029075 11.95755 0.15500176 2.2643957 -0.90273416 0.87497973 -1.0824609 0.9660784 1.1778312 0.5162623 1.7140148 2.652813
-3.283792 8.593407 1.0915935 1.9378273 1.6354446 13.232738 -0.5531484 1.3433588 0.9424088 0.89175177 -2.5490518 -0.1477052 1.9731421 0.65889287 1.5316514 3.3791122
-0.76824 1.6752157 1.431036 1.8913758 -0.096915245 12.655065 2.58841 3.6499155 1.980571 1.0856072 -1.4174638 0.53741086 2.4551282 1.1958079 1.8184736 3.688713
-0.36166716 1.0036922 1.5662029 1.8642282 -0.07139492 13.035655 3.0854273 4.399749 1.7624049 1.0460212 -0.473454 0.58650744 2.3674183 1.1792989 1.7824504 3.60362
0.08682442 0.2500105 1.7453012 1.7820845 0.05975914 13.75293 3.536973 5.1890926 1.4124978 0.9654161 1.1106229 0.5836537 2.2161546 1.1017363 1.6879863 3.448151
-2.0197654 2.5937262 1.0885174 1.7070762 0.36794472 12.831137 1.6325542 2.0122437 2.501724 1.0442703 0.13076305 0.24559462 2.372712 1.0958369 1.7314185 4.1534033
-2.899046 4.0062804 0.8611293 1.6017773 0.76920795 13.050091 0.41721928 0.6720462 2.68303 1.0120703 -0.28951406 -0.12320435 2.3949432 0.9743289 1.6141812 4.3386726
-1.5933561 1.8815432 1.2341249 1.7409333 0.19997692 13.021464 2.3097544 3.0564947 2.2801986 1.019581 0.5496373 0.3576213 2.2783668 1.1301303 1.7398324 4.1217666
-2.7808309 4.128822 0.67424893 1.2392601 0.86373854 14.601712 0.44073045 0.8414047 2.0829852 0.7387873 1.524301 -0.35475957 1.794213 0.7325132 1.1795702 5.298847
-1.1333385 2.6030436 0.05154109 1.0140605 1.2078428 13.619526 2.6042628 0.17996359 3.291949 0.92050076 5.7628016 0.06979561 2.2978587 0.86867094 1.3653182 5.348989
-3.1543708 3.473161 0.013617277 1.3025081 2.588573 14.502642 3.0939436 0.16944814 3.2497332 0.9086335 6.7543387 1.1763282 1.3504698 1.1874727 1.1284176 8.843049
-1.0038061 2.2774148 0.05085206 1.1323302 3.179644 13.980475 4.73717 0.7787614 3.0517347 1.0019169 9.110714 1.8481411 1.0448186 1.389595 1.0423236 10.390114
0.8894851 1.3060684 -0.005363226 1.0859543 3.243011 13.74765 5.276472 1.5150986 2.730687 1.0442853 9.893034 2.011627 1.0031042 1.419966 1.0403305 10.323289
0.43032074 0.17437315 -0.10854983 1.0707746 1.5416169 13.652969 3.481135 0.3608122 1.3745759 0.94205916 9.92576 2.2350724 0.14527601 1.3860617 1.0842232 10.819068
0.6819327 1.1213617 -0.47813177 0.83946204 2.0550952 12.81863 4.05194 1.1227609 -0.39545214 1.1666554 13.246628 1.0666556 -0.550453 1.5465345 0.81960964 14.486108
1.2974439 1.7225323 -0.27484536 0.5995476 2.3100724 12.807413 2.5147724 0.992398 0.30680954 0.79138803 14.918869 1.7524225 -0.038477957 1.2302045 0.30205882 12.868572
2.0147986 4.244134 0.24147677 0.8740988 2.8817015 11.55861 3.6153474 1.796153 -0.82452726 0.7149508 14.898788 2.5885065 -0.24964762 1.1058334 0.44215918 12.151696
2.0240076 4.4575605 -0.58967423 0.8245506 2.661789 11.400367 3.8320298 1.8089918 -0.08145797 0.7045952 14.6020565 2.8611758 0.7200869 1.1245747 0.4633764 11.747725
3.0356584 6.1068454 -0.89008284 0.7615632 2.1527286 9.267432 3.7525659 2.1081812 0.19607389 0.5166186 14.463438 4.3016167 2.5329106 1.0741578 0.44611824 11.354977
1.472239 3.9518895 0.9733126 1.11701 1.5433731 7.5954823 7.3771467 0.7912054 -1.577946 1.173725 11.482744 3.5453014 1.2379847 1.5096846 1.4761881 14.304156
1.6343713 2.2757032 2.801451 1.560291 1.4639611 4.185875 1.1821493 0.99271965 0.17526996 1.0846393 13.478189 2.7027988 -0.47090942 1.4278219 1.717778 13.6018715
-0.30099392 0.3328395 3.5313017 1.5607262 -1.6143208 4.480295 8.490022 2.8758368 1.811451 0.801206 15.017506 4.186599 0.6299133 1.4551054 1.6505237 12.246818
1.9642053 -2.9014087 3.8961432 1.1698611 -2.2407799 4.938872 12.071023 0.34567714 -0.5206157 0.9351485 16.270365 4.9476705 0.15732735 1.4417245 1.4996614 12.6278305
0
0
0
0
0
0
0
0
0
0
0
0
0
0
0
0
0
0
0
0
0
0
0
0
0
0
0
0
0
0
0
0
0
0
0
0
10
10
10
10
10
10
10
10
10
10
10
10
1
1
1
1
1
1
1
1
5
5
5
5
5
5
5
5
5
5
5
5
5
5
5
5
10
10
10
10
10
10
