61
1.8971903677359179 1.9441782050558594 6.342633522441604 1 -4.33 0.3999999999999999 0.0 0.0 -3.71 -0.38 0.0 0.0 -1.17 2.86 0.0 0.0 -0.56 2.08 0.0 0.0 1.1900000000000004 4.71 0.0 0.0 1.8099999999999996 3.92 0.0 0.0
1.800100586777559 2.0570701555025757 6.30652872590339 1 -4.325147751783881 0.4027713356704954 -0.007022874276555437 0.007084793408525561 -3.714408417159407 -0.3828914131697946 0.003661881067735349 -0.01001509495338822 -1.177268407796737 2.858987064896137 -0.010893532161005687 0.009512004671596406 -0.5607046966952032 2.0709781699041825 0.006905301789976798 -0.014123249008086522 1.2202936673543405 4.658563035804093 0.04110719117196301 -0.005622912023455027 1.8373693250563434 3.9193945463143898 0.0243001569353753 0.02025878098060386
1.8491594923886359 2.0373737426276843 6.233393981147327 1 -4.32420699340152 0.4002139766992241 -0.00791126554827316 -0.008580414299758298 -3.713588094084177 -0.38214665383702306 -0.007984169655571098 -0.004635846304268054 -1.1661148772559908 2.858498874307548 0.002369722887071833 0.010417262510731978 -0.5711430934655999 2.0670885481826646 0.004094003227607525 -0.00431206703454105 1.432608265338156 4.6363079140571894 0.042372773321833736 0.02476868543756676 1.9700299772087382 3.9213356140585747 0.05560187892102816 -0.024122978248428607
1.8296316286744114 2.0288691442971603 6.165498585860876 1 -4.324030089689687 0.3977319379371036 0.014317308679816065 0.005118419512860559 -3.7089512262734234 -0.37895435521685383 0.00804507946865811 0.012312369939379644 -1.0750191674595286 2.9043127355814793 0.011578074232899284 0.0065610755986004465 -0.5378551000421528 2.1357021836964187 0.0020835105796121085 0.011767012448279268 1.7315107030898016 4.638786644994606 0.0402846651067752 0.020459842361138375 2.213404280137685 3.900197838234442 0.06946152325007052 -0.031200031477802054
1.8033923690669926 2.0064115977930457 6.060151037692987 1 -4.302640705360048 0.39657316046835334 -0.0025814673982281176 -0.009463521936037026 -3.7092298517754507 -0.36113830737190844 -0.010091965941408165 -0.00039546032806597395 -0.9294333806940167 3.0065675403494767 0.026433124121922003 0.0143250140727828 -0.42079828282235976 2.2584305017776045 0.013840312639518907 0.020709061666435352 2.0087811410149454 4.6070903829755485 0.04216229521882653 0.01861243269190467 2.4782425219560382 3.8590949442468956 0.06271812699092487 -0.03695249670550364
1.7919046799629468 1.9837901659329087 5.940613457557924 1 -4.259501190040575 0.3915265358846256 0.013465909891726094 -0.01282040171126035 -3.699232657560415 -0.31600326375316357 -0.007553574480147563 0.016971621987961243 -0.7488879791699068 3.141300254990786 0.04793350792098369 0.025477144179326883 -0.2887896420979157 2.372829416966386 0.03021669021236814 0.03368473043310785 2.315440498997548 4.573797513110132 0.04761888724486567 0.005673150555400956 2.7165991376905545 3.7882850192328057 0.05078589639152542 -0.03766631518032503
1.7800071541048053 1.9691817653411445 5.822790033594257 1 -4.215695424996501 0.38651613473839097 0.0017604110499425019 0.005828028455610018 -3.688044635137345 -0.27051106663020075 0.006500858213375881 0.00018244372802425027 -0.5801240293198293 3.2705239846322103 0.04612388315355122 0.009203077368958673 -0.16633068193849532 2.490609843058046 0.023931544908751684 0.04414819218274726 2.6180440263788 4.489392868761125 0.04422079239111096 0.0034185684782745314 2.969772375041037 3.696022708086268 0.0615021599705464 -0.04940652034245435
1.7734702080996116 1.9504398656137463 5.698529459369062 1 -4.183319612368022 0.38366615011852967 0.018862408075600766 -0.012793397365021317 -3.682793939634374 -0.23761323190762096 -0.008295882278815605 0.022243316996454904 -0.43735589954017495 3.373816700518507 0.016528266728722638 0.03626201795551175 -0.05720215029805509 2.5997547922990516 0.023292764850071368 -0.0005877860157117564 2.9112976970363302 4.381865724353587 0.0459052413363763 0.008832197811971504 3.222254335542253 3.5822995566032176 0.055145163957373663 -0.05621555787925754
1.7338938266728159 1.8950822829642469 5.5618833678140245 1 -4.171819243874501 0.38352330461298556 0.01369077939672424 -0.013580148317826866 -3.67788703379517 -0.21743703595956188 -0.010441544115120658 0.019160595408942965 -0.2866476276863592 3.4525287445383013 0.01682761415455612 0.038729655006474364 0.03619853754751734 2.6796145108060405 0.02729629103047066 -0.011048812862079272 3.1906551954245037 4.2692570862380865 0.04237434802705498 0.009819752630203703 3.4269552652385222 3.457391464277319 0.048092184086711134 -0.05775870367448363
1.6942643865320974 1.885202906852992 5.424682318411638 1 -4.097307496413638 0.5107416362633765 0.02797273937034289 0.05561933258112306 -3.6926607170019783 -0.22550014459757772 0.010552625455316652 -0.017340176840970258 -0.13198984376985567 3.421401974015035 0.042800548515496514 -0.02313282743151206 0.16848070801853154 2.6487825472478543 0.04342810272976377 -0.011111538581513238 3.34379115565189 4.189392934810051 0.0007513127234021746 -0.03960066743777735 3.5696870414272635 3.3443143671381748 0.007999414577329462 0.0008084526845544907
1.803199899806542 2.112376073998996 5.148452077347949 1 -3.903578319806491 0.6488810547260726 0.03950857830325548 -0.022085432661958934 -3.626978052598183 -0.24398727514172358 -0.014488053289099922 0.026996793742690806 -0.011281085810082025 3.274877397654466 0.011519981139360199 -0.016260308787589023 0.3158749872443236 2.4936214265519228 0.03210385977374355 -0.05060667573751941 3.173126115870339 4.0687245591671575 -0.03613582977061412 -0.05932438278724761 3.5028877175035156 3.1184134607314196 -0.033007282753468564 -0.03293553737309781
1.902166652352201 2.219910432670393 4.869225256870797 1 -3.834938461738337 0.5990488670935452 0.02049348634124048 -0.02817413966980374 -3.5751643436737353 -0.22802294629364783 -0.007726647276282769 0.02875239788441837 -0.009197849818252557 3.1232231219868556 -0.01826850856344077 -0.04283597979160549 0.3659910948039675 2.2669530336296453 -0.018454039761720217 -0.045649787373362984 2.9530767777204643 3.850110658270464 -0.03144961044071167 -0.039859182421639036 3.2200525575816403 2.8135070623980734 -0.05486952269234305 -0.047104603165997225
1.7539145949214734 2.08932286018971 4.76762486358665 1 -3.868678983771642 0.5384527696560375 -0.003977719731894062 -0.021415867079274772 -3.569722570851405 -0.2187095138949129 -0.008993754505804268 0.006918053040394482 -0.14232389231504872 2.956595911736205 -0.052464123591532935 -0.03943244289866476 0.2595191282407736 2.010220200312391 -0.045695599918711756 -0.059459055705819386 2.670321946903762 3.6516983439678343 -0.05475166410959949 -0.033513307147061175 2.872408575029943 2.567709004763387 -0.052687566147179864 -0.0422481058200621
1.6595750565228446 1.95860180906582 4.72664677626909 1 -3.9450097282396017 0.4509396276765638 -0.009365832494437499 -0.02134900586067276 -3.6026015508298657 -0.30994431334756856 -0.004964794230950011 -0.026784274287834177 -0.4000259936469055 2.7260281257881096 -0.07710197558411397 -0.06464827657031133 0.03299952593432032 1.7535187012680393 -0.07433946544947705 -0.058154379844530105 2.314643527233798 3.4587401583998174 -0.054651760443430675 -0.03224755006418115 2.5976692676280537 2.385681645011217 -0.03082551135150979 -0.026762343165162007
1.6963022500577645 1.9600521730580056 4.676721347727058 1 -4.029424572507109 0.3341480381020534 -0.014154853213932816 -0.025028327718645937 -3.655566768524264 -0.5212712787053675 -0.00974093789073454 -0.04658186370037612 -0.7089343790705467 2.4359467277706064 -0.052669092670205205 -0.055238042003534965 -0.24490669822651512 1.4770928889530648 -0.046887752384573544 -0.05717222332182931 1.9597864770397804 3.2689314687155635 -0.07653167930481802 -0.04823034398685867 2.356295088229343 2.2454868201827956 -0.062224167270810815 -0.02454666218889295
1.7015041705331326 1.9843621180893882 4.669238790831619 1 -4.114162843534917 0.2260315678923046 -0.01946853312741952 -0.017667164517522205 -3.6876074383463067 -0.785867676725895 -0.00398222096130934 -0.05689276352026203 -0.9773720872684262 2.129759933456062 -0.028136437086074217 -0.05773423142178849 -0.5193412823482868 1.167210463115358 -0.03559396545915002 -0.04839438082936801 1.6331967055241385 3.0846638839260496 -0.0794609708707788 -0.037841392088022965 2.095775692117625 2.0998872276151923 -0.06534756816667868 -0.043876399398025664
1.7312408170595703 2.0125106285155856 4.695738510432313 1 -4.149275421430203 0.14066069353207422 0.01443403552275499 -0.012478278940719062 -3.6968278742143648 -1.015939405503703 0.004930184057432584 -0.03351315372803418 -1.1913282445141062 1.8648810330580097 -0.02178325637230844 -0.04496743161610066 -0.730146359660603 0.8645261874750041 -0.021154841702899392 -0.043039755047179495 1.32555226175326 2.904617845336529 -0.05595009058020136 -0.05369631866659736 1.826870276293679 1.944598030192858 -0.06353384633392946 -0.013008426218382156
1.7769173147758484 2.048190284674592 4.728601271686967 1 -4.119762495079675 0.05211275824689143 0.03087627184899587 -0.018473453428060733 -3.724455103058332 -1.1786559259323879 0.006138811966329693 -0.021102010088787693 -1.3507577319177466 1.671660150057996 -0.008878265162648093 -0.023893122853412444 -0.8412234561104444 0.6313001315447695 0.003005712560381131 -0.030399693101268506 1.0447371328488435 2.740931945968632 -0.028889455577208758 -0.017370478835116228 1.5954147513830366 1.787481176209209 -0.017842873057805457 -0.016889838092639088
1.7914518300057558 2.0902023208728617 4.758991851878338 1 -4.053121591195804 -0.046553973643151614 -0.02376220141150013 -0.030471474169736057 -3.773098501485423 -1.2922639637861035 -0.034923188755137356 -0.01969852624709451 -1.4313408117485444 1.5478760478463904 -0.004568431748247937 -0.02931011494040621 -0.8727707957018072 0.469948767422141 -0.006884570187287536 -0.01920914808917346 0.8199216377469263 2.5997235946273376 -0.056906339737666525 -0.03862901707702053 1.4514589515466545 1.654367376460581 -0.03637079839512161 -0.03521903864828804
1.8489819618207515 2.1741807782172646 4.722130425656644 1 -4.000993071633605 -0.13600212051810345 -0.004036201899151097 -0.021091472508307788 -3.8276317664027104 -1.3768282259942182 -0.0136354364071723 -0.016333867714323755 -1.435719019121128 1.4502897738011225 0.006848762270015785 -0.0256190062749204 -0.8571949697920997 0.3572714976291058 0.005040357216719155 -0.014176521670902543 0.6985544346807275 2.4994746103408265 -0.0344881869337492 -0.032859969922846205 1.417323108326837 1.5770964396359917 -0.015179155520587824 -0.025418887587013026
1.983429670191826 2.3164413313893046 4.675751266098526 1 -3.9636907991013612 -0.22276618277119864 0.00229572912650813 -0.01281548922608022 -3.8688915999233653 -1.4493101078942368 -0.014471812617163307 -0.018444826011921964 -1.399805558818355 1.332118167642157 -0.01622785162013372 -0.051341262608470634 -0.7970488976881618 0.26905274205916974 -0.020603684706342107 -0.030076864046100847 0.6941553053146299 2.4367272891635965 0.0013885469751421051 -0.0015002863047531428 1.4793250388403472 1.569057674155057 0.029268881921063146 -0.006459045092501771
2.1188013717294205 2.467085143932314 4.6417384936689094 1 -3.917903401979796 -0.3037034750865557 0.02574983966795616 -0.017771437298449183 -3.9315022916427536 -1.5030645187828997 -0.0051862534991841515 -0.0078165968126081 -1.3306110967940805 1.1783945972456755 0.038220994057899124 -0.023314212398231112 -0.6957431133471084 0.1796033555775931 0.0426490301014084 -0.004077604246274787 0.7588069749733766 2.395690681713328 0.002845036596222268 -0.020142100664963598 1.5960566083302066 1.6211668038886389 0.01527278736169529 0.004101956720861052
2.248442130039783 2.6070306532465435 4.6449128764917385 1 -3.8626621789399014 -0.3830244189970311 0.02002784854759438 -0.02087882396432047 -4.009524184056814 -1.5414420370787556 -0.005041897845945057 -0.0013919635685265969 -1.2158000139877196 1.0127223819923392 0.014572416495839017 -0.042083865866098934 -0.5659924171930042 0.07484528193486062 0.014093329577083417 -0.03181588627061865 0.8455328560447066 2.400539751564285 0.0305397720069832 0.022281832572618985 1.7302788087369008 1.7287880273443905 0.03334182728344913 0.03985899106060543
2.3658034482126236 2.729496636150319 4.591831668945881 1 -3.8184478490214278 -0.4484951593897597 0.021601940158838866 -0.018534310902729605 -4.075932381589536 -1.5628226416233082 0.0014055054630517428 0.003937318178955018 -1.0660167058485879 0.8510931476393397 0.023989610544287797 -0.04208142642614622 -0.4202328229123147 -0.04169982777537873 0.016712642313015565 -0.027328881947733467 0.9090379075913306 2.4377116892565405 -0.00556308637790808 -0.018322942002057578 1.8290403554293349 1.8509491925043222 -0.0005529335427748999 0.005972146360185617
2.4285775009489665 2.7992774119869535 4.537915082266689 1 -3.7903895907816527 -0.4799052625159095 -0.013585717189825973 0.002128771755749641 -4.096037953866885 -1.5577568787346938 -0.009519027261629329 0.007528886506543053 -0.908807979993381 0.7053323953485857 0.028547393461000534 -0.02023784623837031 -0.26639764241479114 -0.15405734846279973 0.03746499455890292 -0.025289473475711144 0.9269899832420627 2.474751243057862 -0.004124076461431031 -0.005917813018294442 1.880656560579463 1.9556322684078653 4.598855975160819e-05 0.008974459895305226
2.5346266482154696 2.839752531706903 4.420648920652241 1 -3.845694345384599 -0.6376225300316791 -0.021828786809846484 -0.046647889728670996 -4.055378493806984 -1.6669114782303247 1.6504844433405663e-05 -0.03446159132193147 -0.7530646252321911 0.5140289607329551 0.021035512203757403 -0.0550114713432459 -0.09363697945828342 -0.2818545995763676 0.02297970888091142 -0.03887248608418965 1.1313068797195438 2.5037807862729866 0.054620002577399095 0.016782540893029222 1.9892353122125748 1.9862114097189725 0.05725787236643441 0.015252417227583874
2.546722132790983 2.8162189671458884 4.299081926909204 1 -3.8519676690899667 -0.9193946387983898 0.0006663483882541786 -0.051374362603100646 -4.153868942382232 -1.775372328088208 -0.048717820309208376 -0.016054630149112566 -0.5404298392867375 0.3149688147904357 0.04338716650584095 -0.025266587643590563 0.08729727635475992 -0.40725615885692 0.0469567521859096 -0.02682253720526664 1.454980520713403 2.5976280755354084 0.03328148816323583 0.025612341867423855 2.270011701161052 2.2681940199293655 0.08061000762323361 0.06395092032600765
2.5843498110775274 2.8617964071972426 4.128400697999552 1 -3.8796377901706447 -1.1491707095226242 -0.024858893193053157 -0.02810139210210375 -4.362143080800509 -1.8163609140001165 -0.027848424583572805 -0.004807049600499629 -0.274705214700691 0.1765467336176325 0.04654335538235713 -0.01363272169785593 0.30572801034089103 -0.45416672922651646 0.05392948904498063 -0.008003963727036403 1.681300525464552 2.794429533007153 0.024171006667738325 0.04893463924027462 2.5084788510539946 2.6109393807284165 0.0451808342209916 0.04718151094790879
2.6405875100051808 2.9220931988889007 3.989878842984745 1 -3.951958647623457 -1.23266290586543 -0.007039827914238758 -0.000556770404967228 -4.395849120188467 -1.8978270021930106 0.0044515245263444456 -0.022515424335496352 -0.043960286794828995 0.11163221060109407 0.03214564772727162 -0.00045727565832994616 0.5209250382398576 -0.4365036251266491 0.04300232955036595 -0.0015204867827894666 1.791470235255714 2.9972725714085633 0.0009007323198192002 0.02555956362871769 2.620931870484622 2.7989882143618288 0.02629244708137651 0.026490994877204736
2.647512551045678 2.926218237444255 3.9128879666585337 1 -3.9414060558950825 -1.2409930971328131 0.015187343072723966 0.009494304985997262 -4.316793892599026 -1.9169984255339763 0.012075789787999117 0.0035207456463484423 0.09661470110177639 0.10013935791115736 0.012538528220497391 0.006310599052970961 0.6598355396716071 -0.424164409866014 0.02680218830487609 -0.007950151085831369 1.8160358000707548 3.0312061237143526 -0.006969373034732475 -0.0024446584541482318 2.6749098740955004 2.8841577355758186 0.017340127736185422 -0.0025462626042825273
2.6503573953374318 2.932766454757567 3.8578098052519714 1 -3.8537711360518716 -1.176247735594007 0.022918837774277674 0.028920642316127003 -4.2283755730848664 -1.817227360573483 0.013399204819461726 0.017907829593384876 0.15512474209466376 0.09728509198571644 -0.0014773171158766404 0.003913387569279968 0.7305548324790152 -0.45339413875466195 0.01771083827062284 -0.017749532864536642 1.822860628941041 2.9842630295739196 -0.010067575166184839 -0.013446911482942102 2.681278693459487 2.7850433116294493 0.008230558382542302 -0.03710973029511942
2.60689710879533 2.8990014098633097 3.80534755159468 1 -3.7664586933570208 -1.0318390958587773 0.015365718946740315 0.038860625242584254 -4.121356340982861 -1.698998046088357 0.0180581110199109 0.01373618678578379 0.15585346351001128 0.058796342840332194 -0.012100450780585623 -0.0058628544737920965 0.7625569305957756 -0.5209892128557883 0.011596450002433346 -0.024544160363320223 1.8164298742895486 2.860757844128342 -0.013378853069067609 -0.028201171871482418 2.657520796193844 2.6142900046688724 0.007748338477647172 -0.03602358647673292
2.538061278481647 2.8323368112920737 3.760388251286904 1 -3.7215638384680356 -0.8835903257114174 0.009138876922198412 0.033364731207950644 -4.020927854116753 -1.6028612315280029 0.008599204398723713 0.009505431818548717 0.1288226795304359 -0.02259630992597539 -0.01161786230612219 -0.011023924950786072 0.7604458841075381 -0.6200995145181037 0.004829067633412641 -0.03184681255063192 1.7938149977638203 2.7097276325411093 -0.016484782408227573 -0.024360609096861142 2.635461909660391 2.4560959688180763 0.0070900782969318815 -0.03601184214796248
2.4698567773203104 2.762348943926131 3.709348031094038 1 -3.688830666686929 -0.7756950603501545 0.007783657004468631 0.026916506440846307 -3.993313885620945 -1.522340183041519 -0.006987052925673115 0.005243031609621446 0.11908859809719718 -0.12223927974686688 -0.00848407284824525 -0.015216445578879249 0.7326432275623898 -0.7517818861066958 0.003163486720975099 -0.03665504756516036 1.7661026307075902 2.5883155289264344 -0.016564051177553864 -0.020122467705243563 2.6037336294526607 2.298020850897214 0.005619513902390481 -0.034290170424990135
2.3849006850465355 2.6820166777404078 3.6470282057772483 1 -3.672691931441291 -0.6985111387245773 0.003168451801864056 0.021546076093152945 -4.006025149010979 -1.4761787582896897 -0.006110431297735277 -0.006024911210804267 0.10696652650567096 -0.2538567294314411 -0.010649733202828873 -0.02190820876204206 0.7117639518130909 -0.8906801304916419 0.006160481611711562 -0.03656314860601631 1.7391829261639966 2.4647648127083457 -0.01633178368267825 -0.02251694762479938 2.57496547864672 2.166474804820272 0.006866682911778665 -0.02829518303829295
2.3125008783644536 2.600959358099429 3.577556217813278 1 -3.687052966915057 -0.6649111573224442 -0.011717829366047535 -0.0010683762815118741 -4.006037842715878 -1.4752388852550773 -0.004571844543258074 0.004136232883462288 0.09649640170259222 -0.3985317055292472 -0.006371471384314792 -0.01955874618192707 0.6985496166449723 -1.035701482355262 0.006086611751631679 -0.03987368173267833 1.716060345318681 2.3471663605878916 -0.015017634730628511 -0.017130526281297964 2.545678842917283 2.0459426655776163 0.004468942301771875 -0.02987922103546047
2.2382351332590464 2.5200660041215492 3.506664768065618 1 -3.6876792045744726 -0.6916737241317966 -0.006366754132507719 -0.005907948082224741 -4.018232902608347 -1.4908525679693847 -0.013139874035882721 -0.0008431476172646394 0.11025619004442166 -0.5270273434291787 -0.002883565568508547 -0.0180268193639297 0.6895116953053089 -1.1880408968300884 0.009137864653529594 -0.03814956783525347 1.6940294255396449 2.2488006776057308 -0.01619005734414529 -0.01654223797387852 2.509490037805919 1.9200693305172485 0.00463606913864989 -0.028253159763463893
2.17039995701406 2.5054182503586837 3.491089532574967 1 -3.7036305909535443 -0.6656599842120412 -0.0021492811778378107 0.013952288761929117 -3.925725924844588 -1.5607889355448101 0.05015046968604168 -0.013399179203765592 0.23619310047968867 -0.41985275080619133 0.028706659842724424 0.022942905361284658 0.4159938564723742 -1.4107285636898281 -0.08791958094056952 -0.014841562723062095 1.6106014327459643 2.1218846747231748 -0.034098236979100235 -0.0456469679415198 2.465722262029751 1.7583124201354408 -0.009365672548755578 -0.05477794437247782
2.316497533738452 2.7260405060682533 3.537593973858661 1 -3.7032130002501464 -0.5082663028705564 -0.003319732460638697 0.03259077709057415 -3.740711053926448 -1.5354354588408574 0.017467382097911485 0.03509514261560731 0.19471865807140976 -0.2925067920537312 -0.033275942993177515 0.014411100156479268 0.12396705455303092 -1.4085567584373366 -0.04191645305583705 0.024967367820115036 1.4726054517274125 1.8376661010700261 -0.020092309468835664 -0.07875536240882128 2.4358830282235724 1.4074552061508818 -0.007040786718717716 -0.10110202703284532
2.438182111540111 2.8227528664595734 3.385789456686133 1 -3.7454507967263257 -0.3177625034275976 -0.010023330854000841 0.03780015024756557 -3.785988418300413 -1.336035864987251 -0.02257342277272851 0.0405098624743675 -0.09579166607016987 -0.2362243892568131 -0.04058907755832861 0.006546107201065146 -0.003260797326237963 -1.3157861022848107 -0.0051233173340278475 0.02152485727671095 1.468975123995257 1.4686502791726794 0.005636146941471848 -0.057512045703498806 2.4318996063691856 0.968247531606498 0.013832674943960337 -0.07258637336974688
2.3332757631608887 2.766118015546587 3.2231491611983336 1 -3.7997950055694707 -0.09351663575516111 -0.006312381364698189 0.047540274777797584 -3.8997116830021668 -1.187349717744367 -0.005033325366564428 0.022004947828580666 -0.32448323582576943 -0.1729955179791962 -0.024884859757844387 0.004707944709469503 -0.1927098249975545 -1.264952320139466 -0.05952035675183354 0.022822408076837764 1.437474795981605 1.0880922543077163 -0.02578943299235338 -0.10087354622975427 2.420353769008548 0.5749964291319685 -0.01986578123552158 -0.09030177617022563
2.345077102245224 2.764130372458112 3.1160887446635512 1 -3.9126941119843988 0.12290339795244454 -0.019752846476679672 0.032949251174019964 -3.895961160528799 -1.0800938658790502 0.02476069798111019 0.028103552644426162 -0.37525814646398636 -0.11305549018401162 -0.0162513237766748 0.009529920750037188 -0.5348411114973239 -1.2053319313597215 -0.06805757040428949 0.0041705558812326834 1.3973074100688097 0.8025534383486959 -0.018339765211668017 -0.07155187695597512 2.3648366402787975 0.2696005137298796 -0.015910625338635014 -0.07616349756552385
2.4457435182640057 2.79793818569338 2.979215261817554 1 -4.07904276902851 0.29372416608880636 -0.0439837150196935 0.02592920978899771 -3.8399171634820912 -0.9373742326760608 -0.01592259914254652 0.03298080061549345 -0.40424837494026633 -0.1432307813054896 -0.017261274368286054 -0.009954153056215838 -0.8129338588210486 -1.1803424952661163 -0.05642965307299466 0.001162164575351862 1.3926263700061954 0.5940631136003984 0.006607084056943545 -0.04383600630227884 2.2909278533187125 -0.0010693291152985562 -0.034779802103589295 -0.03615895712122485
2.3614004123030674 2.7473674090096103 2.876337281239073 1 -4.200051613876912 0.42619713094705447 -0.03624716641351387 0.013680102332485107 -3.8330873800825866 -0.7464379139755357 -0.015819673849065345 0.031366859471167845 -0.4683776717461825 -0.21011579029387406 -0.0031590067542745584 -0.01873043714600974 -0.9397363763722635 -1.2201509966836568 -0.0036565574210019706 -0.008376898587272228 1.3614090755041097 0.3790507342486653 -0.016162918139005975 -0.05033303849501326 2.2451179186131762 -0.21427242993607654 -0.012598992858232056 -0.046208026408034675
2.263888336501282 2.669880985100994 2.7936617729123743 1 -4.29553369158091 0.4957050675031276 -0.005077977424033587 0.008907743524594221 -3.8263405294663735 -0.5844312650306844 0.014093976561356837 0.03766460629105015 -0.5171182187088847 -0.2498352132278857 -0.013871873557679637 -0.01355584409890731 -1.019900648706363 -1.2203245130586458 -0.010844524561864423 0.02396684268567915 1.3177284967918332 0.18342200131210307 -0.026098696831443165 -0.05489093194148935 2.215905915010028 -0.3914415421422406 -0.007510740383583962 -0.05791416911626464
2.1282219908873397 2.441454984069704 2.734842083445762 1 -4.372417311078075 0.5251184212608357 0.0019881717575208095 -0.005025924655567993 -3.8214230276536982 -0.46231147839907727 0.003942787066273645 0.03455378841203933 -0.602247954251836 -0.18148416121362276 0.0006780695789590022 0.01284761952400125 -0.9537996417788377 -1.2428920351990158 0.03143493752942275 -0.010655295042209311 1.2825299722011936 0.08761676169637278 0.005747382790948427 -0.003782723282176166 2.144263936123325 -0.6108028150270433 -0.03013013269036955 -0.03594932177005335
1.6814321901046068 2.0069200089597987 2.783539047971129 1 -4.426313655445257 0.5414124896204517 -0.01787085236308857 -0.005498081598786567 -3.8215061602400233 -0.37847851664502674 -0.01971238370045189 0.0026036488233372695 -0.6590360467395162 -0.12063913611424792 0.018272340834204377 0.0007303555521978146 -0.9550719028928252 -1.24183366246632 0.0035827844170676307 0.004676519319272065 1.2185217038592233 0.08163375767228942 -0.04320840333618784 -0.015199383527441088 1.9811632639029426 -0.8152843681001154 -0.05315007416460704 -0.026411867603378263
1.342755973657498 1.588234894392876 2.9194941925838043 1 -4.467079860380099 0.5791301108319977 -0.018194679768726588 0.010645778078214242 -3.858099817697112 -0.3530593913436856 -0.01974734206263816 -0.009565473837489947 -0.7065048077167688 -0.08052287381541745 -0.030482114698665037 -0.0014736324644699164 -1.0914881522118502 -1.1860221468778456 -0.023159157282145307 0.03212257806401346 1.1306941449730363 0.1657748075209906 -0.031358931121750436 0.006635028259102409 1.8436001245667715 -0.7888080076516001 -0.04015146374085204 0.006498994825232276
1.1782056449619989 1.3426247005411391 2.7658105203026246 1 -4.4931918247082265 0.6644654144009245 0.008522115139205241 0.008915328992691016 -3.934992400017196 -0.364044131883802 -0.00946127309173666 0.011655241949741147 -0.8049032801112848 -0.0227463834298548 -0.003967043520027472 0.0022416246630421 -1.2003238966687544 -1.1357133631771115 0.005937347868501883 0.006134445224904101 1.1426233244034574 0.27880877736318865 0.0325707522309688 0.02242563953703117 1.74492197317032 -0.7211806576213415 -0.013080374087760329 0.023441416383421877
1.0698900213779392 1.1707617074860994 2.5120826348163177 1 -4.5301382276728726 0.7110333658754351 -0.0005741844920244543 0.0050970457529017615 -3.9691811704065882 -0.34792182768072155 0.006645638330093753 0.011361515192834506 -0.9005216678116303 0.031290555656386276 -0.03943948765811027 0.014401198415333 -1.208689407317277 -1.1091930352749029 -0.009759769934876567 0.01245386054796065 1.2385494560489407 0.37150365557280307 0.033892925221024134 0.023426818208343733 1.6659513183547991 -0.6762087821346896 0.003780831946502916 0.011071182668916815
0.9017257600494432 0.9385826761941982 2.2628702694422427 1 -4.601567148445962 0.6845619377775207 -0.005308194175368451 -0.0047256532086874786 -3.954068529477496 -0.3038491279513629 0.01799429857049673 0.01792901043732867 -0.9365482423534948 0.09408849940927833 0.01989126231835939 0.009865569884180666 -1.1570104338400142 -1.050394111546559 0.02876602511891487 0.019893254570830875 1.3650847228450553 0.4629599319656097 0.003982208219382175 0.013082382791557951 1.651125258508383 -0.6182187410079499 -0.022338498438414293 0.010447064706067783
0.7208568012870491 0.7033873037147469 2.0503682687782843 1 -4.6464838301261855 0.6680161567590464 0.00402881809507513 0.00135185199404622 -3.9464884797279445 -0.2666964524356771 0.0065672864315650765 0.012983370006937363 -0.8973808485331083 0.20692083860685084 0.020517658841998646 0.02559758526374172 -1.0787692084220475 -0.9212191460518724 0.024774057470048686 0.03511814785105745 1.5159437923337915 0.5732938337209459 0.023983254002086438 0.014578888641943798 1.6826583995170994 -0.5346454128480178 -0.0033568173043810184 0.022271559761867496
0.5947581074786504 0.5289258433027411 1.8938443819009492 1 -4.641554634758183 0.6768674677270361 -0.0005328057934607963 0.0069848070408636866 -3.9551713943891835 -0.25634676112943966 -0.004383933304263225 -0.006750081717903442 -0.834406328531776 0.3839923401127894 0.0008938036759669962 0.04188193412843564 -0.9904436635145499 -0.736356191676985 0.008594930980061633 0.040184310258627134 1.6982193634556735 0.6678943792645757 0.012165494608597172 0.010084624863943086 1.741895839110958 -0.45079979743329346 -0.017456224998647296 0.018438892790969004
0.4940980089943248 0.37874750682046937 1.7528518499175199 1 -4.607644007299265 0.6655364538443318 0.007636630475573526 -0.008808612848343216 -3.9413109289126798 -0.26093979542140466 0.009478635937842796 -0.0013996491502490764 -0.7577426418458333 0.584510077601861 0.038679705314621234 0.03913385458629573 -0.885677241153298 -0.5300168053834973 0.041081019364703326 0.038150053419770846 1.8924723871803595 0.7164265276915385 0.06382989942538336 0.00043207349107895685 1.809566664447213 -0.39051972690300873 0.043757262741733784 0.00781546343007355
0.39446015837330894 0.23432755952840473 1.6240545053558968 1 -4.578640632454772 0.606288707340388 0.012005617870582248 -0.015943924166301814 -3.881652022278213 -0.2938600209164992 0.021888001657889962 -0.002700956713440002 -0.6762415760188114 0.7873307347943623 0.01077432294922476 0.04838554712460062 -0.7754093158192297 -0.3269662077592227 0.014783208254984767 0.033885316761958786 2.0730360765530023 0.7286627036219184 0.05309470897944866 -0.00019775030406836772 1.878443072005144 -0.35389978716747583 0.033478093637848275 -0.0016264688994089638
0.31045955296004485 0.1164679993189014 1.5358649004422869 1 -4.523619372381696 0.53000309685114 0.02591740234535921 -0.022226421459084503 -3.7986336927896427 -0.35456452387971005 0.011300338856246993 -0.005935167177900786 -0.5912084162496449 0.9830660423369975 0.004489917500057901 0.03943126373685879 -0.6650830478303882 -0.11578029538948642 0.009338889122643555 0.04281069759730656 2.238919919642898 0.7248489904467736 0.022472742706470802 0.011763231251833454 1.936847526634672 -0.33093887509074815 -0.004137103940496741 0.0008336084470471176
0.24248742357467182 0.019802115020700166 1.4623213738178522 -1 -4.421141007795574 0.4740624784448837 0.024366316063777073 -0.005181509734907798 -3.752935531343489 -0.43100474486919926 0.010549629858335088 -0.012556893784389773 -0.5052387582094937 1.1727053940006082 0.028681465393181834 0.03828376797103892 -0.5632684211165655 0.08913186158732422 0.030846302733646764 0.03588824238980102 2.379195961462436 0.7104243243530322 -0.0011875959419416007 -0.0006460228498007571 1.9719245920459878 -0.30189907970572416 -0.021253222928665876 0.023209745767796063
0.13307636883884422 0.12888418580342675 1.042823609979836 -1 -4.3509576395218765 0.5156641248204963 0.01135026925891662 0.006254355815117022 -3.8219791969461085 -0.4123112492800268 -0.017355962732350797 0.031223277182064756 -0.4266478811131522 1.3677482078167134 0.020800537425005695 0.018032133417258324 -0.47795598450963706 0.31046158447422845 0.028475173062161137 0.06766421031621114 2.556015037283049 0.7103774841494737 0.04002830892690433 -0.000846664742819421 2.1480495841887146 -0.20705929699622483 0.042058331380269195 0.03176840175119333
0.13650628455530167 0.19768611860121985 0.5871055021819753 -1 -4.45560962140904 0.5491294190731943 -0.04253790293730901 0.007979303814300679 -3.832565460613508 -0.24878972022359602 0.008227726185950425 0.033885663770196736 -0.30333152667785424 1.5438795595916246 0.023861185128336806 0.029335188216869295 -0.3204729903797414 0.5650683400598222 0.02512335801155684 0.05163056689867633 2.9589697059364184 0.6180571340789247 0.10478769649765654 -0.010736576551693536 2.465404248098289 -0.15617688600055912 0.05169341640586776 -0.01332667254830555
0.12081520997486238 0.32012474918542955 0.3177939057938634 -1 -4.571944648826811 0.5730022322793065 -0.00899867344249247 0.004213490684023401 -3.8644835392676047 -0.061054552258464234 -0.027345916559847666 0.018837532622970388 -0.048019889864650445 1.6824583109101998 0.06574760665022159 0.02358928767460388 -0.09607291650291483 0.7840909823478359 0.05307431230454775 0.03644496337671718 3.3553571850261 0.4764545449443176 0.0723988117532002 -0.012116664861446948 2.7540963032746477 -0.19383114525207468 0.04918746357652909 -0.026612258564650756
0.11515864935972787 0.4236723997439448 0.1710126888385259 -1 -4.5325261988914765 0.628082274241117 0.03066295406986613 -0.00919183686959127 -3.9226095751573347 0.027385498055685797 -0.00574973274328701 0.02329146812495938 0.2426289003841502 1.7740971492192084 0.054517892352294796 0.037262609398658705 0.12840155818223487 0.9258691605167484 0.03965097154394352 -0.004483052314237269 3.6113414392251304 0.37450636499358403 0.051080149646131154 -0.010242150948051351 2.985410834440528 -0.27503110239276274 0.02767008304494448 -0.01775687095110153
8.44017 0.79258347 6.243824 2.371587 5.876139 8.946613 -0.7781652 -0.25958228 3.773715 1.5560167 9.345364 -0.48206067 2.010531 0.6544173 1.8149688 5.9240103
8.237455 0.7749045 6.187503 2.357795 5.897 8.992168 -0.7564335 -0.26979136 3.737183 1.5655725 9.353244 -0.53944063 1.9759214 0.65721965 1.8029785 5.8401394
8.233204 0.7675648 6.1905737 2.3595753 5.8987303 8.987819 -0.7614815 -0.27581072 3.7286227 1.5668824 9.344306 -0.53753996 1.9746733 0.6572238 1.8057247 5.835743
8.227563 0.75950193 6.2031393 2.363494 5.8979406 8.9872675 -0.7609863 -0.2799883 3.7271307 1.56782 9.3286 -0.529377 1.973625 0.6580782 1.8104551 5.8408885
8.200005 0.75236416 6.2179365 2.3660526 5.8989563 8.983288 -0.7607729 -0.28123975 3.718118 1.569155 9.307662 -0.5236187 1.9700897 0.65937626 1.8138138 5.839217
8.327614 0.7491348 6.2375574 2.3889093 5.8766055 9.040731 -0.6512603 -0.17464495 3.7866204 1.5716326 9.272882 -0.49691987 1.9779046 0.6669972 1.8339794 5.880916
10.006531 -0.29498816 6.798032 3.0065272 5.2706676 9.809141 2.033778 4.627305 4.1455493 1.7033434 8.704283 0.021381617 1.8341305 1.0244957 2.165718 6.381981
9.123622 0.68861437 6.41574 2.5408404 5.6694865 9.225316 -0.19301647 0.44642293 4.1591783 1.5721445 9.2132 -0.26184726 2.0652547 0.71171117 1.9438841 6.2789707
9.955964 0.030034542 6.826236 2.9248152 5.277204 9.553218 1.4674759 3.6483302 4.2154646 1.6628293 8.829819 0.057611465 1.9626198 0.94757354 2.135558 6.4969707
10.14838 -0.06939745 6.9848566 3.2261627 4.861993 10.20655 2.9427943 5.837339 4.6229706 1.757234 8.755371 0.21836185 1.9026887 1.1117632 2.2987175 6.705015
10.0875025 -0.0007376671 6.767133 2.9413872 5.250723 9.651022 1.5155439 3.721052 4.2824206 1.6644568 8.813998 0.04521489 1.9723065 0.9492606 2.148265 6.5134525
9.90004 0.4145651 6.524791 2.7862113 5.3641996 9.631281 0.8221119 2.3721538 4.3894653 1.6237179 9.003138 -0.13329196 2.06391 0.83493483 2.0762403 6.4390798
9.987497 0.71396923 6.459715 2.7000096 5.4305406 9.357773 0.35922623 1.827812 4.304008 1.5937492 9.088827 -0.17432094 2.1653867 0.7726213 2.023501 6.373628
10.239967 1.3941829 6.4224195 2.6677465 5.5927467 8.9780245 -0.06680316 2.2340755 4.0532613 1.5736303 8.872633 -0.16427493 2.344871 0.7474977 1.9809585 6.1543508
10.223782 1.5502739 6.303569 2.634591 5.8469615 8.869728 -0.38393462 2.0137627 3.938276 1.5569131 8.811355 -0.10778475 2.3566897 0.7381475 1.9482428 6.1793942
10.212569 1.4933109 6.257505 2.5973942 5.957156 8.737237 -0.592501 1.7002689 3.8394613 1.5426323 8.856046 -0.0837276 2.3453798 0.7234564 1.9200735 6.20592
10.338373 1.5405989 6.332162 2.538637 5.9653945 8.301768 -0.8229479 1.5083277 3.613017 1.5232399 8.908564 -0.059487343 2.4008956 0.6946564 1.875897 6.1266017
10.707024 1.4511085 6.591771 2.3422904 5.8246136 6.818373 -1.4927297 0.8854562 2.8327708 1.4623222 9.084577 -0.0035619736 2.575615 0.6005714 1.7372937 5.7843504
9.764647 1.632412 5.187562 2.1915476 4.9652615 6.6764593 -0.5114683 0.05836892 3.2858686 1.4239118 9.749316 0.17174101 2.9976468 0.5215157 1.6714636 5.584675
8.966583 2.5660427 1.5303794 3.1813369 3.6117108 7.456532 7.170675 1.9086083 3.5126584 1.7381468 9.599172 3.261993 2.1807785 0.8181056 2.47691 5.082852
10.156475 3.6841717 1.7070901 3.4047024 3.6371324 6.7291594 7.3104553 1.7614429 2.1542523 1.8647751 6.8028717 4.066008 1.8031509 0.8383645 2.568884 4.692938
10.15567 3.6270003 1.7491279 3.4020233 3.6707315 6.782772 7.393613 1.8113397 2.1276839 1.8614101 6.9186926 4.1170406 1.7740037 0.8400816 2.5636868 4.732269
9.419357 3.5894926 1.1541262 3.3042154 3.6079638 6.7418914 6.344788 1.409085 2.140617 1.789836 9.003835 3.6497068 1.8836095 0.7284144 2.419991 4.82338
8.938265 1.4406075 0.49786437 2.9829698 2.6070013 7.0560646 4.739622 0.7870774 3.259278 1.75418 9.764056 2.472689 2.669126 0.7373874 2.1370473 5.119462
8.011082 0.18255615 0.07063222 2.7338595 2.2323236 7.8772073 4.1247606 0.63712597 4.252496 1.6569637 11.628918 1.6019009 3.0710042 0.6833606 1.9839742 5.272552
7.5189342 1.7246423 0.07331371 2.86082 2.9200094 7.7622757 4.36896 0.8404926 3.4682062 1.6003966 13.246998 1.9776978 2.5815828 0.55527353 2.059687 5.075995
3.1775742 5.8292646 2.052063 3.0503864 2.2901623 7.1393485 3.737434 2.4814346 1.7553582 1.6120532 12.71922 1.7845485 2.318442 0.3025496 2.3004708 3.0179138
-0.6658869 7.166294 3.3947053 3.1875205 1.60921 6.8252735 3.9642906 3.2788916 1.467087 1.6902332 12.514282 2.002739 2.305815 0.35665917 2.4002953 2.7906222
0.8285651 6.6718717 2.8705993 3.1345983 1.8587866 6.9525013 3.8510134 2.9759183 1.5775955 1.6604447 12.52253 1.8932914 2.3171594 0.33216095 2.3651288 2.841456
0.95312595 6.599288 2.8091347 3.1374903 1.896894 6.934639 3.8811255 2.920987 1.5956964 1.6619444 12.543634 1.9310929 2.310245 0.34024525 2.3598309 2.9154472
0.93228817 6.5750217 2.7942631 3.150091 1.9212966 6.8774133 3.9394846 2.882362 1.5965149 1.6684184 12.575334 2.00752 2.2966938 0.35518146 2.356962 3.0159402
0.1308155 6.6994944 3.0221076 3.1898975 1.8356981 6.7934275 4.1118503 2.969314 1.5915666 1.6909686 12.684747 2.169544 2.270865 0.39350438 2.3669617 3.177392
0.13232994 6.814203 3.0992465 3.1621656 1.8209858 6.8072333 3.9598062 3.0274334 1.492496 1.6762702 12.587465 2.0657482 2.2839837 0.36028957 2.366012 2.9716492
0.76587343 6.721809 2.9782312 3.0790758 2.0442493 6.92802 3.504868 2.8668048 1.2534239 1.6240987 12.267533 1.8474674 2.2378576 0.29286504 2.3321757 2.6870809
-0.54449177 7.419096 3.135529 3.098587 1.9548416 7.2122626 3.479928 3.1571016 1.1570189 1.6089509 12.052038 1.8811572 2.18118 0.29919672 2.3012338 2.8396502
-2.3908138 9.763863 3.8377898 3.0068738 2.2012467 7.183209 2.2485428 3.6844325 0.4197715 1.5320448 11.344515 1.3481988 2.269954 0.16613293 2.142285 2.5527058
-2.8251553 11.67102 4.256924 2.8229468 2.443724 6.5916677 1.1876967 3.5979834 -0.19847772 1.4411422 10.928766 0.925706 2.515984 -0.0010499954 1.9657872 2.2034578
-2.1829076 13.076881 4.597202 2.6473467 1.9483948 6.6589847 1.5950329 3.9083438 -0.6596367 1.3198777 6.8635473 1.1297014 2.3838592 0.00052809715 1.9119377 2.1140842
-2.057208 13.024206 4.580717 2.5871742 1.5225735 6.830231 1.5922279 3.80594 -0.83683383 1.2686133 5.884946 1.1788336 2.1443834 0.01862359 1.8643472 2.3879247
-1.9199071 13.078079 4.5268736 2.6914704 2.0024056 6.678302 1.6703763 4.003835 -0.637741 1.3569446 6.0972347 1.1605039 2.5051403 0.017097712 1.9408419 1.9299526
-1.0941391 12.852211 5.4279127 3.0540888 2.3484578 5.9430404 2.5336444 5.1875477 -0.54852474 1.6244731 3.7585034 1.7574892 2.604507 0.32735348 2.196784 1.9363527
-1.4410424 12.988445 5.17352 3.0339491 2.6963496 6.563442 2.529198 5.100812 -0.42666852 1.583322 3.4293327 1.7897652 2.437037 0.34088516 2.2115672 2.0585785
-1.8694015 13.244796 4.4174795 3.5425658 4.1504793 9.025949 3.2145114 7.466012 0.12015945 1.7560102 -0.27812243 2.365535 1.9471292 0.7763722 2.5036151 2.6348915
-2.6805644 12.416321 2.3235054 2.8389452 3.4257267 11.90577 1.5953921 5.561883 -0.82204163 1.1482432 -1.638897 1.5775447 0.768382 0.42587185 2.0143883 3.170392
-2.531654 10.477695 2.0164022 2.694248 2.9402573 12.596873 1.9492409 7.1793213 -1.8476729 0.91351414 -1.5734344 1.1966394 0.2973215 0.3577869 1.8681448 2.8097148
-2.742464 6.4618416 1.095535 1.6659926 2.0217113 13.294948 -1.0797195 1.1540238 1.5436114 0.86135674 -2.876937 -0.4926393 1.8977592 0.38693976 1.3688076 4.0218177
0.14352226 0.43220258 1.127376 1.6763309 -0.050237656 12.539123 2.2612526 4.3659267 1.338274 0.8402157 -1.4553041 0.46913946 1.8491178 0.6667688 1.4714797 3.6760707
-0.25917435 0.12571096 1.2065238 1.5879613 0.0840683 13.080493 2.5119014 4.6445665 1.3531853 0.7421031 0.4520731 0.43022752 1.7031775 0.56600547 1.4508498 3.572156
-3.1191282 4.5392656 0.61455524 1.2606273 1.3356233 13.956552 -1.242562 0.48166633 1.802949 0.6124748 -0.92695045 -0.92283654 1.7078931 0.27307487 1.1547403 4.3777766
-3.3620787 4.9059505 1.116649 1.4716609 2.2244735 13.589099 -1.5220181 0.5834652 1.9501845 0.7742939 -1.5164647 -0.734251 1.766238 0.4165733 1.2987596 4.435117
-3.6296387 4.458498 0.46583605 1.0510995 1.0565677 14.394459 -0.9688164 0.012001514 1.5119613 0.4511876 0.09323931 -0.61608267 0.9601068 0.35064888 0.8968668 6.108507
-4.026077 4.090313 0.57775664 1.2608842 1.7665572 13.79916 -0.5423845 -0.5680883 1.7208927 0.58387935 0.60303354 0.26935816 0.6282257 0.61918354 0.94770217 7.5366764
-4.1363783 3.89852 0.920918 1.7126353 3.332486 12.660964 -0.1467601 -0.85222554 1.8651426 0.9669845 1.6431069 1.332342 0.22093093 1.1789892 1.198541 9.75825
-1.2695432 3.0399418 -0.14856172 1.2243109 3.0983357 13.553622 2.9460797 1.2689021 1.132308 0.9316709 7.0138803 0.9339154 0.027132511 1.4428446 0.9516628 11.887292
-0.770597 2.9395285 -0.3589487 1.1620734 3.1337314 13.814564 3.070241 1.653131 1.2560474 0.8819448 7.6112895 0.9569545 0.27755994 1.3606522 0.89036095 11.41119
-0.6098423 2.2946548 0.28820062 0.9561515 3.2209868 14.127132 3.7479267 1.4583231 1.7839227 0.68978095 7.2406054 1.4608557 0.67319185 1.0664421 0.74270654 9.934608
0.39687443 1.2566781 0.36503315 0.7997756 2.6979172 13.499402 7.207321 1.779319 0.35379982 0.9682884 9.457306 1.0372164 -0.57027715 1.7250522 0.88491225 14.105971
0.667253 1.3928638 3.4691749 0.94417715 2.1971946 10.879616 8.754066 0.643793 -1.9796922 1.0185566 10.502303 1.7888436 -1.9794097 1.7142864 1.2304621 15.464811
3.6116781 1.7660551 3.234918 1.026515 0.61852026 4.172304 4.148472 -0.7849357 -3.8643599 1.105293 14.291904 3.4426227 1.1106731 1.6370666 1.1665471 15.392903
2.4029274 1.1555915 4.2148695 1.2769973 -0.14909029 2.7233217 1.9475167 -0.39308643 -0.73178124 0.82168674 14.896309 2.9701622 -0.18030965 1.2223035 1.3476841 13.287324
0.6268735 2.903108 3.6624045 1.4411819 0.21283293 4.00667 2.1199148 0.1655314 1.9309388 0.70682156 15.586073 3.4824934 0.1815939 1.0974997 1.3608805 12.559011
10
10
10
10
10
10
10
10
0
0
0
0
0
0
0
0
0
0
0
0
0
0
0
0
10
10
10
10
10
10
10
10
10
10
10
10
1
1
1
1
1
1
1
1
5
5
5
5
5
5
5
5
5
5
5
5
15
15
15
15
10
