84
1.9332519359867542 1.982014326769621 6.676293882087577 1 -4.4 0.4099999999999999 0.0 0.0 -3.75 -0.33999999999999997 0.0 0.0 -1.3900000000000001 3.04 0.0 0.0 -0.73 2.29 0.0 0.0 0.8700000000000001 5.02 0.0 0.0 1.5300000000000002 4.26 0.0 0.0
1.8460314539285938 2.0780630987254596 6.6588158857077016 1 -4.344962694171083 0.46059152388187985 0.02939947175471334 0.022932452661273285 -3.7578252824422984 -0.37302012391049943 0.005246766970530854 -0.013442110464136292 -1.4000419161713018 3.0366378707650075 -0.0029555788299395888 -0.005873056342380904 -0.7326785525253263 2.2821700558084244 -0.004947094923060857 -0.0011603293447767348 0.8219818001515655 4.905615510032523 -0.02034729918293221 -0.04982899575414345 1.5431157419233443 4.12713072701701 -0.0011614942093318564 -0.04744408815488482
1.944203504780579 2.3038070387768457 6.493030757796066 1 -4.207330091836839 0.48287243626411946 0.021736864985824108 -0.01966804922956491 -3.7440516618779807 -0.45575991313862196 -0.0037637338068711793 -0.009016011729215755 -1.4705077314353008 3.0086904676500064 -0.02039316447298084 -0.010916077587677486 -0.7615799107429302 2.212130510857095 -0.012762943942013293 -0.02382994095065561 0.6848865734117107 4.594214938222706 -0.02473899141738392 -0.07168416430750466 1.5122383398583592 3.789140166564845 -0.017406294709426316 -0.07679491377586245
2.1168516664060397 2.4536282339733146 6.19446768912787 1 -4.186941593513486 0.38270747606338085 -0.011210369572884965 -0.026631970437361274 -3.712972859035821 -0.512758408747692 0.00017837837247933717 -0.0047503895275958895 -1.587336635865646 2.930311988848269 -0.019298295614167457 -0.03936443045779247 -0.864184099919731 2.038551168839115 -0.04472102384075555 -0.03521700152269466 0.6188673245351932 4.234645861891769 -0.03160437636208492 -0.08882805199254591 1.3866021633020047 3.355201570631438 -0.047925205690615036 -0.12297443926726587
2.07928769074328 2.3574736779448666 5.891721733907712 1 -4.279982296387023 0.29835976455548563 -0.0024245922859140595 -0.007447612519886666 -3.67106165992891 -0.57527347892942 0.016101611702354593 -0.005082009236391768 -1.703856229992689 2.7830200942306784 -0.01230628630464514 -0.018970716412773148 -1.038602186174927 1.8141909183323452 -0.015417302197431447 -0.036327524945242676 0.5758636145100455 3.8591607560614865 -0.012912371296701156 -0.07064210910675581 1.272549491268098 2.9290920262748883 -0.024463079450443796 -0.07163766688149563
1.958363856926734 2.247980109800792 5.693635623757318 1 -4.336982775169845 0.25573357448130785 0.010334466089861511 0.0011429477442392744 -3.653232772216808 -0.7126123195816543 0.005809249184034013 -0.029082906606070547 -1.8539750471934155 2.5923362980099274 -0.044276340705591964 -0.05198963677122312 -1.2105809872966837 1.6018077818054257 -0.04936965964575121 -0.047761051500289815 0.4938388462561747 3.5650907649948103 -0.03511728888009842 -0.06976562606320104 1.1697795212715585 2.6181292943329444 -0.036850598497776665 -0.05941003154948776
1.8351423812539789 2.139871078696436 5.56498798076351 1 -4.304842861022658 0.2130100956495795 -0.004096372234315949 -0.01999653059134499 -3.675039175582259 -0.9054210997400723 -0.004151249248950422 -0.04514457619579209 -1.9750304768826124 2.4215613902033097 -0.03313714020033645 -0.043130429817869506 -1.3312106837606015 1.4160965997708326 -0.04190637638005559 -0.04972045758544664 0.4402264979934465 3.3393434575894565 0.014640851653526906 -0.02978012477257107 1.0682555734328343 2.380892764810333 -0.006035331756781406 -0.028455816836597182
1.7394398631536883 2.0474970812853086 5.381569104360595 1 -4.242040719028942 0.11570472312676117 0.022771686554942314 -0.020292462082526264 -3.6713889998013185 -1.0658172581066052 0.014087220692175557 -0.020912342301585795 -1.9782798046717 2.318386454915782 0.02205457316189564 -0.01032076580794699 -1.3791312366685888 1.2549323395509093 0.010879675258938386 -0.01841783007384936 0.4227834511696571 3.1681456963919965 0.024285017046602644 -0.022039156083455188 0.9856674496028974 2.1664985832784245 0.004745435329278354 -0.019989474787466675
1.7435077410692497 2.0314179671529913 5.236105401109097 1 -4.18469653986228 0.002247734833162207 0.030697715447542885 -0.014418741507990735 -3.6440960181262554 -1.1522492727885059 0.009552042930019277 -0.002438832668660641 -1.9264398611877147 2.242431192650428 0.0007265676240872983 -0.005102906689833733 -1.346341733076637 1.1546946808897354 0.012813920387635978 -0.025915916094409366 0.44849958661635725 3.040961454212013 0.0008159203629093878 -0.02981495860439219 0.9823439241340424 2.0059943816506682 -0.0006057270111105191 -0.029614066520999485
1.811801164412829 2.079595276544068 5.127796856533413 1 -4.126503829957353 -0.05485042376143878 0.0434833312329337 0.0076267412209197315 -3.6622132680542774 -1.191814809795439 0.0116198248069409 0.0009931508040948497 -1.8691583530081646 2.1817514237426634 0.0048800921830743724 0.0006472784989496965 -1.249838855714398 1.1178115687921206 0.021827423116991502 -0.015274136115997837 0.5460879751820658 2.95303463789428 0.01054530428586664 -0.013842028068468884 1.0918308818822293 1.9203113814346726 0.024971592647198365 -0.022693543637763023
1.849419326224237 2.1454417208440812 5.074435946010601 1 -4.077826089190398 -0.06779115132297409 -0.0028575785092671002 -0.0012779357103664245 -3.712167879261149 -1.2083642917454005 -0.017390195831528593 -0.006299392048965277 -1.7740409188552113 2.13938364830975 0.03757121654257424 -0.01813495354203623 -1.1424239836970274 1.10936607705237 0.021629840378897834 0.011703862574735466 0.6687958154117011 2.898263194132037 -0.0025144824261777894 -0.023481432493259832 1.2623903004094208 1.9074011316067234 0.011362446334342684 -0.01192205027271295
1.9377848333067376 2.248080654684177 4.998749959490086 1 -4.0396049912176775 -0.057387937033912095 0.018893697103656213 0.004629061686834277 -3.751435005410089 -1.2049795383327564 0.001270935610184075 0.004821603467818837 -1.6246319487005336 2.088385164073172 0.04868491605197415 -0.008657354287543093 -1.0242472609302529 1.0822136718814188 0.04263761805241152 0.004361595132262312 0.8267448575427947 2.910938928447798 0.006101629262403431 -0.008553393280253922 1.443263990378017 1.9552327523146356 0.01742982242002134 -0.00018881147292588258
2.0318472667708596 2.3510349669873873 4.962986434456351 1 -4.009704616269402 -0.04638512483510859 -0.011116968860268094 -0.0004495172523186499 -3.7803595194966 -1.1917075571610902 -0.01702836081499547 -0.0007930053826671595 -1.457540441032791 1.9966658957140324 0.02435742334663412 -0.027696556204970663 -0.8658066709794263 1.0211438949462481 0.02537286681779599 -0.022476200846779273 0.9877518146967459 2.9656045920883685 0.03896221482279766 0.008690129979500742 1.6234161667784992 2.0443169755901254 0.033927993076847844 0.033429958994571164
2.051600621091516 2.42563464797399 4.946387972058384 1 -3.976516108855753 -0.04102407583345846 0.01710627367084302 0.0010288930681862994 -3.7957174061740284 -1.173341970139928 0.006794794021830825 0.006808408108903801 -1.2871145586053774 1.8666984288179136 0.025266704296820548 -0.0318184421558888 -0.6732386633800953 0.9291078149060512 0.030636866787700598 -0.02849110377064292 1.0956403889478032 3.0102294813513257 0.025825435346934218 0.01176429953161128 1.794261686854317 2.1407407732070602 0.036019535655160334 0.02619308397605257
2.11714765789989 2.488518196428414 4.93928586504358 1 -3.952828346404874 -0.036801366334087704 0.016999709414718005 0.00198188555400942 -3.79574859060535 -1.1492026024371504 0.009945142627047446 0.009832651005971128 -1.1131917058077745 1.7252163618840197 0.017834264338529696 -0.04162992160259362 -0.4884994971360621 0.8121790993761309 0.013200265074914935 -0.03685878152910414 1.1808253777398559 3.0398630175816077 0.03015149273864939 0.022478735567318525 1.928997678659183 2.2174034571379857 0.03749122527146283 0.019702321858372045
2.120214756467639 2.4771135680283862 4.912025825865165 1 -3.9411428466578484 -0.01575137042335295 -0.008068316360120873 0.0075982118000667564 -3.792479260220854 -1.1114455788613604 -0.005910824236130328 0.004797020169751146 -0.940501875889546 1.6003825670441105 0.039578015446334575 -0.025794720383706032 -0.3354799319468551 0.6828531494468728 0.02672297956511803 -0.018125198633002406 1.2532132660434776 3.0496119706005693 -0.007357394552801577 -0.01877839474533563 2.0107167532890484 2.2345562496689704 -0.00345347752912562 -0.01943831356489266
2.048207646898184 2.4301750622343263 4.829542088970673 1 -3.9286017414659717 0.017086634583949323 0.013831313814457345 0.00535155959247687 -3.787097001007905 -1.0619693641948722 0.009180200884406613 0.013076206757163887 -0.8102401724826982 1.4885918038906034 0.022626184508130892 -0.006807964624950119 -0.22845511752980663 0.5556176289512589 0.03191832138503202 -0.028214379625321567 1.2871375875848416 3.0174955736004803 -0.005775358136026804 -0.005677386989487193 2.0671111765883987 2.2135806396787236 0.01839918049485032 -0.015528663735494237
2.074365983355998 2.4586310477117466 4.7141625155870015 1 -3.916746861155302 0.03880393583429953 0.012320535259270876 -0.0024811741954820664 -3.7848733828861656 -1.0282974816075112 0.006843216919429211 0.010587146388283737 -0.7370915713112627 1.3832961941633086 0.010520219901172696 -0.01407162138652109 -0.1556133081735629 0.44676120144883114 0.01808920731455654 -0.024247859872525562 1.296396247087972 2.9367598184611685 0.007193280771939708 -0.00788011715821272 2.118117522637995 2.18601517034752 0.019901165360854484 -0.004101300609751397
2.1690364540690843 2.556620242788215 4.606006932415078 1 -3.9117940963046296 0.031859637817667874 -0.01437243831928037 -0.008142150334926504 -3.7887205279065888 -1.0335841954787301 -0.015486120744250705 -0.0036220887846965914 -0.6994794641368616 1.280374968296071 -0.01407779580608858 -0.03478168437745382 -0.12002729786765354 0.3459358758318172 -0.01847368549798266 -0.02991479444846505 1.3194899243983462 2.8298851018669 0.025524503274173466 0.0017958295678599627 2.1678775482108907 2.11936864429648 0.02912251069177255 0.004015437431274752
2.247293470647775 2.6465677977274322 4.503073415640976 1 -3.9089642339186375 -0.003715501819470446 0.013015993723101964 -0.011785723875943727 -3.7993396157220696 -1.0798805337307946 0.00596417238447847 -0.006918803501756631 -0.6693970322956941 1.1910828196350107 0.010869084323159769 -0.012276290682583547 -0.12231706399149456 0.24515858798040457 0.0025230617720459966 -0.017475384031750703 1.348959401625506 2.7002775476032737 -0.010867885436916695 -0.04754753180910748 2.2138341136468647 2.0043380346498307 -0.00515976550862228 -0.0427836970956037
2.3449680840579923 2.7099761957231348 4.395631166420413 1 -3.9010303704377085 -0.0515191587443794 -0.0020829593619881423 -0.0019101024072855424 -3.8212200954461664 -1.1457199834097254 -0.006908486932198149 -0.02354539155731189 -0.6632852949821979 1.1147417134781907 -0.00363447260612125 -0.0022006601212299446 -0.1508392645705916 0.14566825678517126 0.0022771511370078277 -0.02731872537812196 1.3727137822951212 2.5692832225135 -0.011125943091631972 -0.0500050779239057 2.2459167927653443 1.8926379865214789 -0.01373442055578096 -0.03593240132021588
2.369117037576991 2.7322854768416387 4.294441346632162 1 -3.8829182316282975 -0.09918318724198627 -0.003039847332590671 -0.0049804680233984395 -3.847440778072227 -1.2044019896797324 -0.009386386783303866 -0.016226373220194205 -0.6795974620588012 1.042066348975025 -0.0067532956188876385 -0.017511483717576624 -0.18315248245212778 0.06535672913891255 -0.009094850452749858 -0.015266649374722522 1.3650913049336406 2.4521384407994797 0.0029415730964735196 -0.022289302069223856 2.247008127022216 1.8080140486989067 -0.009520462155046 -0.0027821989406285608
2.358341079124671 2.746855151556555 4.225467231168299 1 -3.8742606777995485 -0.1419398915730251 -0.010774768225902412 -0.0030097721822968243 -3.872046601413181 -1.2556822054737484 -0.012851336165789068 -0.016639545616119793 -0.6988900007841732 0.9687507728925806 -0.016870850955436688 -0.021119947225118917 -0.20144385486672878 -0.012573343836509987 -0.014341701714308683 -0.02417979192334204 1.3053676237785243 2.350200719634053 -0.022448358286501616 -0.01531203238400776 2.225417500326701 1.7464292449784837 0.0030266978025282366 -0.01976454182302491
2.400347782697157 2.779643969133753 4.187453487389348 1 -3.871078073466184 -0.18345829654073742 0.01157068165971106 -0.019731329661757033 -3.893566944424108 -1.3024765925080846 0.0031275074236187684 0.006306476944623305 -0.7129485735663952 0.8826838295794381 0.01211324244002731 -0.011328485551643392 -0.21180502964168912 -0.10261045946907166 0.012114328537075182 -0.012293499742557855 1.2494715924990256 2.271600637357874 -0.0033874208663821626 -0.019027113333220297 2.184486331450307 1.6939461957403608 -0.019023189217550366 -0.006481071254074565
2.4149585017021025 2.7911569999962773 4.171247879570757 1 -3.858298228405813 -0.2219938693851552 0.012122119499513055 -0.018165325567378515 -3.9204526772455175 -1.3424942204774983 0.0009581423859175648 0.006583977702834521 -0.7217528567811367 0.7836737765290862 -0.0071704338094632555 -0.01251215655750934 -0.21758992511735542 -0.20620297535969223 0.002700267218168576 -0.03201568586054962 1.2061061582207717 2.2135943339616544 0.003410871621158631 0.008226256808002388 2.145117686605965 1.6326683269469555 0.0007817089132017285 0.00523448511406175
2.564498628413626 2.868717161578962 4.068018078356017 1 -3.8914870447258423 -0.27364611136698025 0.0014207500155399015 0.002455928391945971 -3.8630772320231928 -1.4381006616136045 0.02103233441266603 -0.012113154528727323 -0.6435951144696337 0.6452427185594298 0.04040730104410638 -0.0369109486246979 -0.30781809921577885 -0.38873906661100766 0.001483045048327379 -0.02712819760736414 1.4000745527532308 2.146287166014223 0.08971851829979875 0.014915930050835573 2.225211567727092 1.590601239805741 0.04292974170968634 0.03142186007102048
2.619820737691953 2.8868150880308683 3.86869940906553 1 -3.818760072281753 -0.28029664515828745 0.04332786882019399 -0.012836251884693351 -3.9753953201272143 -1.3698784445921162 -0.028275654821624245 0.020443569430383328 -0.49500054141718675 0.4372615004199998 0.027166800648442114 -0.04322056809393185 -0.22384654012066374 -0.5339057318937801 0.027464173684528727 -0.026261567366055203 1.7340171992721132 2.177195690088314 0.06867737622963131 0.02856836780995213 2.506882162422867 1.813698795679005 0.05709421189535323 0.07856698453299735
2.653649134500165 2.9422739795351425 3.7098779270811884 1 -3.74343168394011 -0.3667876542696268 -0.02121214336779105 -0.023613653745933525 -4.039950278907365 -1.3899593884902086 0.00864439915661452 -0.014787121615977348 -0.19493947424016245 0.2865000950460621 0.0804406025381007 -0.04057072013273865 0.02534127806428188 -0.599168190405496 0.046604121961367526 0.013546531818610201 1.950625992983598 2.300995124270545 0.061568115379664265 0.026526940371894868 2.7637424245655486 2.1177356420149027 0.00199161671667282 0.05392195404893631
2.7175058317199925 3.016696694646996 3.5293783887088908 1 -3.773116198696425 -0.49113019283235126 0.01956316910749604 -0.029240249579382222 -3.890028411715554 -1.4657141446103403 0.03716145228921314 0.0008361515364471417 0.15503709862339843 0.20562134966481915 0.07264477859049792 -0.013966774601495424 0.32940881700441516 -0.6430916144168861 0.07462201985658691 -0.003237247413314444 2.078035614242344 2.4646145483102355 0.046964410523646374 0.018529069646059316 2.9100820152757496 2.2709757106818866 -0.012232956785190444 0.032313230260453886
2.7247566759707103 3.0274021959377495 3.281129281963145 1 -3.6964280837578434 -0.6307800875653815 0.021851074134209184 -0.03557250843996272 -3.9178823945886303 -1.4197378763966855 -0.014427759056741866 0.02309166281819991 0.3940571898274081 0.13288541897394412 0.03837032785982826 0.007616655121990331 0.8304254641007098 -0.6205692379434877 0.1106842926420519 -0.014948308337670507 2.157682195841944 2.5085010003484003 -0.0005563785562616268 0.00883280271848831 3.0137983263741317 2.408437072169925 0.04078416972734766 0.026424657331942394
2.7754895429897677 3.0754789585877265 3.1237627954803027 1 -3.6302237124759484 -0.691997764076911 -0.0031655175947455415 0.015345747670241626 -3.9238087895542373 -1.4077999752675867 0.01451537194570236 -0.01806905864508699 0.7040520925956653 0.09171356733092884 0.05604953473379422 0.012005272733525668 1.1898408257230573 -0.6243796205512316 0.06086106813158225 -0.03330173499531693 2.2506626343443834 2.5703038320943956 0.04626613096167908 0.021525680880004103 3.114309547126581 2.4988401539591023 -0.009752280658301325 0.015644392657300228
2.808689816330521 3.1262827046785007 3.022529048329344 1 -3.6836879655307624 -0.6695531123166611 -0.0050759210926496975 0.032019706887904356 -3.769959556260101 -1.3860874930372247 0.021370533958524913 -0.016903281718622168 0.9620763539387838 0.03665566444430879 0.016877571093558193 0.004427457505441932 1.3925168115331275 -0.6847126447835076 0.05472030126770161 -0.034695307684761145 2.352287828028783 2.6594591290033347 0.03853363615328583 0.016811895636781937 3.228629034567131 2.5826356784554747 0.004013431849842319 0.031130760374406666
2.849112984453626 3.127593400892159 2.9522809478340495 1 -3.6645560566871715 -0.6203564084650036 0.01360187519811568 0.038314137671380075 -3.702183115926844 -1.3272686321859255 -0.01101939970357065 -0.013227768847601091 1.0540878099897242 -0.04830239326079122 -0.001998280257152773 0.00917013821465912 1.5547763960117482 -0.7067210227629888 0.03947430823216762 -0.03103968979714964 2.4571979202830665 2.656387967174728 -0.011238624901124303 0.0006318905450575305 3.322953456022139 2.673976127738508 0.049521216634365095 0.008376641567245505
2.9269489028221853 3.0626971703970294 2.902867672590687 1 -3.6309830440235036 -0.5465058141655867 0.010152646700370083 0.03936914980959137 -3.7591571217506567 -1.2524349548790732 -0.018091578035615556 -0.00743918823902133 1.121306169006595 -0.07347157543664651 -0.00436765134154036 0.02259328204221745 1.5849881479143857 -0.7469899631463676 0.010874505416227271 -0.03849247786096732 2.523323185162532 2.685850197898421 -0.021490467115057373 0.005514069715999936 3.380962930685329 2.6560205842228974 0.044543934595951476 -0.012577509182634257
2.9598707020254293 3.0267367809781405 2.877477826764683 1 -3.604343129774046 -0.47371410791299184 -0.0016301762897641108 0.03723993845153921 -3.7716043967806137 -1.1806537019611785 -0.0010807318806155069 -0.01221628568774297 1.1105526086725144 -0.0844906179114091 -0.032008516639645296 0.016925390025709162 1.526998614188133 -0.784771228002145 0.0049324683899060005 -0.03281632726929495 2.5579772881107976 2.6513731559855263 -0.024751424284942425 -0.019139614319396273 3.413248086913823 2.601273039810114 0.041340421700985605 -0.010698287494801059
2.9768714672138317 3.0042131720665552 2.875452637741388 -1 -3.6505750222891042 -0.4138028154148371 -0.011227462577665626 0.029890476443905148 -3.734711759980649 -1.1495462852578981 -0.00014597462757352016 -0.019144603512990944 0.9941548670337159 -0.11879681455760205 -0.03666269433755249 0.017926166399324074 1.4494621636182563 -0.8032590651257747 -0.00490788665398903 -0.03463961869774754 2.5763450931581833 2.537010228851539 -0.0282471851486469 -0.019296090018202813 3.4320238382063977 2.5175954159405416 0.03885869066295898 -0.030269953208247376
2.9899171575013597 2.9889124076200475 2.8818473367643023 1 -3.676778272737142 -0.38446868900883857 0.0009365253448131558 0.02268254598073025 -3.7389612560310836 -1.1512456271437288 -0.013451343742623488 -0.01975758930528622 0.906747138663186 -0.12534959294142978 -0.027748457104971994 0.021581043187328515 1.3082562277555985 -0.8546870325544771 -0.018012545403604557 -0.0400775326984836 2.5790762480536555 2.434628978740123 -0.029283855270590707 -0.022672250326708783 3.4356075919631506 2.3305007371844777 0.035381942042432064 -0.04454269441736855
2.954663913692115 3.0169400505609536 2.895717361438913 1 -3.6640655861592424 -0.3682262628197237 -0.00015948414589240725 0.021554145787566686 -3.7886846624225345 -1.1553071450856338 -0.011991059270260358 -0.01847755085346988 0.802592720550324 -0.14794844256832906 -0.037939781337881506 0.010496576766262061 1.166125797743546 -0.9166127598641192 -0.010771036214305162 -0.037293017124213484 2.5753318518154034 2.264677178795889 -0.02885276609441003 -0.03693500837665792 3.4347689573344518 2.142051484031865 0.03514473486661206 -0.04010754502705284
2.9169530386169944 3.041411922704542 2.899796937572245 1 -3.692433464606258 -0.35055729180825956 -0.0117635333304404 0.016499947809831744 -3.796143447734098 -1.1707497636884043 -0.0027896720911852486 -0.018672047107391527 0.6746755864208627 -0.2093072450955975 -0.02903063845993059 0.007421126809003305 1.0603114023490354 -0.9819882811200583 -0.011954349404640878 -0.040512435620070966 2.5690096088490755 2.0791850743082665 -0.027775699465897564 -0.028106990704021867 3.4316603773377965 1.9446113605577717 0.031644756151885514 -0.05083720294659428
2.878037163209038 3.0731173678930728 2.9055956107827625 1 -3.7231869703760667 -0.34895492273083983 -0.002222008190481923 0.01114541587955636 -3.798202739929792 -1.1983688306594318 -0.011045668829407752 -0.01700776950389714 0.6115042511305635 -0.2643153538234435 -0.017661269571549974 0.007866825662996207 0.9373504394454102 -1.0738667035681182 -0.01485689674244468 -0.04330865771405307 2.5629965615421932 1.9219714544952566 -0.026372453286020187 -0.02950066267610383 3.419922102905087 1.7145258732042263 0.030463053955701133 -0.0502230341742481
2.8205661765092342 3.1260493686675486 2.832935977686563 1 -3.70382912739677 -0.3590912351222184 0.00611889386765312 0.015028212376557921 -3.840389153935499 -1.2147688626393247 -0.00981063686014361 -0.019698226482860327 0.5546547165457341 -0.3369528923448768 -0.020303268597426052 -0.00019884188504899758 0.85222219688377 -1.1709167910802742 -0.0018185682334430245 -0.042156898866054525 2.560796591529771 1.73780841721419 -0.024440672607664936 -0.03058373219914252 3.417793075955916 1.5240119510238692 0.03241795423801455 -0.04255867474004331
2.5950411781904883 2.96655564695473 2.8267823779755172 1 -3.7321046847814485 -0.33953956488055437 -0.011068573532345496 0.0322066678115326 -3.757146248554527 -1.2518753007379728 0.04012436804964649 -0.026153092002085175 0.4422797148109838 -0.33400395279675776 -0.031483628114442844 0.02554943735566025 0.7983589338203325 -1.179792789267246 -0.009792426172160166 0.0005140696909904166 2.4026391466322368 1.6176007433217974 -0.06474719730069958 -0.020996797436266548 3.2956508319434823 1.3123214010672717 -0.03173710065969712 -0.0653033682066921
2.0951254739797593 2.5030201491738233 2.907454488047199 1 -3.766061547807698 -0.23806436270237774 -0.005150576759539445 0.03612436706220434 -3.563269230919414 -1.2265880449215198 0.011544653974202713 0.007865209571300087 0.25294774618650884 -0.2117706683092665 -0.04702313175427565 0.03588519826663972 0.6641522752911264 -1.117542501379424 -0.03767996601453684 0.0018550761498514548 2.0858743721819017 1.5005883646806737 -0.07053052564992676 -0.020428769675810057 3.023429596177489 0.9513517297208685 -0.05927398290360147 -0.07549595629969169
1.7238082734120577 2.0805227968119078 3.0684991389680727 1 -3.7846871266884246 -0.16623109476265818 -0.004857986453985053 0.030283722383163496 -3.5951205301701314 -1.1122398816012904 -0.028881068997563944 -0.0007636779025792031 0.007960144382505696 -0.06512805843897929 -0.042371041463662634 0.02609530588372861 0.40696116192137755 -1.1011649853948167 -0.055261437766803506 0.0053315268713881 1.803911623509726 1.4084390469444914 -0.042756591565007426 0.002381645212824068 2.6650404716392773 0.6479893123654621 -0.05397406152892411 -0.042878444305278075
1.5066628442950005 1.7862306415246236 3.2659334066243324 1 -3.808259603130593 -0.09751407276497226 -0.02017303137528404 0.019039239229379924 -3.757615809385437 -1.0796689307199396 -0.04976217568739105 -0.002070542698544113 -0.2636349236356752 0.015105034225766367 -0.053092411438934305 -0.0024067615234341887 0.06426633360473044 -1.109148057057826 -0.07642250975949552 0.012369656266117777 1.6295018438575033 1.3543151288185835 -0.008053714064645908 0.004837196035721842 2.3515259429448108 0.4597520693487853 -0.03393083327899783 -0.018509734315521154
1.3761884406708766 1.5809237202410946 3.211214722415937 1 -3.8827745448216016 0.053682633345248476 -0.016849568598331262 0.03363773758771572 -3.8982486411257313 -1.0794772671696293 -0.008696123845878971 0.007533393862836554 -0.41643316982622824 0.03894617454595406 -0.009138316187736278 0.003163146134676731 -0.43160449831973136 -1.1271668100510495 -0.08813500187860698 -0.004429734094796581 1.5532749193714688 1.3061797656974248 0.00030277940633601733 -0.024479984189148547 2.1344347586069254 0.34239308608507724 -0.035341737993773464 -0.004049210045496644
1.4797208579624415 1.7676847160605518 2.9826725059018853 1 -4.050064605080441 0.25283689335238235 -0.054310292592365875 0.0340049418431859 -3.916617391443988 -1.0337300311826 -0.01300012241959904 0.016038647845943946 -0.5685683900704772 0.044162276290248936 -0.0246058437821264 -0.005767986164289675 -0.8259542542084168 -1.1018322047422546 -0.04337064367954822 0.023251580599563185 1.4954109472379606 1.172721030757287 -0.01936890348817746 -0.04307528512126815 2.0421965358629013 0.20446473604186233 -0.02018048396291193 -0.05374804061118868
1.7507613088599854 1.9764989445498629 2.8450700606037875 1 -4.206690096421929 0.4151133559020219 -0.049449833433075435 0.011825993733490197 -3.902638870150231 -0.8930260412258243 -0.02543233296728617 0.02922799728441326 -0.7344907887552621 0.09725687884086076 -0.022652892568226272 0.0036352865922500786 -0.924983411927025 -1.043148550039729 -0.002953846780059997 0.028816335393396432 1.5168071312265647 0.9269062213204997 0.020212175946691613 -0.047976598575863734 2.0210335661840206 -0.028567961364124428 0.00813678373853994 -0.03929028999411005
1.7765835968364185 2.0378029249498226 2.831041693790373 1 -4.304821502504301 0.48807221785603483 -0.028378605593154502 -0.0011339074060917505 -3.8846492656714173 -0.7293942282355508 -0.018281745001809183 0.023397866697497792 -0.7291749092764661 0.20026464362116414 -0.005673383408865786 0.021066948536986034 -0.9180418409108411 -0.9474725092084146 -0.028151775016318444 0.031184272471680048 1.5233912941215442 0.7127677570371242 0.005724932608326894 -0.03111632008236223 2.0420739626786064 -0.26061014401973437 0.017186345925027262 -0.03322542356258055
1.788638925628016 2.1019056588489824 2.8346675281524694 1 -4.348998591272386 0.5017299622726232 0.002181658823330745 0.004169217926623177 -3.861971290800605 -0.601799416891011 0.021586723664020355 0.027272413397759744 -0.5529171937150097 0.28449676419763303 0.05357584727983121 0.0071360481022650895 -0.9507669175556805 -0.7901562655560506 0.0030956252525845065 0.030813773821720417 1.5036823891054851 0.5475834727083178 0.008525094210442143 -0.01662164749786956 2.1197862727842587 -0.3983626183337968 0.028985995688047057 -0.026522946129264095
1.9622565962530234 2.2497609877023366 2.7452946096077016 1 -4.375290643787042 0.49961066486318884 -0.016405949772150076 -0.007665804819918321 -3.8416554466884394 -0.5112501131827089 -0.011631708409328978 0.010233647769229562 -0.40382885731116414 0.30857103676242836 0.032010800613986055 -0.022868762167109865 -0.9875510950646467 -0.6525942514278558 0.00884513432651073 0.032759934492843756 1.5793616988127264 0.41799505159983186 0.00374589455313357 -0.0333200271155519 2.2086166418021076 -0.487979894540138 0.00815145668808018 -0.022734350825341844
2.041698193615881 2.3734856632474832 2.6275953836283312 1 -4.413357642758504 0.49281439405288796 -0.00895921007853357 -0.008061797356693176 -3.8185818910061538 -0.41900030083990936 -0.0011141159869280035 0.019276034758542608 -0.3108149111486087 0.26464300279513364 -0.0012577038448470385 -0.0054090972864618125 -1.00201918842387 -0.574036348515723 -0.01005292134156873 0.01989953796505947 1.6270880394029463 0.29118062139462375 0.0012799866027474183 -0.02908116770411276 2.3063749915735396 -0.5535329860411855 0.014831236046456848 -0.015825556265863884
2.0862493929540458 2.446919721058893 2.535508201504381 1 -4.457717186288255 0.4889383049552727 -0.016445797826881593 -0.007951103209145596 -3.7946955676484797 -0.33637338207295575 -0.009331243076691148 0.0026385745351892743 -0.287493124093368 0.2574664733767591 0.008400399816059684 0.014499583384644486 -1.0040149645048193 -0.5335425368756984 -0.008918626498797514 -0.002977878797168111 1.6678779881792192 0.1822001856860782 -0.004722055697592039 -0.01994342179631936 2.378897298544442 -0.6108545181393299 0.0039908302874413805 -0.01900782854633736
2.1485502470960585 2.4773831026334308 2.5041805302170705 1 -4.477737345470712 0.49394143081929 -0.009303441092637596 0.00982783797490185 -3.79389676724764 -0.30774909175900456 -0.0015595292442971472 -0.009987294376292293 -0.2760064680626 0.2916417031774903 0.008498329480375584 0.02089386467575612 -1.007092129717777 -0.48252627366896395 -0.009784297896732973 0.0006528011469567581 1.6864894635215046 0.13780366017301904 -0.0048261701683243695 -0.008788484066337343 2.3782512168421386 -0.6699239762004643 -0.014179808115050896 -0.018854082429523935
2.1225248380816635 2.4131345603102634 2.530111635042821 1 -4.466419765339516 0.5107479865502003 -0.006654634007405243 0.011380001636217756 -3.8228636312014737 -0.33551101763340907 -0.00567321104477281 -0.016897649395536694 -0.27545442866868086 0.3502982446755416 0.002911693752635884 0.023833258361882433 -1.020476822524385 -0.4270921236277072 -0.012089562225624868 -0.001930132950027634 1.6892779159564695 0.13086871357918417 -0.011301754917960923 -0.006860760263414941 2.3138008605422824 -0.7264230653732016 -0.02257793467396574 -0.01645213512807723
1.9915203984254444 2.2861277478867343 2.561062763049264 1 -4.463672174599525 0.5290261856542549 -0.0029989504583669054 0.007843120555401413 -3.849271443847591 -0.36826638573705006 0.002673077903496298 -0.004177966295610557 -0.3158246598363146 0.410445721723504 -0.029881866501381978 0.016645751486620806 -1.0450112497735602 -0.39894482453244495 -0.022198077090980463 0.0162040564253967 1.6586373316941554 0.13813500592790606 -0.020780700981007295 -0.0005925230779116287 2.2280536736714645 -0.7614529097784012 -0.020875546253841533 -0.008177238615006611
1.8871868018368942 2.165925133082085 2.5292482379319856 1 -4.497039534031099 0.5319092035561941 -0.019668332247613766 0.004992149067648818 -3.8499053467560347 -0.38038615902431405 0.0007093516811904023 -0.010679472941667479 -0.3863833618043797 0.4443054839889742 -0.03986259091726688 0.010350961064314912 -1.080136374532937 -0.41036120884691907 -0.02547270615942429 0.010363516041652055 1.5989379329644748 0.1686571410198523 -0.021615706593453115 0.00855997373638506 2.144934173468152 -0.7565371287771474 -0.02053080037360741 -0.003208811914064677
1.7373332899007883 1.915189974485447 2.525935888098242 1 -4.539408364920474 0.5282799776575007 -0.008346124003411162 -0.002219147414560575 -3.843034194188763 -0.3845987092728367 -0.0037845723850199716 -0.00416041978059664 -0.5906853478565113 0.5325001741226614 -0.033475834293232136 0.009496164479452285 -0.9630091558407172 -0.5450753647743547 0.04406677831941978 -0.02780006138439742 1.5466193612658392 0.24135376994588076 -0.023836772031365458 0.013729162758627546 2.0442298353912376 -0.7498682809505323 -0.03738067574670052 -0.008070085299759076
1.2986039146111148 1.445485011215962 2.655707453244702 1 -4.546466122753889 0.5338854897985192 0.008543052180886992 0.006373130656559646 -3.8471388988684208 -0.39120391564202994 0.006294739752832103 0.005643120774690251 -0.7405714653202229 0.5541313386072471 -0.030023703604724103 -0.0007039569911318757 -0.9098323017619814 -0.6021280023960283 -0.02582039118316119 0.002324969609274348 1.507589136583385 0.3832224103450972 0.01721895494195074 0.04191048588731949 1.8941794361464108 -0.7161551449207333 -0.013936358924940669 0.03331541289578905
0.9489495743962834 1.027990525464051 2.4226296861558 1 -4.542034411186782 0.5706781678865092 -0.0028959515356285163 0.011922875250393962 -3.8883706686873984 -0.41307162583967916 -0.015688328120064685 -0.007469328491306755 -0.75872436377337 0.5477930299806522 0.01568116178270459 -0.0030456782009484944 -1.0119075935633113 -0.587785656479 -0.006278796978477979 0.0013548526196143322 1.494452543757295 0.6074123420032069 -0.030455433086314813 0.03574916599336851 1.78598882037827 -0.5027115545373015 -0.05110236823445513 0.05004137641905039
0.7771991424167141 0.7847323120651366 2.2114709976201876 1 -4.541864894533477 0.6334480310797401 0.003151340894670858 0.01077067287587734 -3.943138721310721 -0.404652683683412 0.000655065962278341 0.013517761408669915 -0.7903639039521919 0.5639565854685873 -0.000809167126122598 0.0012734053631820322 -1.0498826220633597 -0.5793788830430453 0.021679739604688067 -4.82283853584127e-05 1.5715409339221154 0.8247704495899029 0.013699181069857128 0.026645664710408936 1.7481437771812258 -0.28267769237919294 -0.016549751941108977 0.038532258107675584
0.6601939818688467 0.6158089189270336 2.0744743115414255 1 -4.5831195882327025 0.6431956222251289 -0.002845924209388024 -0.0054679155500793695 -3.9523262178581313 -0.3483192758998428 0.010850612993039396 0.02221752756809282 -0.8624565452288828 0.597470789462341 -0.02296064228226547 0.012331033449862963 -0.9365068392264209 -0.5542347143323268 0.019008708149004943 0.00915797987467382 1.7133089303025644 0.9399689349929627 0.021163468426415397 0.004044180332594882 1.7617716203378935 -0.16278947971064206 -0.006577449719350197 0.024121218807975086
0.5125336035811815 0.423206652991379 1.9559384723464075 1 -4.64644946637567 0.6037613429780513 -0.015108506316903863 -0.012339743398916674 -3.9206121968934706 -0.29610289787629673 -0.009609454905062109 -0.004322296017262662 -0.85706385082044 0.675456376177292 0.006915207536111925 0.009154593863002655 -0.8017331545322963 -0.45392206801573254 0.016854210213185998 0.0439362535150904 1.8636803476894173 1.0004226182537623 0.025684759868070107 0.024007033887953368 1.7983124876575634 -0.10292953674319627 0.0024828112190212314 0.001196028341524668
0.39137541253927716 0.2669642016557668 1.8724095607611917 1 -4.649354114199137 0.5749552715434052 0.008375800855198881 -0.004931603468554549 -3.8936144886034265 -0.3031834302941604 -0.002384850369879144 -0.012352495851164817 -0.7662079643727799 0.8317761978009248 0.02682866066440861 0.023892963780891813 -0.7330186050233327 -0.28184828347820257 0.01416985254633599 0.05499755114117768 2.0255429889877785 1.0455733926839486 0.005506077232013552 0.015124713339854805 1.840542840879567 -0.043123395708590695 -0.025379786647044194 0.016741742829710523
0.3117195235901998 0.16942144222904018 1.8231972653757504 1 -4.551761179727097 0.563527622932094 0.031012737248583187 -0.0032862449948226928 -3.879130921660268 -0.36393316466509396 0.013612247560301792 -0.0078041455713129745 -0.6715984679520814 1.0359808311396144 0.03434396838092649 0.039522666027338 -0.6770178028293876 -0.07118805861409372 0.031636869276908244 0.04435338567813003 2.1857965215514854 1.0621258062053744 0.028486254757426544 -0.022644926682259182 1.8777401857794231 0.0009109667260787102 0.015304155295427101 0.019250171979532677
0.24201858349144953 0.06575367913774631 1.7608870211889396 1 -4.444040965987185 0.5126878091351241 0.009122708437013911 -0.01723041896138894 -3.8384323668775773 -0.4374710215162141 0.0027930067623425474 -0.019173847620462543 -0.6221331924079312 1.2323995806116996 0.00086894271863594 0.044545310173630906 -0.6014415930010433 0.13056692983156148 0.011170893171723578 0.02833267891952681 2.307940322516517 1.0391308280107374 0.03846551818552386 -0.01402946421698394 1.9197991654766602 0.010080830648864891 0.03121831012205043 -0.010127209230656842
0.17723153156935476 0.026641855801850266 1.6269259574796404 -1 -4.382178965571527 0.4330377565290622 -0.0018592488008829858 -0.019113495012253654 -3.7620695373675392 -0.4804772447286628 0.007861953699742526 -0.01591748435833676 -0.5881735638953556 1.389435979128446 -0.005300577371878071 0.022740512386063238 -0.5188310444754234 0.2972735969485907 0.0006784877497834005 0.03310801234616206 2.3894111542967424 1.0044003827561752 0.006203828421671061 0.0011356334572679198 1.9505294816336312 0.007824093505607088 -0.00929660224910401 0.002855722080976446
0.12273907656194875 0.09214436894750044 1.5156713804911808 -1 -4.341199179575703 0.3694394832933652 -0.0013857395235492443 -0.009050417979782135 -3.6912647961438676 -0.5118783179099207 0.002182590389692516 -0.018495707733628332 -0.5331228801398065 1.5170640884028597 0.011315818856146707 0.0048895800968951145 -0.4531573934238624 0.4356856253014103 0.0055990560283906985 0.04054415968347698 2.461539900088681 0.9690696847660147 0.0035288968804056842 0.0027475203225159756 1.9519807646160947 0.01009665192585607 -0.017714317124300348 0.0068686328258251664
0.062397509764294846 0.15649321127911947 1.428377998605089 -1 -4.286325805951056 0.343222615597774 0.021158088795996923 0.0017963965486532487 -3.682723903943878 -0.5429170937702273 0.004485175580757096 0.005290381164745155 -0.47254400587631995 1.6245417354515217 0.018518726348141237 0.018322194911534872 -0.42907364823963423 0.5503905115578926 0.010678972037484757 0.021169724139007553 2.5148349666676353 0.9414352215694204 -0.0012660628929098312 0.015141431340914514 1.9271875000330532 0.024440236230634405 -0.027506652731048638 0.007825618510344752
0.017915654863415557 0.24462918529766364 1.3785149479520757 -1 -4.255572156072582 0.3500241596995888 0.011080627609761189 -0.005543401625746019 -3.7123336103724314 -0.5476508929440058 -0.006397110178984868 0.016358907355159977 -0.4418801240053334 1.7025629502120863 0.0018106762625146968 0.01607969511778787 -0.4283308527119054 0.6283841854202894 0.0014300682966958526 0.006570703055680187 2.544476497879998 0.924530686273705 0.0030592823619427258 0.009180622296600468 1.9046020762024245 0.03834217586155253 -0.012738592765566534 0.001175974937341534
0.09978863523689593 0.32912484134101233 1.3571952137746859 -1 -4.284462082671972 0.37630283784063145 0.001331199644115327 -0.00463895495252936 -3.7224963398663578 -0.5026766000138381 0.00023420305964363605 0.027494241727879724 -0.45920273993036353 1.72777645959646 0.004168384200370526 -0.0025977397046857494 -0.42313750747557144 0.6549528902132133 0.015693807375669697 0.002088301380274869 2.537352472592856 0.9257678599658137 -0.014679181459028717 0.010662668020729495 1.8768015782857956 0.06034290706780898 -0.020802486003819846 0.015000754929601482
0.16459089736033938 0.38837385315480016 1.357724683429544 -1 -4.35660695108156 0.403216861012053 -0.01636519573742302 -0.0008697536113832522 -3.7181872721133624 -0.4406587648050878 -0.006253332619471089 0.009367541858448123 -0.5144550415306912 1.7099856780255078 0.005181869755346895 -0.004563957529582989 -0.43123551432699614 0.6330176713881945 0.01571809411276285 -0.006075293481399954 2.511645333334826 0.9375684000342295 0.005994290386673966 -0.00293378817190042 1.8391442384067167 0.08101408675994604 0.003466370983663553 -0.008922190994856046
0.2195256786425448 0.4329385028050011 1.3901066504431767 -1 -4.410878633369481 0.431454906099932 -0.0159445288549541 0.011596429101605101 -3.736339947661132 -0.4025523421265189 -0.007493417644341154 -0.005913173992715731 -0.5732819245915457 1.6752662613362146 -0.0005616944352250988 -0.020717133688250726 -0.48125328042584403 0.5953545911151275 -0.005964435802378966 0.005163059598911243 2.464864742057534 0.9506705796148458 -0.03125315203318983 0.01427526464172938 1.7827943216335624 0.10129240105763238 -0.03624234731495841 0.024398949412458758
0.31483231057111005 0.542445454125984 1.2215597041509059 -1 -4.444414527334805 0.5888989570988183 -0.022466460514772687 0.04474835730317977 -3.894089920366442 -0.35602171984467323 -0.030928991250383696 0.012629420934097482 -0.6295353723934554 1.7145461767735322 -0.004357614024806212 0.0027006767986836357 -0.536898888838627 0.673772962083633 -0.00048063814690078215 0.04728508499072835 2.523865114250687 1.0062472053828428 0.05366564547304033 0.01611313856532609 1.93953696960636 0.2149212537540357 0.05597781959734602 0.017425002294566994
0.2806234920518231 0.5655726133088166 0.7840068685286377 -1 -4.640086353035254 0.6248521274195591 -0.06625374936485728 -0.01353426917082282 -3.968277833432919 -0.12731635837847977 -0.010882168645239988 0.056213292040445506 -0.6050196493256199 1.8362048356548981 0.023910870189822856 0.04259222278187237 -0.4642718346633137 0.8741930777454647 0.03241312989596652 0.033015052248314095 2.8594932673956084 0.8952272528991423 0.10876951312586014 -0.020880073779278648 2.259949769356301 0.2887882954129801 0.03540163714899134 -0.018717913724006198
0.25880114597785825 0.5740011908991874 0.49374984914545367 -1 -4.894919626274573 0.6119176761059011 -0.0331647930257908 0.013074815711831427 -4.105421846560797 0.13800679683525763 -0.054420777583701126 0.02497262013716352 -0.370987214517716 1.9931035256102678 0.05995736614086875 0.05925976020110363 -0.2738722901791242 1.1187065183794247 0.046451055209265055 0.025593325362252214 3.213798567295431 0.6426796228952838 0.09165328128290383 -0.02175714701127268 2.51720694528246 0.20560345373160827 0.0169801982507671 -0.04822277563312331
0.2616545485806849 0.6560165257286242 0.38391068211759216 -1 -4.962118821045553 0.7791182286987064 -0.012909823397263927 0.03843485301488251 -4.307262893181402 0.2578281896548462 -0.020475203773723236 0.009410624846496369 -0.0378563496702915 2.144410463115108 0.06005796644162792 0.05756776688002463 -0.03335899894237215 1.3318793283942179 0.05060195782298575 0.004311843622361273 3.428113222356812 0.453733719563876 0.06982077348571299 -0.01607150192385111 2.7095357060435186 0.022388002914720984 -0.000434555256333069 -0.050616862335596466
0.23419622715219815 0.6837632768700683 0.29926430715461355 -1 -4.908583603095491 0.8268989878438804 -0.002120876219275902 0.000852743105846287 -4.339351194262397 0.34492208051554596 0.025694548804614623 -0.0033034959199289525 0.22430059221197496 2.2352871014339724 0.04250461417567373 0.05061870464332145 0.19212693120745072 1.4530549040968337 0.03804747439066856 -0.018601858693531176 3.5780152242119776 0.2616111726637713 0.06299747388197166 -0.021543006612912606 2.8248079141749463 -0.11255494203537086 -0.011552929522743505 -0.03577530543196685
0.2168705539637538 0.7344584161843809 0.3612639854275027 -1 -4.774302708815187 0.728729187799396 0.00865819233710705 -0.004859480589345159 -4.196918048952319 0.3090039356554781 0.05967849167157532 -0.04018977224400258 0.40706509517537715 2.285763824516228 0.03499477503954276 0.04513490373953624 0.34299433141307656 1.5005133216773707 0.018751282756376348 -0.026384210160605836 3.680072960502745 0.11305016948368651 0.05176182867206497 -0.0024895339069209866 2.9212059332456333 -0.2312718975956698 -0.012656250298163162 -0.04219742168327242
0.19687752820288387 0.8066165293919546 0.42559728290004056 -1 -4.555460737776341 0.638902844090123 0.02482355777753114 0.0006661158692585229 -4.001451416014057 0.17865039691211893 0.04971319547758629 -0.044887084023848674 0.548232783494373 2.3083655143581163 0.027608278297103356 0.038180627532888506 0.4187766373417734 1.5237433105045488 0.0048312300269641745 -0.028764858523957475 3.7285983759038626 0.03348358417207353 0.04503351496092343 0.0018389431367623627 2.998777619575961 -0.35779920896658446 -0.02303522887749827 -0.034684966046699274
0.1566454976261736 0.8082177613687125 0.5016970612111499 -1 -4.347602409260145 0.5626687604137246 0.008337537237300019 0.00198581688297309 -3.866140526624858 0.035296774648115425 0.04070066629716034 -0.04650769586983425 0.6269708921243371 2.309792242266545 0.01588250622886952 0.03415772217607105 0.45820303353657454 1.5249150277822943 0.00017327948487272718 -0.03147258027231592 3.7589486273078148 -0.05432053169324491 0.04187125662373056 0.003241283373783377 3.0220436673179627 -0.4248360499584445 -0.03081085443312487 -0.02709278031648122
0.11703046973493582 0.8254978248950356 0.5200796667018128 -1 -4.239252805935018 0.47023003763926297 -0.006338505831710781 -0.0017055447314650446 -3.7699992103434186 -0.07059449655972327 0.03165893386303893 -0.03553417503485726 0.6573796992739673 2.303575850624242 0.011246509211546645 0.03196841041392734 0.48509186123721193 1.512241074785305 -0.004542724804482596 -0.03050034417179334 3.759975418422302 -0.09666881344699574 0.03275340022977918 0.01676448601739519 3.030721227541096 -0.4898644142680665 -0.02946511696658994 -0.03121486724663112
0.07710365792492038 0.8245274980042102 0.5023812950574649 -1 -4.191198560658781 0.39868755760407226 -0.009693884788206384 0.006430158145507252 -3.7086124567013763 -0.1428026691151848 0.019108221136418992 -0.03323072827525451 0.6677953513744637 2.28903769817178 0.0068548902697836865 0.02970595493189346 0.4811376493427808 1.4985146120049446 -0.011828042906628939 -0.030866368279193184 3.7370029558767808 -0.10495329811217091 0.031053418645842143 0.01642615287929778 3.026265053966827 -0.5385191991140819 -0.03543118711334574 -0.020730555500007884
0.030716010507966875 0.7674278180641096 0.4987859636306015 -1 -4.160018816920397 0.3774614169442183 -0.01117995758828807 0.013993042542302542 -3.7020933424448095 -0.2119412956254717 0.00824251832107235 -0.02962187836511925 0.643765047450036 2.269012833989339 -0.0023539359350736744 0.02866037662013561 0.454262548351565 1.4737484111941868 -0.012338761197302324 -0.03268835570521378 3.7151596595449075 -0.1206218952471988 0.028610281467587536 0.020010840912669685 2.9953040486621756 -0.5394226696345861 -0.036295205202801696 -0.01781342490066482
9.190554 -2.0160089 8.218419 3.1373963 7.204301 9.127274 -2.8788738 -1.8421335 1.6421514 1.4735098 7.2063913 0.027423888 2.3905225 0.77372634 1.3340487 4.90299
9.600289 -1.3022561 7.561049 3.206025 6.0139637 9.058503 -1.7538844 -1.1076503 2.229155 1.5265615 8.061429 0.39130607 2.8694692 0.79284084 1.3301309 5.051796
9.871594 -1.6896243 7.924084 3.3341742 5.1314654 9.095549 -0.8142381 0.88251686 2.4689274 1.537506 8.414744 0.52516353 2.9664228 0.8791677 1.4162312 5.1469765
9.864024 -1.6107664 7.8374643 3.3208108 5.1554403 9.092187 -0.8427957 0.7215276 2.4788442 1.5400786 8.427473 0.52787244 2.980049 0.8712119 1.4066663 5.14089
9.964055 -3.2494402 8.668874 3.541838 5.067255 9.013581 -1.0857308 6.1435633 3.8369281 1.4168673 8.4664955 -0.25014246 1.9197464 1.0103375 1.8069246 4.584563
10.129307 -2.0125575 8.686417 3.7657254 7.122663 8.481047 -4.5162354 9.436722 6.7661715 1.2430785 8.9091 -1.6437948 -0.47222972 0.870186 2.3833513 3.2275286
10.027793 -1.2013946 8.760261 3.8574953 7.6169825 8.483093 -4.3334694 9.463688 6.438232 1.2290764 9.0640335 -1.3854152 -0.8717752 0.8482326 2.4646616 3.0052924
9.954152 0.18934965 8.899468 4.0180607 8.091827 8.4873905 -3.728825 9.429959 5.8129787 1.227102 9.424442 -0.8323061 -1.3190589 0.822852 2.5652058 2.7793813
9.866845 0.27268982 8.905654 4.019784 8.269949 8.509921 -3.6901639 9.303266 5.647547 1.2219342 9.375927 -0.7793913 -1.393683 0.81902385 2.569957 2.7288704
9.833868 0.75110817 8.955233 4.073235 8.3967905 8.513007 -3.4367003 9.264381 5.4033113 1.2239084 9.50098 -0.5704937 -1.5191123 0.81199026 2.5979369 2.6695557
9.787248 -0.5694661 8.816182 3.912313 8.179566 8.530194 -4.094508 9.219671 5.912769 1.2155888 9.075037 -1.1135812 -1.206522 0.8303846 2.5130353 2.8054123
9.8701725 0.06652212 8.886079 3.9952443 8.075832 8.494122 -3.7603698 9.390969 5.8163257 1.2278359 9.363837 -0.87292755 -1.2876207 0.82519555 2.5511165 2.7933526
9.92181 -2.2432318 8.654144 3.7206838 7.3154583 8.503429 -4.710208 9.365173 6.7652545 1.2325628 8.735111 -1.7643324 -0.5397975 0.86813045 2.3767161 3.1682472
9.931861 -3.142315 8.580263 3.607952 6.7448254 8.559988 -4.5817275 9.041889 6.7659197 1.2574857 8.507689 -1.8885782 0.0109936 0.9015541 2.2517147 3.4696393
9.974594 -2.9706545 8.210554 3.5437489 3.5688753 9.133956 1.0513955 5.823595 3.094017 1.5096341 9.017336 0.55622125 2.9193447 1.0762402 1.6386526 5.0814123
8.975142 -1.2568378 2.936578 3.0635624 3.8249447 9.001062 1.1502132 1.949039 3.560764 1.5066798 10.20314 0.59805757 3.8374615 0.86331475 1.2845583 4.638789
9.6355715 -5.6200085 0.11795239 2.842814 -0.4432912 6.515608 2.4151273 -0.4183402 4.878934 1.4162939 9.37001 -0.17963746 4.7628675 1.254414 1.099606 5.198203
9.915938 -5.1035295 0.39571118 3.1082647 -1.247251 5.3661733 1.9461579 -0.69143724 3.7860699 1.4002471 5.9341707 -0.41292685 4.5574355 1.3198977 1.1993866 5.346678
9.990802 -4.492885 0.51108503 3.165089 -1.2174149 5.1338105 1.7535156 -0.6137266 3.32825 1.3776667 5.3793874 -0.4153635 4.433112 1.2950042 1.2231721 4.9966617
9.893375 -4.706785 0.47199696 3.1834013 -1.204103 5.2020154 2.0264788 -0.78011703 3.454978 1.3961265 5.4263134 -0.3149686 4.4103703 1.32393 1.2405739 5.2944803
9.914383 -4.2786145 0.53533494 3.2056503 -1.1036315 5.1299357 1.9412864 -0.7032757 3.1993444 1.380785 5.306269 -0.28565404 4.328186 1.2998847 1.2519431 5.01813
9.855685 -4.496917 0.5002218 3.1989138 -1.1384969 5.1771297 2.0314553 -0.7667842 3.3310118 1.3908274 5.380483 -0.27690205 4.356039 1.3151901 1.2505147 5.1898875
9.77468 -5.0344734 0.41833067 3.167558 -1.2630734 5.269764 2.123699 -0.8530884 3.6519814 1.4097503 5.551617 -0.3197938 4.459232 1.3441962 1.2346873 5.5315905
9.758646 -4.7916183 0.45163625 3.1868982 -1.1828084 5.2457137 2.1450453 -0.84213495 3.5123198 1.4038985 5.501511 -0.26840037 4.396239 1.3346251 1.2470973 5.4123974
9.6990185 -5.07676 0.40562072 3.1674485 -1.236608 5.307761 2.200149 -0.8811412 3.6889625 1.4138849 5.633539 -0.2861026 4.450042 1.3491337 1.2378845 5.589093
9.641371 -5.3971453 0.34488147 3.118914 -1.2735963 5.41056 2.1578276 -0.84308624 3.908854 1.4192936 5.9701176 -0.34528816 4.5336866 1.3530895 1.2117114 5.7014017
9.105906 -3.5043721 0.37978578 3.2021713 0.36984873 5.9996705 2.9293814 -1.1079445 3.1044536 1.3941958 8.210617 0.5665857 3.7499633 1.2540783 1.3030944 5.1243677
8.455612 0.2451992 0.56735975 3.2559516 2.9736466 6.734487 3.1890397 -0.95695114 1.4474543 1.2936138 11.891409 1.6583925 2.5856414 0.99152184 1.3788033 3.2202187
7.3223906 1.4138551 1.2772723 3.0636158 2.1578522 6.0998497 1.7133259 0.41813183 0.90332353 1.2311609 12.07931 0.76275355 3.084008 0.8212613 1.2101618 1.4177322
8.797865 0.99384403 0.70530367 3.1551113 2.8171992 6.4378486 1.9615564 -0.21079779 1.032504 1.2178038 11.664541 1.2870077 2.7581465 0.8720429 1.2913647 1.9874005
7.1496344 -0.039653778 0.8213013 3.3147101 2.4805431 6.593358 4.0418906 -1.2605681 1.5997274 1.3728304 11.750988 1.9545056 2.6745243 1.0732442 1.4093478 3.9501076
4.249034 0.62458515 1.3531235 3.2898602 2.0733929 6.8450294 4.4491177 -0.892879 1.4641812 1.4835908 12.301168 1.8181363 2.9260302 1.0632176 1.3760248 4.15135
6.2160273 0.8000736 0.9439079 3.3042336 2.5951507 6.8141336 3.8757584 -0.28343487 1.2217655 1.3773662 11.98271 1.9674804 2.6508596 1.0210805 1.406457 3.5888982
5.3277683 2.9917483 0.5965157 3.2971823 3.3747914 7.822136 2.3381112 3.243267 0.24973771 1.31488 11.629248 1.4743068 2.5508606 0.8213638 1.419267 2.3801513
4.380802 4.0021176 0.4125954 3.2882996 3.7744048 8.726399 2.0532708 4.709262 -0.23195764 1.3132131 11.483322 1.5115454 2.3992984 0.7592305 1.448436 2.2686634
4.8553085 3.9760623 0.6572479 3.2235138 3.457487 8.138299 1.8233304 5.444669 -0.5263417 1.2638617 11.719668 1.4216709 2.4739952 0.7200228 1.395641 1.7074742
3.1817756 4.188946 0.49775583 3.269211 3.7078235 9.055216 1.9559995 4.693927 -0.26822275 1.349515 11.519655 1.380832 2.505388 0.7433289 1.4314524 2.2724943
2.5645757 4.359421 0.5837164 3.26638 3.5968926 9.128002 1.9947438 4.7257853 -0.22962478 1.3678638 11.504436 1.3142029 2.581649 0.7385528 1.428233 2.2759995
-0.1904583 5.2194347 0.8914155 3.254246 3.2109318 9.595846 1.8830096 5.2377224 -0.11562215 1.440532 11.345228 0.7713396 2.9452763 0.6969751 1.4141113 2.0469947
-1.6448593 8.009914 0.8179414 3.3431277 4.3885207 11.412672 0.72415733 5.5173917 0.13161539 1.4843171 9.173769 0.44759074 2.919619 0.5884745 1.5373743 1.8953991
-1.5584636 8.992384 0.9804566 3.3636 4.6928077 11.452362 0.5625856 5.451489 0.13897116 1.4904318 8.673776 0.57508636 2.850744 0.5609696 1.5632927 1.9502778
-1.4937263 10.454288 0.5682196 3.3934634 4.893535 11.63715 0.5520367 5.733301 0.2736832 1.5112009 8.243288 0.77940685 2.8712654 0.53333867 1.5918406 2.09159
-1.251914 11.408743 0.36944142 3.4022183 4.617331 11.671514 0.8020772 6.243429 0.5159607 1.5168548 7.82087 0.9780743 2.9748592 0.53380525 1.6157101 2.2570896
-1.2034621 11.401583 0.35380673 3.4044738 4.591687 11.628795 0.9409527 6.3276987 0.58925605 1.5202155 7.7626762 1.0227971 2.9973598 0.5460769 1.623775 2.2460542
-0.95131254 11.880756 0.39706287 3.4372118 4.859347 11.414469 1.2778753 5.9282684 0.72687125 1.5630612 7.550124 1.2621677 3.0442107 0.55992365 1.6409802 2.1970043
-1.021678 9.368063 0.4825246 2.7370672 5.380102 12.339825 -0.09943107 3.8617716 -0.5846242 1.2413912 3.380312 1.1262798 2.237873 0.46082675 1.482229 2.036624
-0.67182827 12.997075 1.2247345 3.4721067 4.3245087 10.633125 -0.087106615 2.6189246 -1.1133841 1.3251816 1.6848311 1.8872612 1.4849577 0.4041301 1.5913496 3.4684033
-1.044169 12.442343 1.0487804 3.442986 5.8384275 10.710186 -0.057284027 2.306644 -1.1056737 1.366233 1.4521499 1.667997 1.4333227 0.47220886 1.6462938 3.062724
-0.79396725 11.689748 0.8081298 3.7509348 4.966172 10.484869 1.8933153 5.0724077 -0.55096763 1.4789162 0.8441224 1.6694402 1.994134 0.70953083 1.8891873 2.749724
-1.3480468 12.166951 0.7385411 3.4505332 3.4981077 10.978239 1.4565036 3.18702 -0.69179577 1.2805517 -0.32051325 1.1545017 2.5137522 0.49979186 1.8298715 2.418768
-1.7200999 13.34404 0.74787617 3.0631917 -1.432167 11.771435 1.3739326 3.3724582 -0.8528256 0.8689234 -0.658103 0.9009927 3.0526845 0.11969674 1.6669425 3.0702224
-1.5019193 13.461967 0.7891271 3.0874445 -2.3188686 11.674433 1.8261672 3.950638 -0.7202067 0.87228966 -0.13560247 0.9981775 3.2088952 0.12549448 1.6718109 3.393086
-1.8325248 12.117834 0.5555434 3.0610049 -2.4398332 11.830133 2.6594598 6.33932 -0.76157856 0.7760345 -0.2987032 0.92524725 2.929798 0.22673368 1.7470732 3.2562423
-2.090508 10.792787 0.33275336 3.0870762 -2.977468 12.170681 4.039625 9.0363035 -0.40424567 0.71370447 0.27990055 0.97308767 3.0393252 0.32048643 1.8266876 2.6732154
-2.595686 9.379002 0.16469212 2.9305143 -1.5392156 12.535373 3.7763183 8.847193 -1.0552268 0.6424546 -0.610229 0.87868774 2.4338315 0.37372315 1.8369004 2.6007905
-2.7995477 5.864521 -0.17066021 2.6804507 0.4148488 14.096195 4.2860703 8.808708 -1.8933352 0.67157686 -0.32486486 1.1511089 1.9769862 0.52325404 1.8182839 2.2730155
-2.1271224 4.478963 0.13339542 2.4449835 0.7084508 13.756656 4.537976 4.0267935 -1.0666578 0.79231954 -0.4509349 1.6941118 2.0413814 0.68928576 1.6747843 4.086734
-0.65039825 1.1931896 0.49781072 1.888931 -0.061739445 12.782066 5.9555635 -0.49688673 1.3584502 0.9303417 0.15048361 2.0351312 2.8149476 1.0971315 1.3423756 7.318468
-0.33142185 -1.9303627 0.073707655 1.3914812 -0.6529813 13.146978 4.7985115 6.134352 1.2799442 0.64292514 1.5533643 0.8879439 2.873271 1.0864683 1.2514212 4.3299966
-0.8600826 0.022272587 0.36320075 1.3907868 1.2131348 13.371495 4.144374 -0.78716993 1.7471099 0.8306229 2.8674054 1.8095927 2.4214296 0.9597112 1.0680273 7.1104436
-1.5466084 1.8357072 -0.05089152 1.4642043 2.6323795 13.423579 4.1349664 -0.05178547 2.484773 0.97340894 4.584669 1.2917063 2.758175 0.9346231 1.070206 8.193123
-0.5053201 1.9312296 -0.28735626 1.1754339 3.1349592 13.4099865 6.7090755 2.798783 2.649896 1.1027422 7.107848 1.4956924 3.0387597 1.2644283 0.9924837 10.695942
-0.16073227 3.2475495 -0.53607136 1.3214003 3.4451337 13.135448 7.1140604 4.1998587 2.189331 1.2601457 7.658394 0.9380672 3.045925 1.2992744 1.13413 11.02345
0.6396842 2.8952518 -0.19520551 1.2942607 2.9281316 12.747409 6.803186 2.7988565 2.154051 1.2420679 7.5812497 1.1793469 3.0911863 1.3380675 1.1180377 10.472728
1.5910034 1.2871141 -0.25804067 1.2881649 2.176589 12.742461 7.272965 2.3433342 2.3226817 1.3746103 8.291775 1.4931121 2.9271848 1.5289278 1.1627575 11.939824
1.7021389 1.1107783 -0.33844304 1.3375001 2.0536952 12.894049 6.671939 2.7482834 2.2913458 1.3979824 8.226518 1.5234596 3.0377507 1.5280468 1.1950346 11.793905
1.5785532 1.1192293 -0.37885725 1.4464557 1.7434578 13.0834255 5.6746693 2.720973 1.8677171 1.386295 7.615006 1.439145 2.9076705 1.4224093 1.2635009 11.00185
1.6119361 1.083849 -0.25038594 1.2707934 1.8113141 12.986643 5.884977 2.6790733 1.9018605 1.3090558 8.268572 1.60794 2.6040401 1.4315157 1.1268005 11.923546
1.3864331 1.2432537 -0.023261145 1.1633836 1.4364324 13.221991 4.3454933 2.4637077 1.0595198 1.131927 8.394875 1.7913096 1.6976666 1.2281698 1.0083351 12.081291
1.2754188 1.4446149 0.18013221 1.1297531 1.2756062 13.288815 3.5592012 2.3956819 0.5272691 1.0428207 8.46485 1.9187217 1.2027671 1.1187449 0.95891654 12.128931
1.444273 1.3720737 0.27776295 1.5208933 1.6151438 13.078842 4.2941713 2.9822633 0.9396709 1.3161659 7.690571 1.4758679 2.3753812 1.2486556 1.2802794 10.367619
0.73825884 2.2552829 1.1798812 1.88161 2.1606364 13.8978 2.1348002 4.731062 -0.2330038 1.3494537 6.785491 1.0084351 2.0665562 1.0239296 1.4826424 9.129395
0.55534124 2.5465736 2.6285298 2.0547585 2.7290049 13.908624 1.4666123 5.8039875 -1.0448226 1.3748108 6.946537 0.83603305 1.8503306 0.9561416 1.5390798 9.007433
1.4796553 5.005785 8.223334 3.2839112 -4.147905 8.146517 6.613739 -0.864768 -1.5780923 1.7613634 10.813489 0.8299936 3.395726 0.5216814 1.8721668 7.8732133
-1.0510926 4.6857038 1.1579168 2.7851121 -0.6385379 10.148651 5.4566946 -2.461761 -0.80057853 1.674321 10.731674 2.2332704 4.4605856 0.65121543 1.771066 7.927672
0.5816436 2.3499653 6.0559387 1.8537436 -2.4796948 3.6078315 1.9623855 -1.532062 1.7228376 0.7635287 14.641472 1.7474594 1.6416898 0.5273962 1.2740774 10.449309
-0.092452526 2.6609802 5.934838 1.8886224 -2.5420403 2.6723394 0.7334766 -3.521965 2.8670175 0.7660639 14.31774 0.9939955 2.0032966 0.42157543 1.1638052 10.639768
1.0701737 2.2536275 6.416676 2.5854192 0.33359623 1.3930935 -0.3082927 -0.022304535 1.5133518 1.2070088 14.622032 1.3691347 2.6674745 0.71479654 1.182086 8.287215
0.67671585 0.7861662 6.1531105 2.77626 -0.42749214 1.7201054 -0.39434928 3.5073647 1.2777904 1.0964892 14.144695 0.86128235 1.846137 0.67038715 1.4610157 6.658743
0.026712418 0.001950264 6.110577 2.4284408 -2.0679655 2.6951509 2.1308405 3.368559 1.3511902 0.8606361 14.579173 1.409409 1.3908217 0.6931968 1.4111823 8.757654
0.9860401 -0.91654396 4.6830807 1.6408414 -3.7050576 4.805799 8.273739 6.4371824 0.686461 0.4778701 16.256998 3.631186 0.12808168 0.85572684 1.39242 9.808615
1.6386542 -1.040617 5.6238413 1.5471137 -3.9021149 5.9448276 12.38557 5.1014647 0.5114807 0.47141862 16.026112 4.185007 -0.94760275 0.89297414 1.3660358 9.454806
1.9112425 -0.517385 7.758488 1.7900728 -3.1447067 6.182915 11.07436 6.9375753 0.43707493 0.4721508 15.345865 3.9933732 -1.592926 0.84542954 1.5809 9.266577
2.0313587 -0.5937805 6.8846993 1.8416259 -3.162293 5.6616855 10.23334 7.506281 1.2135986 0.5065186 15.544322 4.587984 -0.547254 0.91592646 1.7001435 9.214615
0
0
0
0
0
0
0
0
0
0
0
0
0
0
0
0
0
0
0
0
0
0
0
0
11
11
11
11
10
10
10
10
10
10
10
10
10
10
10
10
5
5
5
5
1
1
1
1
1
1
1
1
1
1
1
1
5
5
5
5
5
5
5
5
5
5
5
5
5
5
5
5
10
10
10
10
10
10
10
10
10
10
10
10
