73
1.9470923298796887 1.995503350136131 6.937953588775295 1 -4.47 0.4099999999999999 0.0 0.0 -3.7800000000000002 -0.31000000000000005 0.0 0.0 -1.5699999999999998 3.17 0.0 0.0 -0.8799999999999999 2.45 0.0 0.0 0.5999999999999996 5.25 0.0 0.0 1.29 4.52 0.0 0.0
1.8647812872183154 2.0941403584313445 6.918026139767628 1 -4.4153072158546225 0.46061655221677755 0.02971904167801829 0.023253437273323053 -3.7832167572673727 -0.345364817251143 0.006225662124303576 -0.013411305857391012 -1.579411961978157 3.1694819793806612 -0.0031053262660960413 -0.0052511775479800755 -0.8843179422309024 2.4438232593580405 -0.005612686991347771 -0.0010956672678951642 0.5488094844301497 5.138373056313963 -0.021055463848157655 -0.04981242467411554 1.3024987031261546 4.390241565196105 -0.0011664913997615472 -0.046735426407759455
1.96830397498322 2.3170867329368687 6.785164192011066 1 -4.276389372708954 0.4854181216958722 0.023860741299062307 -0.01335041048690176 -3.7646031010366747 -0.4325062335551506 0.004564149239291522 -0.012158380610659601 -1.652799543615512 3.139769103652527 -0.021277647530483085 -0.012267597476686033 -0.9135290063455006 2.3726034502924978 -0.01236729565080015 -0.02513090892384958 0.42159035161892966 4.819909440350802 -0.016391818512632623 -0.07445916918453085 1.278509667037298 4.0327123049951465 -0.013280934913387814 -0.08746377105141863
2.1532082675594966 2.475484818109995 6.487146496191572 1 -4.256826739664019 0.3881584220043275 -0.01116922888376724 -0.019724253647675997 -3.732742481996702 -0.4886824918421323 0.009217249911947376 -0.00860811386577877 -1.7729034138804822 3.0509109236549277 -0.016100182558262757 -0.014471967656215282 -1.0129406067117595 2.1883069828078177 -0.016587806289725324 -0.038321167999645606 0.36558197669711223 4.434196064654213 -0.009159620585822592 -0.08604088169268301 1.1715336943231875 3.5681578385517003 -0.033800111312373315 -0.0956557144884385
2.124619360231149 2.4134220449027346 6.171968189895988 1 -4.352918735387958 0.2999855365737669 -0.02793203721101388 -0.010334726447077912 -3.6884318849152473 -0.5487140095684673 0.011758585847615645 -0.027951040142904074 -1.8993850455215755 2.889162136773137 -0.04569910239208499 -0.053661396809628954 -1.189107739139188 1.9417107532130795 -0.06089139439992341 -0.06569694509192188 0.3257139787352985 4.032892339864243 0.01743416172674285 -0.0649336814721213 1.066741484396454 3.128930424769252 0.0018271779209285128 -0.055737717917916124
1.993588399863988 2.291940268604694 5.935685908848844 1 -4.408211652252134 0.25576439124825856 0.01161345734558873 -0.002020677597063282 -3.6639925831997076 -0.6910666637524883 0.0030576960436573403 -0.02763633757182572 -2.0429431947871572 2.6865058714722245 -0.013530426335314802 -0.03298758734238717 -1.3678178624023287 1.7097619829646122 -0.016493120577041595 -0.02927051347531096 0.25502323583964337 3.6840111151433304 -0.01399867433832242 -0.07212662238845031 0.9868923565505057 2.7843956665438387 -0.027320904779510873 -0.045824793508948206
1.9141893658735765 2.2104252423396824 5.778951428012442 1 -4.3745357772996565 0.20934240436493123 -0.002450015034350189 -0.02209703068703482 -3.67306821014243 -0.8945618319165004 -0.007439054704971561 -0.04869274116459399 -2.162643925071975 2.506360798810692 -0.0202278780868484 -0.03689581987060181 -1.4994746720232657 1.5068467967067032 -0.030106283792826954 -0.042267449889593744 0.21465632331573747 3.4497631953411574 0.010791318180756512 -0.024256794273835643 0.8950705110848203 2.516720379575957 -0.0011597661398436037 -0.043039596089418576
1.787844118676093 2.0776286898507643 5.5973726817303895 1 -4.300241582691563 0.10767942841423261 0.0011581905939219758 -0.03464671147453795 -3.664919566323071 -1.060193951581647 -0.007536517364283974 -0.029396868941235145 -2.1552581010501997 2.4115208113337814 -0.0026007310066937434 -0.028275437642075525 -1.5344728018731018 1.3542883606915512 -0.017796383163312952 -0.0287948524305505 0.21483809319655034 3.2664407978453367 0.03345514882772661 -0.015195882911981403 0.8139022157912601 2.2777456659205293 0.010518049743799746 -0.026625803606110804
1.703010182946939 2.004231987915069 5.435381069848242 1 -4.227661808968718 -0.003253636513217084 0.0035324362810939883 -0.017563225305986915 -3.6378857924642256 -1.141394864904492 0.0008752940552608068 -0.020426740970210893 -2.097685029368617 2.352684254622111 -0.002843635283772686 -0.021808589582405183 -1.4948383554956264 1.2767622897240516 -0.01107407110038426 -0.01870518059679805 0.25627841579360044 3.132226634936697 0.03338663892472796 -0.013603777282473868 0.8197455111603587 2.099680672691006 0.0323635181273193 -0.013731916442032923
1.7621343690735287 2.045779784231908 5.287048274302812 1 -4.1636303432994435 -0.06889200321207956 -0.020249835615729822 -0.02452790883481572 -3.649703130122785 -1.1842614407115417 -0.027702471543098184 -0.011290394816952994 -2.0343350456239704 2.302347939556577 -0.0024775512640081935 -0.018423508094585303 -1.412810449912235 1.254678472502806 0.003268212263003052 -0.01279351908943 0.36924755578368096 3.045880028658461 0.06337019256635107 0.006959972418306013 0.9434966751879381 2.01589821178422 0.059939178880460575 0.007816847982368385
1.8614787254345444 2.132156280100149 5.197934285694542 1 -4.114256613734882 -0.0857815445834611 -0.024740425851298077 -0.018101700802687103 -3.6984579091189564 -1.2096708418478037 -0.0316337377243913 -0.0013170905354353488 -1.9319689561864952 2.2674024243107174 0.013255351172185771 -0.01873605115047676 -1.3003497094776013 1.2498381616308758 0.0005869363976339307 -0.011706104269057273 0.5498519062233154 3.0051217774981103 0.05232519089115345 0.009044779415627466 1.115487299778958 1.9999864011171766 0.04998469011732645 0.0043339345270721995
1.894892468490176 2.1992850622402624 5.1472944967601295 1 -4.084468288470973 -0.06629816218628415 0.016996043079053995 0.0050381515810243565 -3.7384991023938996 -1.2014320776632208 0.0014230003764638599 0.014002270908722816 -1.7677410732425902 2.2400908488686375 0.046515984803414206 -0.0005071646908282046 -1.1751786433660998 1.2305049487313489 0.04422225127947066 0.002555221255840852 0.7290167482650363 3.008781925752084 0.05783059381926458 0.01965846583620777 1.302845641638699 2.0339614084902267 0.05763423571937851 0.026634772584868814
1.9267278568027464 2.276764865185756 5.096628012585998 1 -4.058701121370516 -0.027467702212651934 0.017513535454795646 0.008284824386105921 -3.76704707974695 -1.1627347386307085 0.001150610193206243 0.015865029201443358 -1.5988187567900511 2.1723053720689376 0.06480125933710842 -0.012742405441825488 -1.008603639202303 1.1855263287055688 0.0652971843848323 0.015089121682394544 0.8734321841357859 3.0505785892784134 0.006296546098038977 -0.004717621829929419 1.492025854072561 2.114329670324001 0.019394836675398465 0.006727786899506778
2.0206128081392 2.363939623808298 5.064782622944578 1 -4.036871803896352 0.0059408578276767265 0.014610833638966607 0.002563445870819113 -3.7819299456056634 -1.1176895944027798 0.006573534593720606 0.015357026792930113 -1.429930876251937 2.057970914811155 0.06134330833215096 -0.016749555948550505 -0.8086647720582483 1.112755143499693 0.06411063916294307 0.005060598602701298 1.0133517172975317 3.1039771153234375 0.009184039519994028 -0.003595918028635827 1.657228734077628 2.191738845315566 0.015512362165726176 -0.00015799312902459606
2.0406713172658297 2.396067055486985 5.029267676377889 1 -4.028034783205153 0.019712850984701324 0.00682794237347664 0.004343669185639513 -3.7765486191101663 -1.0826559110208078 0.005598453844472243 0.006935057378437909 -1.2408896651941115 1.9260901771624543 0.051484394004752354 -0.021601053240912618 -0.6159106373693923 1.0069199983550758 0.04544081876707016 -0.014486264697742349 1.137010487730599 3.136907545754929 0.026865711233525442 -0.006197622448131785 1.8024041072201324 2.24458593503732 0.01971683384830237 0.02297594885870129
2.0276364382887504 2.389135768229098 4.9967815571608725 1 -4.018413932630533 0.04100618638483278 -0.013239773576277935 0.0042924921492783 -3.776832333536975 -1.0457305283100218 -0.01293686091709521 0.004349655291739275 -1.0558975231163745 1.8003228130218312 0.020313442364989914 -0.03024552321574915 -0.46285140292695637 0.8728068727587923 0.015397330246025404 -0.036898114051965886 1.219660525690748 3.1514906888030474 0.020610851876504608 0.011348920660543882 1.9305205429503278 2.2855106171590287 0.03130012802559494 0.011226569772992733
2.023443877482844 2.3820476651844955 4.97262171561875 1 -4.003019023806778 0.07501289065321926 -0.008503302416779827 0.004731431514273927 -3.78265424233007 -1.0046652668158067 -0.009731499620036067 0.005546627725505952 -0.9100719511138551 1.6840089755157805 0.0013625788261243874 -0.039870775471010686 -0.33996646937928965 0.7478962757621777 -0.0034284241588780455 -0.0341513519919322 1.2680737944757503 3.136851047707581 0.02705652817243804 0.007548688625100768 2.0073042334672317 2.302724083897639 0.025572580882268693 0.01835447475079323
1.9619392761613665 2.269372639512408 4.8139378927145176 1 -4.052793156509528 -0.013003896427588035 -0.01627144903104465 -0.031808816200621794 -3.693621227241813 -1.025693984731766 0.016352163361300402 -0.009414565909121085 -0.6609282290436491 1.55944873393437 0.05809662357076744 -0.004739519301358023 -0.03620244609475609 0.8384242220588416 0.08239526418066556 0.01084420882918858 1.3277141220415585 3.1307379016996197 0.04244367131628549 0.035015006144174826 2.1107253001740336 2.2776910080924386 0.054836646299835576 0.011593188345952733
1.6066053741301205 1.9867662086952536 4.668626362077502 1 -3.9439474335935665 -0.11111848549480496 0.04421313530906881 -0.028106474674707553 -3.7013429539900327 -1.0426118630075143 -0.02668405613973777 0.013224834078816135 -0.3224348953081204 1.5385008632941632 0.07940887597099491 0.008342880280883777 0.29689867334813513 0.858134456317043 0.06669199871034341 0.0029666596028188174 1.445437660070473 3.239659086207351 -0.0035054743271031343 0.010021305876305732 2.270032110391395 2.3168564540566585 0.007351849878460208 0.0128892467560992
1.3937089630742194 1.679560792597032 4.670318381208537 1 -3.7863436386556972 -0.18506590298864944 0.017514463238991293 -0.03314201920845651 -3.76730405633203 -1.056294758375857 0.007228509346572872 0.020179276147306486 -0.04996920998269694 1.5089433690302996 0.037691439380963296 -0.004983061780301662 0.5765961787957723 0.8495470572198576 0.06473171972992517 -0.0003874127207453698 1.5621108727458513 3.45079832845592 0.0160857436154346 0.056378586891531975 2.412128839138229 2.580294570511933 0.03375372003618905 0.05190317572627914
1.3832084659982697 1.6548054000685326 4.603152304835096 1 -3.812348511404938 -0.2497802881693555 -0.00017282185273093803 -0.032590526193159705 -3.659496367792204 -1.0464191767128939 0.024772501866558994 0.03248567636173694 0.16356006150628932 1.4415912807533657 0.056405164100655256 -0.004497141256534453 0.8644062239412467 0.9313503586393732 0.05666283275088295 0.0315971683867626 1.7550840090100506 3.6975084434595162 0.031001524118374084 0.027085563042310686 2.5305527889516544 2.821121475005108 -0.007537695223215984 0.00910078597432475
1.4629586828316925 1.7274778856219246 4.587807608884403 1 -3.770364752912967 -0.1871813633506363 0.046647726881349584 0.01544857714845824 -3.647356372127594 -0.9742103192964711 -0.01323219647511634 0.03530535004309499 0.174914480313892 1.4288727356918738 -0.003482918534320204 -8.37891308606599e-05 0.9459098846803222 0.9011070487530415 -0.020766642325718367 -0.002156096731327671 2.0749062707394144 3.847246773344274 0.03883643681981036 -0.003991244534507981 2.646435628365614 2.9126991134372036 -0.0008747160027027037 -0.01887799688173975
1.648942987532942 1.9955561079164232 4.6655542930171165 1 -3.4998540423418403 -0.06068340840397657 0.030005124987223818 0.021372959948520197 -3.680074580669289 -0.9596718548414969 0.0016037688904127555 -0.02773251264583588 0.09864563011358118 1.487262306362899 -0.013403795066317852 0.004062941552042131 0.7886281515216726 0.8272099079150474 -0.05888981322515516 -0.009254191820021403 2.2596396629884685 3.7197104065531796 0.025290554408542935 -0.06156118927775995 2.79025165885258 2.7901915428396413 0.028161454019799304 -0.04258436208385922
1.8799559919836688 2.255611263338962 4.716069928798538 1 -3.4997646259708493 -0.10168534302712628 -0.01992751142373606 -0.03261525289951826 -3.6761204560272107 -0.9948333248921067 -0.002721846069264184 0.022960859153632246 -0.02228828292904783 1.5956065634883427 -0.026453148304238238 0.009598125227528485 0.5383117072244206 0.7672786337724136 -0.0626434305876823 0.0011415488022420402 2.3639510653308475 3.384100630991086 0.025926047220031848 -0.05800875202666603 2.93046916607289 2.515850188658587 0.03602645382721275 -0.057718046319522924
2.0577791372670644 2.4217388676305487 4.469943574915827 1 -3.6955004147759545 -0.11138419352916828 -0.03967934883539095 -0.009233353697341653 -3.695359174600624 -1.0049279766991366 -0.005476396811350121 0.02214838348730424 -0.17641625355244717 1.6462939468146205 -0.030159168474745805 -0.007387845570469971 0.312042399567404 0.7706839108320163 -0.04261455213875403 0.004964915577348664 2.381166884996925 3.0536114191083943 0.011818633235752322 -0.04592133365642709 2.969190567957879 2.2015463028474045 0.014299626669367401 -0.04129096683149701
2.156632134275525 2.534081399385416 4.255386892360165 1 -3.898309703523481 -0.05773842874754187 -0.024825937980415196 -0.00144181135147977 -3.7143313435997114 -0.9995893817274969 -0.004791006153491326 0.020720766179676872 -0.3517573029918344 1.5864491776266143 -0.03348839192351275 -0.021715858301837792 0.13775328290231315 0.7268233310371552 -0.0352159590107576 -0.01577166819162165 2.241815324293472 2.7791272640289013 -0.016673030819208692 -0.035971576466695424 2.899720533621256 1.9430220939220297 -0.008121981091724559 -0.025546284389022865
2.229311825577371 2.5959096995160422 4.132314378992854 1 -3.987790119378937 0.0115750999367501 0.009740245179753021 0.011277673395752296 -3.7461518857621385 -1.0065525872591519 -0.0005103324426885972 0.007472321569758234 -0.5158583901198437 1.501100211014943 -0.02876146400561083 -0.02003519816922393 -0.05906470634079586 0.583072570814309 -0.049966259655358385 -0.03119010651059243 2.0131240503759313 2.5378073336120437 -0.024383876896258126 -0.027173913256621253 2.7289026274901476 1.7335286558321465 -0.028058646675313888 -0.020826314112032798
2.1762056848053373 2.5479287262602575 4.053493085997445 1 -3.9941698306650344 0.08034231927465063 -0.007021418582399087 0.012106633972376164 -3.803958426605502 -1.024003660609469 -0.01344867518540303 -0.0055615050373192775 -0.6355039710757207 1.4320904938819439 -0.015528300965339182 -0.02729317372148625 -0.3136578265937029 0.4097923772667589 -0.05307924941784392 -0.018627619101834237 1.7740687412077705 2.340676521008316 -0.05469521730061835 -0.030594939368600308 2.4822903139758 1.5156299323383302 -0.04890410751645041 -0.056706374593085085
2.0918580116994994 2.436569667232184 4.013081386782826 1 -4.03728658861768 0.11535963366833313 -0.02640539252641971 0.0054594693325810285 -3.816489843862531 -1.0345111304916201 -0.000346852078023846 -0.006253338234319579 -0.7503358482645863 1.3532176860106442 -0.037899514544205364 -0.017179340688734668 -0.515294424170134 0.25071720500625805 -0.036921632683999304 -0.036057354692547866 1.5497284303953966 2.1766698700236464 -0.024803042084925477 -0.03462064135704905 2.2183570130644723 1.3013523739689914 -0.05353928312660114 -0.015914101033750478
2.0378329861650357 2.3594931635668313 4.003859798220068 1 -4.135676309216791 0.1206775560353337 -0.024421354381902332 -0.002544592934800264 -3.776343324415894 -1.0320479393158382 0.002202854151545343 0.0002728408487700515 -0.9026485818664649 1.244088778485036 -0.01734366732240792 -0.02305902159330916 -0.6061911950832561 0.11744508956717481 0.0003385343687751594 -0.017053695650494603 1.344371655459737 2.0408484726789977 -0.05998760256487106 -0.03907466245665782 2.021986061694374 1.1448911277444704 -0.044347003819147954 -0.03766319058723629
2.002296928859388 2.3470731160021687 4.004356412767275 1 -4.182097667829049 0.12908713292413876 0.014417194179396468 0.003584096986105911 -3.764495226064109 -1.0552855380982495 0.004031975004386723 -0.003991610869777543 -1.0206733640240575 1.140151176671464 0.005986584656014789 -0.014156246987280708 -0.6642799915895545 0.004377093944224031 0.003889637991114043 -0.012156310474668775 1.176416189930305 1.928028907059407 -0.04309255451934997 -0.034751138459800934 1.913863430525371 1.0572484237458353 -0.028814595771972047 -0.026078968277662793
2.0183919646554718 2.372654920298489 3.990122167750954 1 -4.131414698274127 0.1209258352704159 0.026689835205225734 -0.005774287729806624 -3.8214745176195613 -1.1289211041077922 -0.0058469037872073935 -0.014805444002813358 -1.0333293999331623 1.0684206663803408 0.018867577070190333 -0.02241397895622293 -0.7353341620509934 -0.09240036211781943 -0.004778027788863562 -0.0009823384593685269 1.1015143628447372 1.8459695241725975 -0.020850798595825275 -0.032968115923641746 1.865497088253572 0.996743119050608 -0.023150438722399035 -0.020593144127394533
2.0817900021493307 2.410675257850057 3.9569048743354314 1 -4.062875558749242 0.05667765021003057 -0.00883092306580452 -0.022704511082464282 -3.8784350793924327 -1.2224925635095523 -0.021990307795433036 -0.016170971488144812 -0.9812104731818985 1.0024880716224822 0.029522093138197862 -0.01799170498982073 -0.7523408109024472 -0.17535394524631975 0.022364233444288728 -0.00523725203341717 1.1138026536898655 1.7959468446114344 -0.012576783900447603 -0.023220292334598696 1.8693690128824079 0.9558208325533231 -0.004668351582801105 -0.020166980951158126
2.130884024057116 2.4675777460196766 3.9137920844081178 1 -4.028119102823213 -0.039886627315898315 0.028190345385740726 -0.022873830743950687 -3.8821044659450488 -1.292056615200237 0.01790203748930431 -0.0006937377281527636 -0.9350719167971753 0.9114679728140052 0.006969391763113484 -0.009243195515482786 -0.6695467924844936 -0.2471336590289226 0.02844591710940579 -0.022233662652422347 1.1607375846932824 1.767217762105799 0.030870747463942104 0.018360832119753583 1.9421009943711116 0.9622493407845301 0.04249153641437162 0.02389269544003763
2.1888906049670758 2.558117581470948 3.8806041413865953 1 -4.001865256000843 -0.1200297969807056 -0.001596290216937031 -0.014641951516248815 -3.8834298459806513 -1.3352859804879418 -0.011415002416605351 -0.007068953864894467 -0.8842827397816349 0.8151628928651196 0.017585720928579525 -0.012810751292235625 -0.5267912101524481 -0.3010076113969866 0.03487046002078287 -0.01452283742859613 1.2108400350123842 1.7470729177112188 0.019945784138370268 -0.01148154977891847 2.063952546079129 1.0207219839621846 0.012666571124702528 0.02635569633659973
2.292590979209492 2.674166672266357 3.867491940687759 1 -3.9343451103910794 -0.18428545178960698 0.030386750715644104 -0.013681560944150791 -3.9214704447674023 -1.3616952911584181 -0.0007112074893670249 -0.003008029685507372 -0.7830485611272149 0.7172687876775068 0.038484084927602066 -0.013979216928268576 -0.3918445614693642 -0.35244953448439353 0.03763532071729692 -0.006198775080918083 1.2879102545860457 1.7593612453369722 0.03379913599777039 0.028155880731936044 2.183931861132625 1.0973088782696796 0.032952691911353055 0.03183521671432391
2.3976669592345288 2.7727295326475283 3.840731481223572 1 -3.8537382016729187 -0.24820794744303143 0.005940768205665536 -0.014835818522234593 -3.979110575111074 -1.3818572142206287 -0.01559489109016637 0.0016541256707192802 -0.6533317450662772 0.6239561889054865 0.044745563036470336 -0.011063947029098187 -0.2739069124943656 -0.4213965333938371 0.0436714000746155 -0.008479586523648837 1.3739633675728733 1.797073664569294 0.029108245502618604 0.004907913528887361 2.2811563512516218 1.172082576581186 0.004626697334721028 0.02966723715381813
2.4379286149750743 2.8308346150167347 3.7980714948310594 1 -3.804496958407374 -0.30533767423339075 0.0017448835831829143 -0.004147162753033 -4.00320952775048 -1.3969138508213212 -0.00343101566702538 -0.00843304274934413 -0.556771688554552 0.5129511259824406 0.02336357726871546 -0.03511050522861153 -0.15182755256529656 -0.49869099829766717 0.02364409254724357 0.0008819223885707678 1.4356081245458903 1.847948950143179 -0.007141474989336732 -0.010671523494373095 2.355987161653358 1.2542378264318645 0.004606836476615084 0.0009720521409142327
2.4526807704426443 2.851366177214455 3.769296663918526 1 -3.7981796097957354 -0.34277022232970433 -0.0028838981619915653 -0.0019130603105464213 -3.989574071381838 -1.4020557619252156 0.0016632938180814218 -0.0031297147647063976 -0.5017170190229465 0.39054084508924425 0.0198282907907148 -0.014890647860308463 -0.020175332231780807 -0.565334415892607 0.03742029893384127 -0.009363922914094854 1.4487772678981052 1.8783109225001837 0.007999773680518959 -0.01050104146329348 2.3937417428702457 1.3467465431589107 -0.01870232916313153 0.024563256318212233
2.4680952031683154 2.8687768701446217 3.772337690892649 1 -3.792267836070453 -0.36255938159502066 0.004170546816724925 0.00048378605099437186 -3.974923840354939 -1.3995321932078617 -0.00013460123290462596 -0.004698832071071784 -0.46534026324288025 0.2856630960907205 0.011788142761746098 -0.007465066051156844 0.07396652655685898 -0.6300802230149274 0.022063148924230547 -0.016062773682863074 1.4232069694480156 1.9012804079095278 -0.0024207277296217754 0.028322316451217376 2.389230789004147 1.4166885339816169 0.0082929704358237 0.022884559531901452
2.4680016314331747 2.866532445227156 3.7889321613906 1 -3.7642229274893593 -0.3810098810486994 0.0064893422525141575 0.0016193170153858023 -3.9881920878107753 -1.3990931585504696 -0.0072131973614489794 -0.008081003950646773 -0.4240368117986826 0.22358600299860742 0.0241547029881451 0.00040144667128744075 0.10566188667837118 -0.6933026760724393 0.014660005608548906 -0.003169843592084741 1.3758767622235322 1.9240789567090477 0.00092298655493828 -0.011136006135197933 2.3447919593902196 1.44760221310385 -0.033798274833474105 0.009438722066141415
2.608943408787159 2.9133846592037305 3.715642660892554 1 -3.8376452630896747 -0.4838199350939394 -0.01567060837710163 -0.036098230667996146 -3.9752322043870754 -1.4997818494083026 0.013971087006138262 -0.022252994967963437 -0.3505384389634356 0.09270355553248266 0.015970920476488848 -0.030207523729687588 0.12405165414832009 -0.8261556034287276 0.01923985598650932 -0.04613233301257382 1.5395575168597295 1.939971933774685 0.06128856922770139 0.01902181896640146 2.3890704176910464 1.4434702848869296 0.04044275356946813 0.023374562684554658
2.6276057228420684 2.8919187595394993 3.5963824748708006 1 -3.8286518844930413 -0.6368318633975387 0.016406843660603798 -0.02842864537468938 -4.052972752148759 -1.5980346506560594 -0.04512281890081672 -0.018047194807063027 -0.2153683685296306 -0.13392852316613013 0.055770946432683544 -0.04072301112600544 0.24260100125923412 -0.9717289227319245 0.045479087352055324 -0.0074434874138627795 1.826264461726197 2.0221907327694497 0.02543714863060306 0.03835270484302422 2.622003996511747 1.7173104970582167 0.08107866636720859 0.07189466707023745
2.6353070391348523 2.9280940080515765 3.491229800065546 1 -3.7786739986214917 -0.8515701524214814 -0.016339683173595295 -0.038269277108062966 -4.226796187805853 -1.6541560738316796 -0.02363433286305519 -0.015323828196504755 0.04053673311986916 -0.2992848333540311 0.07873272242442675 -0.05139664711330376 0.4922787859792308 -1.0358838349944035 0.036659475305455505 0.030204953484900522 2.00303297898364 2.19063329050918 0.0706439957971753 0.02870835581203045 2.8209335748466025 2.048154651706933 -0.0273252437881744 0.05383388029670178
2.697254842520379 2.993632984035983 3.2957895275579956 1 -3.8528799488881478 -1.0246554617316814 -0.021840106826833936 -0.04774471809276829 -4.217584353387455 -1.774280580356536 0.02968524662355021 0.0025505600087003567 0.3366977662551651 -0.3555506655477414 0.05993628358338088 -0.011314550127049778 0.7933462247925513 -1.0230446529391515 0.051694045246130894 0.021228053747516747 2.093935092930619 2.3831212357418203 0.041125854562309536 0.018793533141953766 2.9203980821222526 2.1959379257537304 -0.02188122129874707 0.029242889401513636
2.6878774599274418 2.9875824458726647 3.1790322658160126 1 -3.861511390698086 -1.1250977490879708 0.002315476801225059 -0.030099919428445972 -4.148895261604206 -1.8163565511100597 0.024572031972918903 0.027260066247068684 0.5293879904083942 -0.36143199216476884 0.044966448500393 -0.01966907594692737 1.0358917025716847 -0.9689700102295511 0.01806408529507935 0.0358211609480085 2.137545245051376 2.4381307301208714 0.03665474368691189 0.00034220997918287064 2.978141375648076 2.3356380522561797 -0.024198527845256612 0.02924185949573322
2.71520644273274 3.0154789256656946 3.1201775338346613 1 -3.7980185494598193 -1.1012327040089118 0.007989568366205258 0.009443702334601171 -4.10156824438406 -1.7348307496768438 0.02240106996348544 0.03896139290069299 0.6436881118714082 -0.33715731341216126 0.03659636414089623 -0.015160531677007295 1.1652772621517924 -0.9460020402742428 -0.005000103469753506 0.024877483269865434 2.1763607254309756 2.4825893482046806 0.037326038400491986 0.009599094571256846 3.021459782295026 2.376463909057774 -0.027780170438184433 -0.0013918971294791735
2.7149963893208953 3.015501245467685 3.0898542840756873 1 -3.7251670593764477 -0.9679043779733498 0.008312458798548871 0.008275717485855837 -4.020984754019756 -1.6110094319002672 0.031453097115693926 0.04385294023389873 0.7024833179498122 -0.3292771224660347 0.01956864085364591 -0.024563418977179233 1.2111471460581944 -0.9598216935592382 -0.015143411138790898 0.020300536521735357 2.2054965884932765 2.503154655311025 0.03259010180501312 -0.012763429556346987 3.044472086291112 2.336403537717157 -0.029749783777552982 0.0008375438447908255
2.6826772687249023 2.98766120755537 3.080745760173712 1 -3.684415287495605 -0.8305829376277982 -0.0010144035983778738 0.004589661089394917 -3.942094777719016 -1.5013480331709872 0.023619405464394696 0.039032082727712004 0.6747930098417241 -0.375538533228598 0.007751409568832211 -0.030915453311760405 1.2126685030767579 -0.991036575663071 -0.025213997003658315 0.014302690205279835 2.215430985902196 2.421315344565779 0.030203872431171053 -0.020818948651468196 3.060535555054755 2.3119898777472323 -0.031925877397383395 -0.006678495463277282
2.685176485290206 2.9855457806386023 3.0725444567358817 1 -3.6714425988725576 -0.7221700033494822 -0.002971427025826965 -0.0020238807420102783 -3.913137716056341 -1.4273771759578229 0.011259871855275567 0.030945664868260718 0.6382504812064695 -0.4223317482528288 0.009874757351604646 -0.027319307483772565 1.1516159696416137 -1.0663951879454088 -0.036369718237238446 0.0056401253784552074 2.218371387113586 2.359914114394007 0.02856294176755891 -0.017092596874663316 3.055016496322616 2.1906205084820356 -0.03695798429665077 -0.025389623114793276
2.6430613239778045 2.9451896986621118 3.0620381870879125 1 -3.671148310704734 -0.6448056576804695 -0.004947219705806253 -0.006629684161247033 -3.9202457758173486 -1.3864436409666483 0.007763611689955926 0.023607800318753057 0.5864743450147376 -0.4731307500622143 -0.000768967289772108 -0.03295544510999737 1.0637176029453475 -1.1579452764968166 -0.03360561978035128 0.008038528605371027 2.205100642746115 2.247623171385477 0.024208158228528003 -0.037438774029338075 3.0367425687358205 2.0443458413239517 -0.036274608467817646 -0.018151200679962426
2.5915852596716302 2.8996773512186262 3.045158702867105 1 -3.6895749874195753 -0.592641981129271 -0.007825887186046638 -0.011110242924331378 -3.923710843244283 -1.374722038979594 0.008133625197749461 0.01817936534255912 0.49871396000608215 -0.5506676022142762 -0.0018312018967007876 -0.034312373949349384 0.9888104306754402 -1.2411426261139336 -0.032559264914902006 0.0063912981159236285 2.1809156016224422 2.0847574756043117 0.023822170076477613 -0.03480070008317458 3.01937111378827 1.9007433192437353 -0.03762460793611125 -0.02717717140532994
2.547562324346229 2.860655638632141 3.0277402588059634 1 -3.704902832823296 -0.5711371024820623 -0.0030638597604576295 -0.016566928711702504 -3.9309678265987578 -1.3795296733251723 0.004719629508132428 0.015574091740222867 0.4480744105448258 -0.6164231325812737 0.005596536207626776 -0.03149434813619038 0.8961609544437055 -1.3479558024250258 -0.034255419359949885 0.0018307719293102279 2.1586559157136653 1.9567206473334737 0.02316667845262492 -0.033934846762466706 2.987036931388573 1.7013214412858155 -0.038545070612247725 -0.030611358126902594
2.4453013818703373 2.823288178297512 3.1012428943520023 1 -3.7293341850396353 -0.5214761149285885 -0.004122701133652814 0.013751263536770406 -3.836886398193002 -1.4318581872938465 0.047530950206939225 -0.0071624413403070615 0.5338604299040552 -0.48826515800851866 0.021929621076952125 0.01992041274224468 0.5133089434348541 -1.485618290587386 -0.1010472570520804 0.012481341688830905 2.0293261446486763 1.801910118646926 -0.04254667770251943 -0.03872037359076622 2.911878660881226 1.4915198865996708 -0.013720821234986278 -0.046024146704052075
2.485591176314421 2.9436404409995127 3.090416338501457 1 -3.7465117076590895 -0.38506207942038895 -0.007170394620031116 0.02244387220598964 -3.6789617438093587 -1.392502836942135 0.008688594517505081 0.03405307113741326 0.4120260139882017 -0.3427692320137051 -0.0660250856832559 0.0418725736619893 0.18037689790139488 -1.418976926028694 -0.037102059740197424 0.0018711128260934587 1.8344697686014957 1.516154382792858 -0.013582675575445808 -0.05320768606489186 2.82972541283596 1.14834654681141 -0.020720168705899072 -0.06843186129280016
2.5360068786109418 2.9487023892728423 3.0199387634564236 1 -3.7986306833622496 -0.2373542092205294 -0.011083024974765437 0.02862039781863543 -3.7597119306431823 -1.2343264800532059 -0.02719416551758665 0.029726973208352277 0.054803157794432344 -0.2451539868071747 -0.0781494238770048 0.026526775176145222 0.024396843049473205 -1.3181675332363063 -0.03391155050569873 0.002348706518038042 1.773600261977327 1.1864807426651032 -0.0006471178083494399 -0.04693588384621049 2.7444606859934133 0.6877073183717639 -0.006655994097921629 -0.08062603430074182
2.3574004020791057 2.7792919204845705 2.92684715842464 1 -3.8651010062501103 -0.06033531250164925 -0.012401633409278655 0.04178217835017801 -3.8859395323932278 -1.1349714905015658 -0.01057492106364714 0.012297142414421664 -0.19899767984302308 -0.1503639747040859 -0.013507798199301875 0.017013118705180456 -0.23105547112384706 -1.2452056960526372 -0.052444285726678655 0.021224158314130107 1.7022665462476079 0.8466993860902363 -0.01253308972313226 -0.045548956461960936 2.635594006899959 0.2561969288320203 -0.01501175980762395 -0.06314475943195097
2.2538717066277414 2.6636552877000987 2.7937298142511255 1 -3.988372145608062 0.12618669794731208 -0.036781370701402916 0.03949455992808373 -3.9006133717599636 -1.0574445682797007 0.001801133853159909 0.014401605172086898 -0.2964864309276338 -0.09036402461185189 0.001682165973702878 0.004429391595851668 -0.6119892180108724 -1.15149756542721 -0.055275764136319745 0.01200341284786631 1.596849022959125 0.5800233970787994 -0.02788573594144976 -0.05907205124737109 2.4779220378201003 -0.0722741403659043 -0.04248970381401544 -0.07449571288239197
2.271450792655207 2.6011647348467224 2.7434436006017613 1 -4.152230342257546 0.2884419230216613 -0.01930511546426028 0.032036363120343234 -3.8622957889781984 -0.9231649842243811 0.013678424325580942 0.03884993634122555 -0.3946042950996098 -0.10219534038429179 -0.040896173364081134 0.00018717328871086653 -0.9044850385369618 -1.1110017146794058 -0.06245077053829997 0.005134915064543773 1.521549891988875 0.37655448352331966 -0.03863329074024949 -0.06295363110396292 2.3141518623503536 -0.3421246401444016 -0.04615551270458685 -0.06171257879624655
2.135195858152321 2.479753714653471 2.714779751693857 1 -4.285134790325683 0.42328177291401436 -0.017355697339623933 0.02222797040825653 -3.8718915632332487 -0.7331674098022529 0.01085301913231187 0.04253737445653476 -0.5165779286802636 -0.1376319854693836 -0.023299820930277625 0.002242926486675456 -1.044017481286744 -1.137226382764271 -0.022192352567118705 -0.012859360748560377 1.4258625590704872 0.1756942818035474 -0.0342234654835548 -0.06336298277759685 2.189712807285023 -0.5743064188318341 -0.03717539444999944 -0.05587731519757158
2.009252459334009 2.3401061957362925 2.6899897638259906 1 -4.399788425931974 0.4962520732518034 -0.008528910884401615 0.010511727149925418 -3.8757372328011637 -0.5644851050466853 0.0060878242105204435 0.03825418884073821 -0.5860386711029268 -0.16020807101869772 -0.013213963491252596 -0.0015013531313696551 -1.148965987839488 -1.1174236223204383 -0.03820230794322017 0.02070668498118495 1.3561321510238082 -0.004928505848909692 -0.033662486438117464 -0.05466717828667063 2.103098765379732 -0.778971990098325 -0.03542112019460457 -0.049161360486691515
1.847009424095645 2.076266344712441 2.650484948474779 1 -4.485745164418031 0.5351830158580455 -0.01098454722835917 0.00860732266749285 -3.89046015970785 -0.43622295672573064 0.004401886405215326 0.025456682645160378 -0.6820023315306001 -0.09013960762560957 -0.011712631935372794 0.023233556884067585 -1.1209541296831076 -1.1279790797851077 0.00889601088462735 -0.013641828256364435 1.3051126019595838 -0.09639309175032396 -0.025194496461657147 -0.0038817975186676125 1.9940113937296235 -0.9772275099936234 -0.021035790067268943 -0.05917745386787072
1.4058118591257356 1.6180872602593548 2.6621230675401124 1 -4.546531473462487 0.5499791470694269 0.000535340643900286 -3.824476297102815e-05 -3.8983286693474417 -0.3444782119863804 0.00029239710383783396 0.02230047176635551 -0.7497093066493798 -0.021602619232253928 0.01495691192314507 -0.004495475565191056 -1.133109639685102 -1.113433351542976 0.01197185345154706 0.010995359692287196 1.2389657721733052 -0.09537044005445183 -0.03988387571173197 -0.009026063420248788 1.8024010175206868 -1.134118012945267 -0.05985000629343541 -0.010117046151201986
1.0682528929636907 1.1906187023960106 2.491277706304311 1 -4.602463443112159 0.5795918636381865 0.002963381041441601 0.005268043335167922 -3.933031298516767 -0.31218778168262096 -0.009127438827102773 0.01269983238282266 -0.7923222203947198 0.02755323345630889 -0.01101405360528901 -0.002443270062475811 -1.2609522912253603 -1.044150281171709 -0.016406812442606767 0.025908080306499152 1.1707106162487904 0.0020251183746695656 -0.035627252959712516 0.019848758482698205 1.6541928849317946 -1.0739524375299834 -0.04156723367477197 0.010437900889498159
0.8960652525051626 0.9324617718780015 2.208091074697578 1 -4.649173829180561 0.6504062116671334 -0.0001663411418330804 0.014306200399315662 -3.997792461657893 -0.3101695990351221 -0.009766972828646454 0.006795016459702498 -0.8796513121182636 0.09922101566607378 -0.04311522166048358 0.020303500190115283 -1.370096531634394 -0.9827021478775329 -0.025535993815933057 0.020031782468995334 1.2006382674458314 0.12836631019896738 -0.0038425298807570393 0.01138253491957356 1.5553645378990861 -0.9720055718935781 -0.04007181714454455 0.015192337898160302
0.7644103671729473 0.7344791757401748 2.0046678796132413 1 -4.703612157085056 0.6907669834122303 -0.016606300708091874 -0.0027017147548827076 -4.037907471721394 -0.2942323800803286 -0.007620960035642728 0.006269312175491079 -0.977906039573639 0.17743536336864585 -0.014671871964888422 0.0041450262917308136 -1.369174469075538 -0.9283509470515049 0.02050538207860779 0.02462986370084992 1.3107792290037006 0.20520636040757756 0.002707378900896791 0.01167766577519927 1.494336179769542 -0.9060215864200457 -0.027766510708803125 0.006154957517538662
0.5845703839819734 0.49479853750990943 1.8395389558710915 1 -4.770762621220973 0.6642040755261789 -0.020131414030546108 -0.004037520672144454 -4.030895917715695 -0.2443498918963034 -0.003497672158676686 -1.2308153831815279e-05 -1.011497641756308 0.2815839804261713 0.02188883246330748 0.020699320444406206 -1.29607626455281 -0.835732497768734 0.033432228925052 0.02213867840994889 1.4438431641939067 0.2727463711921425 0.007076604394530258 0.011665126104393464 1.483797373548068 -0.8447834297823997 -0.02029679360503065 0.017273238787466078
0.41348850311065943 0.2691730063566558 1.725157753917047 1 -4.816092697810121 0.635651906109632 -0.007503995446939031 -0.00661150145479183 -4.0227607350167105 -0.2086294927759178 -0.016226029608466013 -0.006845369925668459 -0.9725459925057751 0.43316840299934234 -0.0077089920654667375 0.03776185591554095 -1.2168811354551305 -0.6722484007198775 -0.0008630118145708313 0.042445729672870566 1.6000127010497263 0.34728692443044107 0.050065455988060004 0.011168745753958546 1.508929532619785 -0.7643575135781331 0.025163083685910023 0.014791132332425044
0.2774548757978162 0.09642849242864228 1.669222250670117 1 -4.816871693020885 0.6421475302311928 0.0046412969710500455 0.012535865351021774 -4.029116163143946 -0.19655680716776713 0.011655354509496755 0.006197830619024269 -0.8936213055178968 0.625959673469356 0.03313918913945377 0.03730926112744503 -1.1335929822058923 -0.4709799197462913 0.03291693754159084 0.03902735163621019 1.7679562499107782 0.3973105287672125 0.009700900662632921 0.010377816015496002 1.5462357395837643 -0.6914330449701381 -0.018505441167200466 0.0196860928082724
0.13562768356092236 0.09518735660861823 1.2179063474238692 -1 -4.889770893878331 0.6908196006118366 -0.03793608859562064 0.0019273541437572136 -4.137058331701145 -0.04407513412050945 -0.043223181703190144 0.03412561909132064 -0.8187596603167591 0.7893169451278466 0.01780419421286953 0.02976215090178617 -1.0617087633265907 -0.26918155128098054 0.011212775029553836 0.03156583888700666 1.9810840163929315 0.43110929450843316 0.07420704559203047 0.008176724262590319 1.7556467044843265 -0.5640205237870182 0.07616963958064163 0.021607446179345024
0.12925381679479098 0.18068012328893435 0.6920233018288235 -1 -5.0799825738598985 0.6789422293632368 -0.05013642475244057 -0.003244433901453441 -4.290433026493837 0.17695832015468427 -0.01909603535220929 0.03356499895033263 -0.7150942781979324 0.8674324541104887 0.038214822510663375 0.007649682938107857 -0.9663775920236901 -0.07013956070696803 0.03842611313422353 0.041464690775897955 2.441030181872419 0.38914850839828374 0.0857753579376604 -0.028372254393549914 2.117097558278595 -0.4733258375126478 0.05110271520921029 0.023682996965762586
0.12873907504366158 0.2954050100154448 0.38018353729724225 -1 -5.214664045200451 0.6254036548637742 0.006184415429293325 -0.013010250511245222 -4.387750487947712 0.2839159139109815 -0.020210847792392603 0.014390063226942815 -0.5617132827947802 0.9765678938873101 0.033679455248588744 0.026726324121675436 -0.8015390352379317 0.13669457056789236 0.03864891303981337 0.04445729852944896 2.875705115805136 0.26719225047209094 0.04457722682546891 -0.051280472102833985 2.436055365432213 -0.5129636848726435 0.06294329228270631 0.010280569523580103
0.14684834025227975 0.37469992416384545 0.2275549056991367 -1 -5.205684223265737 0.6353189108956747 0.03661427601542136 0.0028598169281566386 -4.387115198151126 0.271023048658227 0.008460582894405981 0.013858169031350244 -0.39926149363203667 1.1418683533055884 0.031258506769351935 0.022823560579738673 -0.6179640716937835 0.34658175667394997 0.0398807392545435 0.04793207644900495 3.09979602651335 0.15761811188435626 0.01766350682226444 -0.05099271326552833 2.6578648685419513 -0.5975859752024258 0.037469877899686116 0.008346919997307023
7.365369 -0.929162 6.554263 2.5881078 6.8929 7.3624673 -0.99428356 -0.22581697 2.7174544 2.314645 6.6073713 -0.2568028 2.7342114 2.2610748 2.1976562 5.1273937
8.820709 -0.4827199 7.212425 2.7214947 6.3447123 6.8602195 -0.95802283 0.089668274 3.076961 2.2541 6.864172 0.32527232 3.2672844 2.229578 2.3612244 6.0175557
8.1576 -0.6527724 5.2815523 2.572846 7.197708 7.625708 -0.72167647 0.7122892 2.660371 2.3586984 6.775546 -0.7821522 2.606368 2.2556236 2.0375473 4.303856
8.151569 -0.66718626 5.287553 2.5848408 7.1783323 7.6638184 -0.67288315 0.79309523 2.6832452 2.360913 6.770275 -0.7778783 2.598415 2.2586584 2.0424173 4.315512
8.310986 -0.76789427 5.709217 2.6976929 6.897603 7.8269715 -0.3820269 1.152425 2.9772835 2.3520334 6.732025 -0.51937294 2.6756487 2.2783194 2.1521761 4.764132
8.619276 -1.8797903 7.476431 3.4524465 5.5496697 7.1410713 -0.983255 5.5284996 5.3896704 2.1588895 5.918764 -0.06343937 1.7709996 2.2625065 2.73834 5.0155964
8.595663 -1.9085903 7.503438 3.471839 5.5284424 7.0612564 -1.105951 5.6660337 5.483949 2.146628 5.882286 -0.08513045 1.7016861 2.2557998 2.7513618 4.945006
8.426502 -1.337769 7.684721 3.757552 5.5380564 6.249187 -1.9633553 7.343766 5.991223 2.0294037 5.686809 -0.07500434 0.84159553 2.1581597 2.8976035 4.0995765
8.461022 -0.51166916 7.7532387 3.8469815 5.817985 6.033939 -1.8616084 7.539753 5.5197306 2.0028358 5.843768 0.19934988 0.5760305 2.106064 2.9354587 3.9392533
8.613841 -1.2262015 7.780597 3.6692214 5.8973804 6.27803 -1.6354098 6.8309994 5.117181 2.0617645 5.723957 0.13578188 0.9893551 2.1585057 2.8588078 4.3390627
8.425232 -1.2368627 7.724919 3.7442632 5.6889377 6.1798534 -1.9752793 7.240676 5.7316713 2.0254872 5.698922 -0.008867741 0.79994756 2.1457555 2.8943048 4.0882297
8.368992 -0.3964572 7.7359753 3.872834 5.753657 6.07526 -1.7783844 7.6518517 5.5880156 2.0029426 5.9129252 0.21990669 0.57564753 2.104515 2.9420843 3.9470024
8.252586 -1.2208495 7.6742396 3.7823086 5.51063 6.298019 -1.9122014 7.467657 6.0369143 2.0262644 5.764462 -0.052782774 0.8205436 2.152278 2.905533 4.096254
8.3585005 -1.9465365 7.597991 3.4996824 5.522522 6.930546 -1.3140454 5.9038267 5.5662823 2.1255906 5.8584166 -0.09722519 1.5906205 2.239566 2.7734976 4.853237
8.542293 -0.80608845 7.3790064 2.9047785 6.1003065 7.5894785 -0.18384111 1.1544356 3.4933288 2.28407 6.7340794 0.42287672 3.1200078 2.2859461 2.4613187 6.268635
7.357875 -0.83057165 5.475318 2.9407098 5.2389984 8.4567375 1.491041 1.6949257 4.1932917 2.2507958 6.992928 0.47936285 3.3188922 2.3101432 2.4433365 6.2101793
6.119186 -2.5435925 0.87948155 2.9127152 1.7147288 8.274249 5.4579897 1.7730126 6.3230333 2.244178 9.026119 1.2013595 4.368127 2.3671837 2.405698 5.706315
6.260816 -2.9882178 0.8391917 2.8932414 1.8207097 7.945464 6.0717278 1.1808908 6.48865 2.2245483 10.106141 1.669752 4.242067 2.3895984 2.4484196 5.7929115
8.539111 3.2161453 2.8753407 3.679017 3.4766576 4.8961105 6.940993 2.3914123 2.8616614 2.1798227 6.7193737 4.097098 2.197758 2.2129395 2.894245 4.360923
8.437205 3.235793 2.3538356 3.6718688 2.9400752 3.7979455 5.583272 2.4471915 3.4423451 2.0991933 4.111935 3.69103 1.8152373 2.1724026 2.9336867 3.1173615
8.332308 3.6243734 2.180448 3.573163 3.0019088 5.233722 7.5343385 2.0670924 2.6331024 2.2067008 5.6330976 3.9816084 2.6185422 2.2159002 2.8584242 4.078369
8.442432 3.78019 2.235079 3.5237494 2.8611302 5.299116 7.249893 2.1696854 2.5496483 2.195982 5.29199 3.7156992 2.7152267 2.1761274 2.8562965 3.6791153
8.5290985 3.650526 2.1082776 3.4467125 2.7026358 5.192651 6.1224995 2.0009077 2.3030868 2.1811504 5.659857 3.2629397 2.8469546 2.081062 2.768431 3.4604745
8.047758 2.3854213 1.3619175 3.241733 2.4897587 5.3026195 3.623796 1.324159 2.287183 2.1337717 8.4752655 2.2661445 3.1914864 1.8927089 2.483519 3.7798014
8.182617 2.2568583 1.4112102 3.2343745 2.3457158 5.2355084 3.5687451 1.2883573 2.3278022 2.156198 7.9201336 2.2138922 3.2649024 1.9149842 2.4840522 3.7663088
8.849758 0.8241348 1.6296842 3.1220083 1.3057194 5.1321936 3.0863218 1.1050323 3.112128 2.2881603 4.8114605 1.6255795 3.8660138 2.0754776 2.4685476 3.7257142
8.922608 0.5398915 1.6918005 3.082277 1.1015139 5.187997 2.9227014 1.1572827 3.3394551 2.2982748 4.321313 1.4103978 3.9826334 2.0915089 2.468982 3.5806766
9.142295 1.537457 2.0084407 3.1081119 1.2562017 5.2642 3.2961745 1.5259749 2.8752642 2.2764416 3.8234017 1.487551 3.8905396 2.046205 2.543312 3.0188956
8.877949 1.1019783 2.183894 3.0850217 1.1854744 5.9165683 4.6740255 1.9138489 3.7003846 2.2887926 3.337727 1.5859466 4.012439 2.1770136 2.6384997 3.070156
8.561928 2.1121726 2.3217099 3.0870667 1.7379246 6.235873 4.3690467 2.489094 3.0762656 2.2104151 3.6606135 1.3922832 3.752338 2.0590723 2.6496813 2.5530443
8.325401 2.3643026 2.3255994 3.0874777 1.9815564 6.429728 4.235438 2.706595 2.8769026 2.18705 3.7266028 1.2965553 3.6586695 2.0285785 2.640986 2.493341
8.053831 3.0758848 2.396576 3.1196203 2.483299 6.566281 4.048923 3.04739 2.3230872 2.1467483 3.6670957 1.2752112 3.4035714 1.9690046 2.6456478 2.3297153
7.8783016 4.3364463 2.6145747 3.195415 3.2728934 6.480828 3.9086895 3.464299 1.3307216 2.092751 3.3410692 1.4390025 2.9465437 1.8861845 2.6825929 2.0188766
7.7657604 3.6584623 2.4764194 3.1368363 3.0144742 6.7106605 3.8919425 3.3309793 1.797591 2.1047094 3.6316626 1.2581481 3.143633 1.9155103 2.6523938 2.169232
7.619103 2.7017183 2.3191314 3.0315537 2.844975 6.940444 3.6591983 3.0659692 2.2437725 2.106691 4.1445913 0.9881426 3.3445473 1.9348706 2.601865 2.3221226
8.118844 1.6537857 2.2454147 2.9624956 2.2911448 6.485733 4.005673 2.2810597 2.887902 2.1351438 4.9070177 1.208432 3.5884223 1.9897349 2.612474 2.4190297
7.9553194 -0.11205959 1.9557524 2.7670689 2.279684 6.538326 3.5748353 1.4670799 3.4131637 2.1188238 6.3864055 0.9762466 3.7791905 2.0068445 2.5230494 2.7515588
7.7460356 -0.8124938 1.7799419 2.720275 2.2621717 6.62612 3.513719 1.2301029 3.6889904 2.1274598 6.849604 0.92289686 3.868023 2.038627 2.478454 3.09859
7.653498 -1.0215201 1.6942017 2.7080958 2.2524607 6.6387706 3.410565 1.1326225 3.7482412 2.1295047 7.0818763 0.89225173 3.8942983 2.040524 2.455665 3.2271638
7.5850415 -0.8460598 1.6444018 2.7198513 2.3100162 6.6051044 3.2703733 1.1262064 3.628469 2.1166098 7.431766 0.8938867 3.8483703 2.009001 2.4443266 3.209096
7.6205053 -0.5423093 1.6707342 2.7139168 2.415631 6.4895573 2.920164 1.1318266 3.3277423 2.0946262 7.6282105 0.82578874 3.7806234 1.9516984 2.4341376 3.0010138
5.070934 2.4858897 3.0827236 2.8906326 3.7402058 5.268873 1.9616268 1.3143159 0.46776408 1.9553481 9.451996 1.563736 2.5253363 1.6154666 2.5165477 2.0109391
0.35441256 2.6578016 5.9330416 3.0751576 3.0640702 4.6719112 1.8443289 1.9626839 -0.104129195 2.0900328 9.518805 1.9147242 2.2427459 1.6588101 2.6148283 2.3607078
-0.10447264 2.915929 5.417261 3.0530753 2.8592987 4.771546 2.1711116 1.9009084 0.034190178 2.0737488 9.610363 1.925348 2.3533316 1.6509011 2.592516 2.2947488
-0.42491055 3.312994 5.00244 3.0457926 2.6517391 4.819914 2.4965546 2.0087924 0.15649498 2.060145 9.702717 1.930758 2.4917827 1.6407746 2.5717204 2.2262678
-0.43894196 3.5792437 5.0558615 3.1183193 2.4246998 4.999341 2.9404783 2.450526 0.43884796 2.0728729 9.82904 1.9844394 2.5651722 1.6592516 2.6015553 2.2759962
-1.0240917 5.9068117 5.25062 3.3882008 1.8222508 6.079934 5.8749447 4.878525 1.5139375 2.0789933 9.151392 2.305955 2.8516326 1.7639352 2.7958698 2.0076704
-0.92266417 5.82406 5.28557 3.3851156 1.9857032 6.128472 5.561818 4.8543015 1.3763206 2.0770166 9.082567 2.225471 2.7903018 1.7521636 2.78054 2.0613232
-1.430872 5.991222 5.0460005 3.3709745 1.9270682 6.0195537 5.0165687 4.7315435 1.1941774 2.0759234 9.404024 2.1277194 2.8739247 1.7054412 2.7019007 2.23694
-1.8844995 7.1919503 5.183112 3.312069 2.4027364 5.967222 4.2440004 4.8210006 0.6296182 2.0436623 8.844011 1.8504883 2.9255867 1.6350394 2.6320095 2.091238
-2.1949706 8.477069 5.2633343 3.2487333 2.6776981 5.840784 3.8320675 4.748417 0.31573594 2.0112526 8.491979 1.6752446 3.0705912 1.581903 2.5742853 1.9176264
-2.3445535 9.396471 5.3115177 3.2109828 2.7236974 5.611836 3.6860538 4.7790437 0.15147138 1.9923859 8.384714 1.6016924 3.2353864 1.5473847 2.5336754 1.7861671
-2.279336 10.359049 5.4521604 3.1569252 2.5460575 4.8890595 3.4844193 4.854003 -0.11052191 1.9805458 8.508531 1.5429292 3.5325913 1.5033584 2.465771 1.5964699
-1.7928138 11.425392 5.6579094 3.0923295 1.6488509 4.154909 2.859531 4.136775 -0.46476316 1.9847806 5.979473 1.73209 3.5162008 1.4968019 2.3615997 2.170425
-1.818162 11.404496 5.7120004 3.0576563 1.4609475 4.1358757 2.7496953 4.0474176 -0.5795039 1.9567289 5.7868643 1.750269 3.370015 1.4791849 2.3293462 2.3644195
-1.1411285 11.285408 5.836277 3.253614 1.6778469 3.6951134 3.209969 4.706879 -0.43427932 2.1251824 4.5936728 1.8128108 3.8780413 1.6090081 2.4633212 1.8130221
-0.76485205 11.149403 5.9611473 3.3206906 1.5449095 3.4342904 3.3275504 4.9859443 -0.53349763 2.1842363 3.4711647 1.9109718 3.9082594 1.6657729 2.4971504 1.8475738
-2.6494775 11.85607 4.4973707 3.3899946 3.4355433 7.7128305 2.2079859 5.2297125 -0.42903483 1.9905661 0.6293802 2.3434381 2.0681832 1.5322622 2.6044354 3.7292156
-3.6871147 11.378374 3.1384463 2.8413591 5.2699194 10.499129 -0.25678682 2.0880423 -1.0264034 1.6436715 -1.3858056 1.9554286 0.87585443 1.26083 2.4735827 4.1810536
-3.0439487 9.095602 0.91145945 2.084318 1.9512405 12.852144 -0.08159542 1.6271982 -0.022416115 1.1580408 -2.1986551 0.024778843 2.2025342 0.83920264 2.0355966 3.1086297
-2.6567235 6.6878624 0.9198892 1.960508 1.8232632 12.875673 0.4536296 1.8098809 1.843606 1.3830588 -1.8161325 -0.36397123 2.9871461 1.1957202 1.9955573 4.257746
1.0321293 0.5757692 0.8888385 1.7622489 0.3059311 11.68315 4.394464 5.0288825 2.9808784 1.3923744 1.5218992 0.4223572 3.3534098 1.4214077 2.0395324 4.7685423
0.89052916 -0.4217944 1.3542318 1.6623005 0.45493174 12.686003 4.2120395 5.521229 2.164359 1.2481495 2.2487807 0.7023182 2.8928952 1.2385269 2.008363 4.2105417
1.2579498 -0.8096485 1.4251035 1.5275705 0.5218158 13.222612 4.521595 6.0179405 1.7094724 1.1369588 2.826868 0.8497995 2.6515684 1.1527592 1.9104567 4.3119416
1.6980672 -1.0430508 1.3068293 1.4155226 0.65233374 13.12969 5.098165 5.814737 1.7269206 1.0999256 3.6251655 1.1320769 2.5135508 1.1868582 1.8185761 5.024032
1.4684205 -1.8207245 0.59952855 1.2845473 1.3551521 12.532807 7.118354 3.292234 2.3011594 1.0895934 6.615473 2.5653172 1.9649491 1.406985 1.6186643 8.180538
1.3364048 -1.0776048 0.05580902 0.77401996 1.8557129 11.675077 7.9513593 -1.8776872 3.416343 1.0366135 9.611629 3.052497 1.7834387 1.5464725 1.3641737 10.72523
0.34245062 -1.9280534 0.9518148 0.6124711 1.4716482 11.268755 9.751111 -3.0314054 3.04048 1.0124224 10.114389 2.950653 0.9157077 1.534796 1.4318179 11.995699
-1.2072358 -0.41080236 1.7045645 0.6807233 2.0227811 12.07279 9.056305 -1.3120453 1.4766017 0.98025167 7.5214233 2.2785487 0.09934771 1.4707232 1.3114877 12.767866
-3.0651937 1.0338266 3.1217532 0.9537126 -2.3692126 8.162179 8.75764 1.8042576 3.5136642 0.5914767 12.671261 0.6124642 -1.1269343 1.1026793 1.2893016 11.429854
-2.0789576 2.3300683 2.7589498 1.2874306 -1.8238125 7.6751623 8.312839 2.4755516 1.9252722 0.92032087 12.545807 0.22806525 -1.5451857 1.3805988 1.5617571 12.633739
-2.1434646 2.0402539 2.5350916 1.2478907 -0.5109191 7.411947 7.1703596 1.0548433 0.9007551 1.0388383 11.225161 -0.045324326 -1.9363846 1.4922936 1.6905754 12.977617
-2.2055721 1.2751513 2.255775 1.190852 1.050169 9.111968 6.904662 1.0169617 0.43547475 1.0054117 9.607067 0.050869703 -2.5370545 1.4640471 1.7896101 13.116584
0
0
0
0
0
0
0
0
0
0
0
0
0
0
0
0
6
6
6
6
0
0
0
0
0
0
0
0
0
0
0
0
0
0
0
0
0
0
0
0
10
10
10
10
10
10
10
10
10
10
10
10
1
1
1
1
1
1
1
1
5
5
5
5
5
5
5
5
15
15
15
15
15
