65
1.79959383640937 1.8449481986785625 4.837364985195969 1 -4.04 0.3400000000000001 0.0 0.0 -3.6 -0.56 0.0 0.0 -0.4400000000000004 2.08 0.0 0.0 0.0 1.1800000000000002 0.0 0.0 2.26 3.3899999999999997 0.0 0.0 2.7 2.49 0.0 0.0
1.6743131407957133 1.9344281580616252 4.861310725913091 1 -4.03521877057053 0.33911676738923235 -0.005383654494371356 0.007877003029911886 -3.601640243619459 -0.5604222015625129 0.0021305027656607304 -0.010273369063211496 -0.434450523094168 2.0834751650734966 -0.003418536609579862 0.013321617198763562 -9.721573668741712e-05 1.181987513551702 0.006988992800343359 -0.0107789561738575 2.308539968024654 3.3927409523221144 0.020740037320487428 0.016476096554153222 2.725635530326345 2.525922304087576 0.0240847314391739 0.005818331171772495
1.7234999758874332 1.9008969289386093 4.896451876818667 1 -4.031473310920691 0.33532238136704184 -0.007820175450474658 -0.006872105240788448 -3.599987660035801 -0.5577639556098664 -0.008819281439326185 -0.0017918286589439772 -0.3922092065489666 2.0898274742512237 0.0264949778714866 0.006528954388018808 0.030762590980865312 1.2146837756930804 0.02253128795027533 0.017784693267685128 2.538379303747374 3.457679970995323 0.06397557440706952 0.020421963640734925 2.9092320258581355 2.661222500940458 0.053117883736419305 0.03552827720405272
1.732332630951067 1.905426105845426 4.902455740850489 1 -4.019832203201101 0.32967206498031576 0.0177979654554084 0.00121091593117696 -3.5918823582499373 -0.5451301712786745 0.011991786111445139 0.01293331882147506 -0.24677257663373986 2.1292999306766975 0.05515016047546169 0.009203966020359618 0.1545741911991314 1.308574495636916 0.04098245701319342 0.03808553274900674 2.847298623370044 3.59299430836674 0.06502874359182079 0.021576045845192574 3.191043235639855 2.8088047862133716 0.05560024811084749 0.035228971863095385
1.765107952067554 1.9395202500265036 4.910423657267432 1 -3.985367442288178 0.3190175205845791 0.022273814255133285 -0.019577617521068076 -3.5825904984558425 -0.5142934562474206 -0.0025507253571155457 0.02916907582832199 -0.0052857682380169635 2.220561312501437 0.06143398212065054 -9.717430004033828e-05 0.37182940019252264 1.443178661810077 0.037251830802175256 0.04865248104608805 3.1542019381475797 3.7281585149734147 0.06637454542288222 0.011582697297607997 3.473768674869479 2.931581717934093 0.04807858327962496 0.031770021224098846
1.7803310400315495 2.0392698657704456 4.905286603385321 1 -3.845351094797202 0.3679799610997456 0.0609287588397442 0.008484529017244082 -3.579537187709067 -0.49670300651103827 -0.0024292012789520444 0.012836092827591614 0.24806866207697365 2.340750484772817 0.05724816902378459 0.007779401175296092 0.6133024771884985 1.5695463941591399 0.03861383871030769 0.040588757727873105 3.4130353475502853 3.7846863882274357 0.02186543327531188 -0.018234430444218023 3.731841709991448 2.946924785309243 0.02839700166698548 -0.00715358996628645
1.9073258722752897 2.301794944258272 4.7997394955114805 1 -3.5799852696465186 0.4110341407188729 0.030529071842757344 -0.0063586820688498035 -3.5182380352621023 -0.5233227821225286 0.009274076026094664 -0.004276454092055057 0.44645783990841714 2.451837158634376 0.013920016184542014 0.043523224737015045 0.8164317942808168 1.6641893400496595 0.04419353878373008 -0.013752356536396757 3.4051851731961014 3.68988893652105 -0.004003229942329613 -0.05450999475663789 3.812601391232512 2.750261295701251 -0.00555969932662885 -0.02943845792726737
2.044492404129571 2.4189145894971356 4.5450300716415395 1 -3.4711675089368867 0.35431266393794303 0.0144477339690793 -0.013346023933049286 -3.442446606854575 -0.4967974864734138 0.013926526856957505 0.019672051711050784 0.4986624276721283 2.5172255546027817 -0.008693722743074053 -0.004100180291415055 0.9175701840032904 1.666157097204143 -0.004829808941889645 -0.008457607894091407 3.323025020679685 3.4819542965393318 -0.03603350247062155 -0.04861212231527516 3.7079460409472276 2.47548308879329 -0.0449470642822359 -0.05711091556469782
1.9854167090203965 2.37273691846325 4.365993004532325 1 -3.484924285273741 0.3469108876874212 -0.01953253894639604 0.014572089331749275 -3.381257155572506 -0.4515291217135444 0.014120813595927605 -0.015044854246036772 0.4174378899827156 2.485900051773239 -0.013876544746100937 -0.009363723297778778 0.8568696945236995 1.5664839861637692 -0.012098147506633699 -0.021759489744838885 3.1548023401403107 3.2915707785310078 -0.05969954067235594 -0.038941227731986924 3.5299449870220165 2.256863656193547 -0.04889757264445167 -0.04230762751918942
2.009759006830848 2.35784515069477 4.283952703591822 1 -3.5710989774290884 0.3283573165831013 -0.031954324068521126 0.008254744114872994 -3.397003290917766 -0.4588411580991293 -0.0064977655522360815 -0.03323562351149006 0.22554883376590418 2.347080220071684 -0.060863762920523895 -0.047716805360409995 0.652409113332018 1.3973507486129133 -0.06920464401831179 -0.04416250382529278 2.912064103903406 3.128508545145669 -0.04565082276078755 -0.0470565617751849 3.3521429489185843 2.1273084397576056 -0.043980451462558204 -0.0008348826726687353
2.0443497155456165 2.369369189398125 4.243471202543738 1 -3.7023116846056325 0.2884078070584175 -0.02971867684860822 -0.0053188553074928445 -3.5002815149594895 -0.553221845262768 -0.022434122409402294 -0.029465536364638802 -0.023803197067240767 2.128452502950297 -0.05628645819925168 -0.04227795731113443 0.38022962167038354 1.174123828844993 -0.057352567870113925 -0.05685526268756033 2.6513542573005227 2.9750599826449964 -0.03248881240095565 -0.016785320894283147 3.1463833196171134 2.0217868826439833 -0.024824513846155628 -0.014309657325174932
1.975314308287325 2.317126664713668 4.215901915724992 1 -3.84340577746162 0.25363655137707886 -0.018439497621467637 -0.021419259431167473 -3.597986137378542 -0.7042259952370185 -0.018627087331204297 -0.012613925520367913 -0.28181988349603504 1.874093338849316 -0.05639187667333892 -0.03685760072752593 0.08669359103493068 0.9144353319673595 -0.05257866119729721 -0.06692193596550462 2.356765602520504 2.81656584601204 -0.053967316708596655 -0.026902270524367028 2.8843491637293486 1.8940340699936877 -0.050540469152492745 -0.020520998674887162
1.9426637795966886 2.260594877647478 4.2262662942602285 1 -3.95503666053567 0.21983540211761565 -0.003987452438373023 -0.0068946532822886835 -3.6330877415647285 -0.862661509900567 0.005496326137488332 -0.024233657207822362 -0.5398041472804902 1.6405358674773378 -0.05751370513544694 -0.02859524753725417 -0.17902583545686213 0.6596346288973842 -0.04325284371730027 -0.06069473959578108 2.027612392652143 2.663951256899601 -0.050801920446606544 -0.0160454558815945 2.571149669071306 1.7604339099200175 -0.0488226385370533 -0.019717930903955364
1.9098449852408308 2.2062283592347938 4.257361476762583 1 -3.993636684096247 0.18005469658383566 -0.02154914954449612 -0.01630494070274812 -3.64894260744392 -0.9924284953880119 -0.023868728578176603 -0.024767276386098068 -0.7863567100600553 1.4681243236952515 -0.05524422236261289 -0.0351894180322435 -0.38267381588200156 0.44757546035101403 -0.04643885964532744 -0.039712433416200094 1.6864075189082133 2.520095202088098 -0.06897781198449264 -0.04560793870723723 2.2437685076286558 1.6103387925032546 -0.07690391298777424 -0.022325838336315882
1.8434236837564713 2.1506192734293155 4.277059788670564 1 -3.9626109931355544 0.13369601448603752 0.023721500426923774 -0.010394457643569754 -3.6903245124547834 -1.0955281314766059 -0.0010808795055057235 -0.014882483946756142 -0.9632608883469573 1.3549525862063487 -0.040883226943743765 -0.024576530865565938 -0.5195539643644502 0.2800591531860359 -0.0361154326763794 -0.036027298272410406 1.3748597638381597 2.381545217889885 -0.03954522681425694 -0.017658003776840375 1.9753341416525423 1.4524343208173245 -0.0318420076258365 -0.01885049416283455
1.8319930646452376 2.1466423913779407 4.279173947161611 1 -3.9140855920319177 0.06029545340963094 0.016063191524323398 -0.022519147458292314 -3.737557156559669 -1.1977406966439712 0.002936372575675271 -0.016694923608471045 -1.0604380323976774 1.26875893310573 -0.031757124007365856 -0.02623136550877345 -0.603028344285355 0.1428707443053201 -0.0302862760524162 -0.031149237649076473 1.1393105992284687 2.256122463458466 -0.014141176289895571 -0.00705988531450806 1.7945368964200652 1.315388222400855 -0.007114871540672731 -0.008706594245534889
1.8894057115659397 2.2107898681942406 4.258227308433444 1 -3.8897712796890036 -0.04999643016482158 0.015522238806035805 -0.027843481719227094 -3.7713717493873125 -1.3143917611186529 0.0035104753345300103 -0.016682238295338297 -1.1096164642254513 1.175668933373673 -0.021079699092369907 -0.01497297019732278 -0.6266313795868212 0.034353133335111696 -0.005294028242042451 -0.03375779304464541 1.0161484382319825 2.1556564932028373 0.009229618879868373 -0.008379923006125709 1.7188173528422483 1.224519017378705 0.008555117775535878 0.007256672157682132
1.89480145000161 2.2024089983855295 4.212521146090827 1 -3.863804273575249 -0.16764674600666885 0.00604249607872254 -0.022850038601678977 -3.8190360656285938 -1.4262170333147404 -0.014727788168954474 -0.02148420626382592 -1.2419197271047508 0.9996580621908111 -0.011122633023567148 -0.03473122700567697 -0.47669671638924616 0.017075638848528252 0.05233609384883687 0.014507309675982828 0.9918427108717429 2.0791640636775943 -0.017333176903598563 -0.028819710579939286 1.7567613642052935 1.1968697491992968 -0.008531765194414682 -0.012848262351502649
1.612422336573564 1.943076599961957 4.241634005783392 1 -3.8295665348710815 -0.2875626491632326 0.026362038094726155 -0.02310172206618486 -3.887340052478217 -1.5117185120805827 -0.004098872629326186 -0.013573434773207178 -1.271780820977602 0.8021311852280582 0.0007474793023768446 -0.0374184756168255 -0.33909788080257997 0.0017984153620600463 0.014042377563503974 -0.02036518896047159 0.9932977063002468 2.1184245201715286 -0.024091056160976138 0.0014360847478507134 1.7748741586196246 1.2504073879529263 -0.028282553746331082 0.017379596777973745
1.377414659071131 1.6411158660360143 4.451410083578533 1 -3.765988645275109 -0.3953749287916779 0.03869345807564186 -0.032506244900352664 -3.9765013011736983 -1.5471399043336576 -0.0005133067976848954 0.007308469408933649 -1.1760591123741002 0.6475286422358124 0.011254498155813086 -0.04212332373564158 -0.2637414715839075 -0.07866457917605219 0.007461641839769606 -0.024116947656346616 0.9590313391807079 2.3203048822011354 -0.023253464244159125 0.030707787778541756 1.7120138147532264 1.4748131013223125 -0.03754991314871884 0.03925873107610626
1.3030664466587014 1.528035947981753 4.649068957286202 1 -3.6792110460453236 -0.4837840104509683 0.015465857704796325 -0.012282814457038488 -4.0674220105444 -1.5376733032704255 -0.01522807788041633 -0.0022035574557107366 -1.089840559648787 0.4670827554165591 0.009911259406418488 -0.03833941704885908 -0.1503139337592616 -0.1278186526363877 0.029869911542504405 -0.008795735276948841 0.9537658414461667 2.5586158424798127 -0.012618186576294698 0.027349280652810653 1.6263482630087216 1.691776598000506 -0.0387581469888083 0.01799422758339172
1.3049368398551833 1.4875039950592752 4.611276638474373 1 -3.641597231714437 -0.5465563151876267 0.010444989117292018 -0.01484272338042109 -4.09927207079775 -1.5359952405401494 0.008221434771882844 -0.004028064341879442 -0.9147642923423986 0.42625257452454557 0.02401853243328352 -0.010098373892285118 -0.1042792507303485 -0.24846387749549192 -0.012322124101286358 -0.04120710255961319 0.9908016956030918 2.7093925840706152 -0.005720720630194093 0.024191476883207882 1.5733562025681147 1.8148065485163323 0.0017228297603637376 0.004822565375268897
1.4426765133399242 1.7550580306155676 4.494214256192282 1 -3.6505998132294173 -0.5750646841630487 0.004160765283355112 -0.003108458417744351 -4.075633152367349 -1.5409605968617248 0.010957583469791416 -0.0023611386907408647 -0.8131928947471327 0.44609207632585646 0.002073768988849016 -0.008262404246400673 -0.09554236075057254 -0.34238976361020435 -0.007785501628188552 -0.004579349645604062 0.9634121716678896 2.683866961625667 -0.007517192235926305 -0.03620580980272012 1.5978546801132403 1.789678158861446 -0.003967035106008918 -0.0300457179861872
1.7629351917805463 2.051976710375081 4.462013272388922 1 -3.6561593798588006 -0.5530238439972686 0.00503878320938129 0.007375982069766952 -4.044921673834328 -1.5307827778350138 0.008889230142013517 0.00018512397719592545 -0.8731002630708735 0.4268668600808756 -0.02252229759519741 -0.014650634006608714 -0.08922304598482711 -0.32474724458987225 -0.012290044667761528 0.006717115664603845 1.0338305036715454 2.507496103310837 0.023506116973859546 -0.06476451328118052 1.6928266942192591 1.6316451556112694 0.0076801483527620725 -0.024599342955911152
1.91261335234944 2.2178360507596526 4.386436885833962 1 -3.6775884657226388 -0.49295646938462767 0.009529862150018864 -0.0014692868405498244 -4.027702374935427 -1.5209611618668872 0.020779138647283115 0.006764071589199132 -0.9560646319957229 0.42636222098538856 0.0027977656949887955 0.0003833793153170083 -0.128807848696062 -0.31489467664726467 -0.023572454634445076 0.00452831352218571 1.0995278205570447 2.3010886982106538 0.014870231915771753 -0.030982117562579993 1.8251147924930935 1.476466263329113 0.03409670970170975 -0.012459832962443573
2.0031059203797543 2.3607833364340487 4.272340322677398 1 -3.714098820743666 -0.43996261268680115 0.008397298416344533 -0.0018054078166659538 -4.019726939809487 -1.5276584189218638 0.013544567116879193 0.002626642815454991 -0.9268444981742769 0.4930880195614227 0.008714092019825963 0.009291105356845712 -0.2219759575651592 -0.376007503559725 -0.02685335410400093 -0.022471774915133524 1.1008505932296346 2.134801197753857 0.002750274247004846 -0.02071341673558905 1.9376645733879974 1.4186735723529238 0.02107073724497595 0.0012277888499578147
2.212342585221671 2.5766589220983103 4.132418455762468 1 -3.72283877178862 -0.4128380141740212 0.012261506989183964 -0.003151448559980919 -4.034921421480155 -1.5327847216866766 0.004513038466080289 0.002291933851696302 -0.8280915324868547 0.5294051921614824 0.041427996452717365 0.006987512664952962 -0.29583344808062506 -0.4528123033877719 0.011994319252068019 0.00025436312223272445 1.1068831390731315 2.0268174389700686 -0.009249630140999702 -0.044589120344222355 2.0048825491006923 1.39529322603178 -0.005645459048950245 -0.02600561238433933
2.3837730910283272 2.7435291750948427 4.01890050950257 1 -3.7226503667834603 -0.4007598189241779 -0.02020839705635776 0.0070090017292035265 -4.048972021661477 -1.5360674990677836 -0.008763497141388991 -0.0007054443895288475 -0.7562973532735384 0.48583125684212214 0.017890290611174697 -0.024365398794544274 -0.2838176738053777 -0.5197782445177922 0.005866481853749692 0.0011738686034294338 1.1534308345584083 1.9381221592167241 0.020217671022834498 -0.029229882721601798 2.071477923813588 1.3614432239174414 -0.0034746559610883826 0.003029536974747487
2.4341754630491423 2.8270622047099945 3.9211804745393573 1 -3.7424718868246294 -0.38947693273916706 0.00856415652981061 -0.0006627651150282556 -4.012865937029801 -1.5345342670293793 0.021547997682354932 0.003516002280247548 -0.7005671783482326 0.42058509561510715 -0.008829320738196481 -0.018810602000623924 -0.2076352591084163 -0.5805478542461605 -0.00014385826153267417 -0.023924698275144998 1.1808813606145643 1.8506112155549101 0.008530945664853335 -0.0005055678862760093 2.1474636104062546 1.3437570431969594 0.019032183192304132 0.010325539314255058
2.6621478089809716 2.987567016915967 3.7276927804137348 1 -3.7876790543578522 -0.5445758852686183 0.0023642100034623648 -0.06732288229638488 -3.9645503836134415 -1.6427875579532873 0.008888505696583296 -0.020272490744215173 -0.5304221031415612 0.31808556683767897 0.04684359508475747 -0.017016889225319715 -0.13003470382444693 -0.6879399810818085 0.02559266896334969 -0.03823625915571809 1.4405300314352836 1.807536157708559 0.07692455618377868 -0.011236754568194722 2.3199651074544168 1.3602052449243862 0.04590768031122957 0.01504676016557489
2.787076612292209 3.057475326097952 3.452787492282068 1 -3.802327439194547 -0.8740320074939728 -0.0015165090710293413 -0.06248564471924117 -4.122585535836256 -1.7729661047783367 -0.05646245660089793 -0.029168478426152222 -0.2312883426179173 0.15990982241626917 0.053743319373316625 -0.04029774439428895 0.06750834452078713 -0.772126269475381 0.04759250778215331 -0.007873607851515894 1.842708970558312 1.9306611465768833 0.06611582057405657 0.02730077905903415 2.6679241098254973 1.6791305637299154 0.06937306377833732 0.0905291873312673
2.863830711876669 3.122867519881531 3.3255195547454957 1 -3.8922652781673426 -1.1484632985423349 -0.022544262324079127 -0.030146715374071674 -4.348978695800741 -1.8729486652941554 -0.03369154815403607 -0.033036722443813185 0.10927364374070869 0.021224335405659156 0.07675594137968035 -0.042297273469983146 0.42515463046576407 -0.7835123513817865 0.0677147448469031 0.02513085570299853 2.121728134550004 2.1052964791789246 0.051509322543797344 0.03898045755098268 2.9475309152647675 2.110329652617452 0.02806669882181775 0.06525898021359557
3.0052291120672265 2.9687873236124602 3.071908373666936 1 -3.970021351441543 -1.2630513514581039 0.0008289443009209447 0.004723371322802834 -4.379995891746179 -1.963926016889952 -0.0017911246811391258 -0.024152320309786576 0.44834166713402723 -0.0418055926775277 0.04935465817871155 0.01814361682541569 0.7663151575416878 -0.7644473915927911 0.06686143815641858 -0.02195184303611648 2.270510878597257 2.3123572010649824 -0.0007119290299146914 0.030338119242940033 3.121855604325412 2.3324854574391165 0.056440135067053636 0.0338894920043851
3.0881938111999987 2.8926984588432623 2.9603119205504966 -1 -3.904494071981799 -1.2428786374765197 0.030819193735673333 0.034565104455453244 -4.278342877589593 -1.915226454120556 0.014892356855570978 0.005623129833232779 0.6732398814616429 -0.04876954793280375 0.013842249300828913 0.033512244579093714 1.0089288045312985 -0.7394114531598969 0.05765417202194636 -0.0332183230271897 2.3675172719359487 2.3969096552747953 -0.012528678098154736 0.0018126512084884546 3.218196880047045 2.4861371063643443 0.053041806611933556 0.030856935248068977
3.093563227571395 2.794694579757958 2.941333706066977 -1 -3.7525532717574643 -1.0910522791789483 0.03712708232585486 0.05851815700547905 -4.099485776328802 -1.7519794522558358 0.028164862982204556 0.015577937602680704 0.767884138901116 -0.05461803491323336 -0.003172165382777304 0.025582726811621076 1.1747966969430275 -0.7337948470856934 0.043040166171442226 -0.034242329842980306 2.440076058451365 2.432148772870408 -0.0181058802105572 0.006458932825178685 3.286130756357294 2.5485309225798733 0.05128723743603557 0.001012550755838327
3.0079677850790016 2.7123226376131706 2.9507659847965937 -1 -3.6258239695715977 -0.8789955283206353 0.025643943857584593 0.06282828695178305 -3.8867995519753396 -1.5610920438589035 0.02534872626193451 0.015441667396290163 0.8246458104532923 -0.06949392116166464 -0.006232456426553342 0.020593410561383075 1.268501549465432 -0.757666386449684 0.029880835564505267 -0.0346236048871527 2.481437436375696 2.4528449760329316 -0.021554980273233076 -0.009654229216581043 3.338074721258775 2.497155342029383 0.04506335686301002 -0.008246874752134713
2.9750338576432505 2.6805670545231504 2.9475557026974335 -1 -3.5500760111519325 -0.6912226916920459 0.017518433773078566 0.054906924884155967 -3.7513604701986365 -1.3791860777199916 0.0035855896884230045 0.009980956213910704 0.851383171315991 -0.09951650886266317 -0.012682815403882353 0.010824173762136303 1.3221170331055268 -0.8002003500290941 0.024655215026111118 -0.03405490919676927 2.50785602995417 2.3831730345538706 -0.02186457972889479 -0.017833641731716216 3.367353931053409 2.4517289026510163 0.04192142900897165 -0.008094459960477193
2.928849504629966 2.631650878849533 2.919812821004353 -1 -3.5082050421443953 -0.5474129534305757 0.007543158632251072 0.04664029457636881 -3.7204459977838176 -1.2462457653639507 -0.008459682239102165 -0.0009788402895535026 0.8588453200184221 -0.16412473236645175 -0.012227038912852017 0.004961577237804264 1.348230081243214 -0.8598500703966524 0.01639324316299157 -0.03879510715715022 2.527565145826183 2.322692786743577 -0.021780858124334654 -0.012010144478942152 3.39504127848572 2.366573540019898 0.04124183629997554 -0.020763875263936422
2.9134526919946855 2.6168196791064093 2.87469758153 -1 -3.515411833303114 -0.44066986847125 -0.0038733055981718784 0.0363076451195407 -3.7163314186037937 -1.1815940699829828 -0.006205969537042183 -0.011416321614441855 0.8628594547327602 -0.24070149909030647 -0.016411413244202186 0.004055664769624873 1.3256079431634973 -0.9473580744038167 0.006875031575212976 -0.04401608679532628 2.54847389058427 2.242060679717752 -0.02070481265633671 -0.023876675439797906 3.4208147168959533 2.2600259313780016 0.04050576086023758 -0.01748590853582007
2.9239471603123484 2.62366327635749 2.822095821331707 -1 -3.5488514225297596 -0.3807536970941344 -0.0038272667014177305 0.025301059574665923 -3.7097348388923743 -1.1652567788660562 -0.006595649828424674 -0.016267926591153118 0.8331044117009956 -0.3250483460052763 -0.021597290462398198 0.0033472643203353806 1.2699864712962627 -1.0465654218429414 0.0017762859516564887 -0.04566856103414975 2.5705907434422617 2.1235681987043185 -0.022715654678215066 -0.02314127084161871 3.436375582957341 2.162535586990271 0.03877243103088299 -0.022492545265833226
2.9728093942103873 2.677849359157742 2.7721091927793737 -1 -3.5613203793116726 -0.35966646371633504 0.0007174406282270687 0.01816774880651037 -3.720548383705699 -1.1668713626930332 -0.009542014332181332 -0.01650277862231566 0.7969976406371053 -0.40087622691696745 -0.017725039360069486 0.0076048550028214625 1.1991515928105878 -1.144944289155509 -0.001506581813247608 -0.04478280600816254 2.5730786305929287 2.025225384894598 -0.030144428801288883 -0.021139605385543346 3.4313440983377452 2.0224585020778436 0.034122010829275476 -0.029265543506326284
3.0914594955889605 2.7914540034159665 2.7264535587690486 -1 -3.5626747082114996 -0.358411540394029 -0.002157400699433264 0.013465682751407047 -3.735749224431178 -1.17584444799622 -0.008172887770024864 -0.015761284854162345 0.7712081597405529 -0.45724804046475664 -0.01595492415033863 0.009457197574651124 1.1353658100886577 -1.2304247871058696 0.0016087261704623877 -0.040919124831526196 2.544331478876739 1.9071756679839682 -0.03525365648740438 -0.026841062445963938 3.400357767394464 1.89191656110612 0.029811671008870572 -0.022407338958038193
3.0761862399995907 2.898185751189513 2.6755785454220633 -1 -3.572922845463504 -0.3684094595241423 -0.002335663662622434 0.01134725040602894 -3.7368556811014333 -1.1926268161866727 -0.005738593269500762 -0.017091301239735266 0.7492288564862175 -0.5119748581007363 -0.01144232997904012 0.008403325682537445 1.1002419653738977 -1.3020367223219704 0.005226294711016732 -0.0391602190302569 2.502257983595414 1.7922067103737924 -0.03609978024353474 -0.019980151406696532 3.361056270105241 1.7786923336102243 0.029924502470035547 -0.024781731108535068
2.9766875319494654 2.985080488745543 2.622097553146176 1 -3.575473846459634 -0.38699893692294474 0.0008236483757975014 0.010011128338817794 -3.7420494270835434 -1.2104946988454848 -0.008926620372992685 -0.01652874933621473 0.7538495167255865 -0.5683382851134471 -0.005415677574728958 0.007896182641589745 1.0805921605564448 -1.3735325373197211 0.0065363773023443105 -0.03963063329906317 2.46728534647026 1.7062081570405527 -0.03239504916045094 -0.018152956594370294 3.3326749237197264 1.6585041806465068 0.031266450568125534 -0.022622511464692394
2.8871341115138605 3.0760122980308324 2.563133378433141 1 -3.5661010946025393 -0.41034770839601953 0.0008051419645760411 0.009711296210875712 -3.756393261158965 -1.2248896189564082 -0.009154163658341843 -0.01584480674074252 0.7681780323464125 -0.6331560745695253 -0.005412622925133056 0.0048236351104928386 1.0772166216994563 -1.4485902182724146 0.010275286454448791 -0.040357474967623035 2.4529232800971643 1.6155757589550683 -0.028472343293279308 -0.017910362567454235 3.3206827882088144 1.5711243904250298 0.0343674336797896 -0.01596990181213122
2.7698667551575964 3.118578163458234 2.633405082142221 -1 -3.5892988152709138 -0.38958901414259717 0.003954981360746088 0.007412053257139847 -3.646748920611752 -1.2791434970601316 0.06037232184995188 -0.007002417222110452 0.9105393960555572 -0.54345876544799 0.041432526571628804 0.03249113138089022 0.7863169190534354 -1.5092466742827622 -0.06050240691600256 0.004401032156209609 2.301564128263715 1.5407561485603485 -0.041702713858873135 -0.02653761706536505 3.2293565589424222 1.461767914730241 -0.031124186420554506 -0.0340000281526268
2.8105219961152423 2.9953282488775166 2.757274848055532 -1 -3.5868708496392236 -0.2748562496046394 -0.0030647874163703443 -0.0009573900363963606 -3.4575145123562234 -1.2523609563251692 0.018154362918077073 0.045234780503243775 0.8073275853191744 -0.38634363458906973 -0.05645102672210779 0.03542253862134319 0.5060758976909732 -1.4248983029715974 -0.035280384775714616 0.017422883628182097 2.103568602538034 1.3819124134110892 -0.023571322711832925 -0.01680404423131663 3.1486448747549645 1.2049067168558611 -0.004856030403117627 -0.056644260053910746
2.835785486803017 3.025581688038968 2.7543217277960745 1 -3.617476584206977 -0.1681275571250862 -0.011815111222052978 -0.0027203932619505686 -3.5246265384210163 -1.113076893419425 -0.024812969548115935 0.04096494203318443 0.4321400419869468 -0.2659107341006629 -0.0665428303636679 0.025208891396538886 0.3459129806751333 -1.3242753144120787 -0.03054058105808516 0.016451356950756182 2.059897879766141 1.1828253344876276 -0.0068028248790164714 -0.038817539244722574 3.081384006829399 0.8115447387184425 -0.0022309472953798808 -0.08134839911134846
2.5453901105492274 2.9931284684717854 2.7618171949021075 1 -3.69124631712289 -0.043821949070037225 -0.0054128552247301315 0.02355224963666944 -3.6826674961602843 -1.0424814529019988 -0.012284749254551813 0.01593213341751828 0.13808207258815308 -0.13779836955452107 -0.03530535341263394 0.02519516069322422 0.08094406884068928 -1.223158073264726 -0.06008871269671522 0.024657671317652934 1.999887660570268 0.9133318450951089 -0.031026076310243157 -0.06127202830916838 2.966402679165353 0.4106255574407147 -0.035004472491394815 -0.08313956983739834
2.3541396260464897 2.7895872867069036 2.72505670277485 1 -3.799239557410118 0.13371600643537707 -0.0163806890417762 0.03760087544502776 -3.7558836482080116 -0.9963499509518794 0.00750225530533671 0.01449215589609946 -0.0274968091947434 -0.04133636257822526 -0.007949717405017293 0.0032160408441499486 -0.3122446735435904 -1.0987755841444575 -0.06076150626029057 0.027560874518459948 1.8683853615337762 0.7074663238207541 -0.031754795488461704 -0.04274695014251521 2.7647265344170275 0.10113303552673591 -0.05404729826559369 -0.06303427365062952
2.3285063437865134 2.6877378883550014 2.696338218449954 1 -3.9549457520313744 0.31786864550087524 -0.020839297720577875 0.026022286409540202 -3.751101834098681 -0.8999242045902698 0.015149314400832366 0.0369374941115663 -0.1792480689486613 -0.013631683498500635 -0.026384857685628368 0.0057574718473742525 -0.6576616664536501 -1.0280821172456673 -0.05036461070599864 -0.004026455322032335 1.7433285119040036 0.5735967568351064 -0.033992791973595636 -0.04803150007370395 2.5469934185369167 -0.14096662723991038 -0.055864081208441385 -0.0496661256768363
2.1470680767858052 2.5231604318532956 2.6813235137939584 1 -4.103221957464825 0.4663578700284243 -0.037954870287525345 0.020314250356213395 -3.7400392767613355 -0.7350598503395008 -0.02116147073090533 0.03150843167348028 -0.34311670047561016 -0.02076820841119653 -0.03138951177944872 -0.0159312174298388 -0.8492305031607001 -1.025709152785277 -0.016203246935211524 0.011916200699425818 1.6183437002192669 0.3987640361139104 -0.02808148387027798 -0.043286240544466434 2.375669058500627 -0.36393342537268125 -0.03373985167691628 -0.04824415489406152
1.978199816819771 2.343514381118063 2.6630843814894205 1 -4.225420174058558 0.5594077561352042 -0.026417109657587538 0.012678376480877074 -3.7442282589575324 -0.5632381950501041 -0.008405905642861677 0.027555658463236994 -0.45353937581574755 -0.008560955466342834 -0.010364351530780047 -0.012038933222428896 -0.9565841046167356 -1.0167342349177604 -0.013906722368805911 0.024126945131323366 1.5244556761312547 0.2356846689318648 -0.023804430759344228 -0.03642851319657272 2.24964703005488 -0.5759459513094087 -0.03174301912190161 -0.047309698581691206
1.8422815993716026 2.0735924410866198 2.6431104762608486 1 -4.3102514131491025 0.6128214388183078 -0.005591001465482977 0.008871365611502025 -3.755226355318692 -0.4206296859588572 0.004220989153745286 0.031890674737711774 -0.5636004998812423 0.07610375230349575 -0.03254576855889532 0.023140701218756433 -0.9347447672750437 -1.0171254510756267 -0.0027767106068446006 0.0022880454269142703 1.4685850581242077 0.1376436200477682 -0.00732063033294956 0.0028961518321236612 2.1117368408474517 -0.7730200761522106 -0.015717711810444145 -0.04538662435778166
1.4072697622062684 1.6209304560983833 2.6597033907957064 1 -4.380635777677934 0.6347208509352882 -0.018662869916863088 -0.0016667078420648344 -3.764073411673028 -0.3116162991336068 -0.01149836386941032 0.013150263987041892 -0.6210629043843952 0.14401904729708725 -0.022220201240210763 0.013629747754644345 -0.9612894923759163 -0.9749736597460985 -0.03358911336925648 0.018959169385106656 1.4042105666151503 0.1256087124113101 -0.027901728455066006 0.01194759870891548 1.947972318948758 -0.9220601024684966 -0.02601291057237899 -0.021232887335016798
1.084333361313876 1.2135733272208018 2.4943325772782172 1 -4.450260002689054 0.668203771681855 -0.021540364263229726 0.008217648983072886 -3.7945658756578404 -0.2450026336372796 -0.012239755803670349 0.004849814247793377 -0.6382442815651119 0.19741267426799003 -0.04165470231741627 0.022315408063484296 -1.0814435134358709 -0.8972366185307037 -0.05410688324003776 0.027114142038516496 1.3464966118459634 0.20435621351615207 0.012342075602009096 0.028880489566759256 1.8271865391995865 -0.8670402694934964 -0.006883930780681162 0.02343427890492298
0.942936296497089 1.0034782610674737 2.2248583987141193 1 -4.519087456679768 0.7296352862231734 -0.0016223274887317135 0.017803059223709578 -3.8563179454013237 -0.21039626039341075 -0.008655734420637332 0.011941123759668925 -0.7154711809452499 0.2648326989112837 -0.0022523336809654095 0.00951757827451048 -1.1806761312219858 -0.8285785849005588 0.0034873294148671653 0.005487988299646673 1.3805439237022075 0.3114903029017413 0.029729970249508755 0.025062164898375976 1.736711276730877 -0.780242391713603 0.0002959334164640143 0.013612114286968397
0.8363302952045732 0.8300130456192631 2.0188107266334767 1 -4.5833115291207225 0.7716331418726441 -0.02194753217906801 0.008052144721797237 -3.9002751832825724 -0.1787534276712589 0.006285540405898843 0.005383170764959687 -0.8102301527777018 0.35092521188351955 0.005783588020861413 0.013051750119045165 -1.1841467019874043 -0.7590707261167295 0.026454956862860465 0.013728601058622645 1.4853125068741146 0.37785293272563436 -0.001641017185136897 0.005618707597872726 1.6688634887588423 -0.7281118393049575 -0.036712672308464145 0.006449782988488558
0.6648702790912853 0.590918079330735 1.8351062756844394 1 -4.649713545092235 0.7560447708745135 -0.01628454621929899 -0.003948319875786706 -3.901069295616818 -0.1443888935255111 -0.0009432147652784255 0.0023977454879306817 -0.8514117837159771 0.47779458307407796 0.006569484223906592 0.03439503994652583 -1.133320347695117 -0.6442138943496598 0.013045765780540532 0.022177817651392318 1.618129180809265 0.43145725043752425 -0.0005233508856239272 0.006837966533475728 1.6493037908291068 -0.6798874461627369 -0.028036348107712036 0.01669946877070495
0.4957442219026916 0.36743307096087713 1.7024929515013048 1 -4.69089198796552 0.7352891381890947 -0.008103792388468421 -0.008865306528964426 -3.894495461702719 -0.11893475505083184 -0.004544545649980934 -0.0016857528985837634 -0.8207229742350011 0.6451886513581322 0.008046891449117521 0.027188517354606354 -1.0678827241611528 -0.46637307000065054 0.017640143975781036 0.05117204821378245 1.760179418774313 0.49578403141143434 0.035705203636708205 0.021825954299685018 1.6672673688502702 -0.6089783266916595 0.011286417689557973 0.006085469875306778
0.3645792729905895 0.19909754372006405 1.6330503744179463 1 -4.683544566272628 0.7330995446533131 -0.002019614089861204 -0.006181502263461118 -3.893540581717267 -0.11050554247184774 -0.012206522485056263 -0.012380163548017069 -0.7577404104271821 0.8414124492878265 0.016475383628112617 0.022326640742711828 -0.9867218962812196 -0.2618898544739886 0.027744260997445955 0.056784289564148674 1.9093426135503861 0.5494973825544689 0.0014935707313176103 0.007464120046020062 1.6873854159988744 -0.5348914417097104 -0.02642639872948501 0.026540213871865437
0.22353118763309324 0.012840849912817665 1.2277980153254904 1 -4.751109155624195 0.7703666466473642 -0.017214105865140782 -0.002388531328471147 -3.988340394324829 0.040711491376955955 -0.03761241138924143 0.05260145435023099 -0.6824907598742933 1.0090116261088107 0.04500192929783006 0.01577687655278507 -0.9165928615598111 -0.05544450796501876 0.03986207667200204 0.03920418977433566 2.107603495344045 0.5803069186302552 0.04779025827898302 0.0007588615641233188 1.8750215311047276 -0.4078364500518378 0.04903098437196189 0.03585196863057967
0.22234261931870664 0.06562939009768992 0.8482427331944001 -1 -4.946441058443739 0.7646124978225235 -0.05283047911637125 -0.0032477264361537687 -4.146122147989883 0.26262721889706264 -0.023581266714598505 0.031852405120293026 -0.581841121280867 1.1016421317426048 0.037561264537415734 0.008892187907174904 -0.8301968875969203 0.15487163513211666 0.03854053782346191 0.043367593554314035 2.5608323128560215 0.5335185160415694 0.10408090941775011 -0.04467276766869914 2.2310578820463594 -0.325854587895116 0.08565209889673946 0.01602337561198374
0.2241356149660663 0.1660828783737887 0.5649330291197648 -1 -5.0853000821091285 0.7176521174584463 0.009704032379830085 -0.012638053879652828 -4.253406954106584 0.38098152876865865 -0.02281608259887054 0.018378683653844603 -0.4352670771299918 1.2124489547362955 0.02652054966751556 0.013709436760440945 -0.6695187909918823 0.36729925672582686 0.03990163680906195 0.059824654552774956 2.990796098953922 0.41580631053587425 0.04765216547375082 -0.03456548253434426 2.546699230441419 -0.3517479867633265 0.054245071278237134 0.005900050966022495
0.24018218736673674 0.23274774842415083 0.41919174327245445 -1 -5.079183432379684 0.7266484458537732 0.0037695852793105315 0.008885981579544155 -4.2578388093475805 0.37256249407152975 0.01754895499535434 -0.010080303034643526 -0.27497487210850124 1.374695183294656 0.03545532172019045 0.03229812804889523 -0.4918333882132453 0.5771694408363988 0.0371283400207619 0.03687785407553293 3.2198724766080105 0.3155661430029004 0.016992218264165346 -0.0475623236719933 2.770567570277402 -0.43067619532697743 0.0367113296677668 0.00954589726214549
9.711049 0.379323 8.267027 2.7012444 4.103977 6.794502 -0.24913102 2.0678258 3.9082732 2.3343096 10.857764 0.75388277 2.9370048 1.9855547 1.8421558 5.8416176
8.655161 -1.4166427 7.1289473 2.9791994 3.388699 8.162363 1.5701292 3.304126 4.6208425 2.4200864 11.372339 1.1590067 2.6166327 2.1757548 2.0587456 6.216372
7.749608 -0.4663205 8.156791 2.8807178 3.8849146 8.0372 0.41609538 1.9083161 4.5728183 2.4149754 11.16034 0.9074439 2.5396032 2.0066705 1.9837531 6.3389044
8.7736435 -1.0957441 8.513936 3.0580978 3.9787276 8.472314 1.8094335 4.251669 4.418723 2.4090405 10.276528 1.1802986 2.3069758 2.1811266 2.1196659 6.2502055
9.602497 -0.92834425 9.04872 3.2656112 4.114649 9.459904 4.0624037 6.277746 4.842689 2.4284863 8.854733 1.6490798 2.093822 2.3898206 2.3593817 6.175169
9.649699 -0.56969595 9.068657 3.303354 4.203704 9.438316 4.173883 6.329819 4.6918454 2.4359603 8.744482 1.7670169 1.9934008 2.393025 2.3854592 6.142113
9.534788 3.5333283 3.2157378 3.0626469 2.6145117 5.668116 5.8625984 1.5826784 1.7719741 2.525299 7.134573 3.8936262 2.2694807 2.1563487 2.4970274 3.477633
9.890448 3.683377 3.0712953 2.9917855 2.241616 5.239928 4.568191 1.405936 1.2860029 2.5375762 6.412611 3.3802428 2.440899 2.0424273 2.4255822 2.9426265
10.015415 3.7237406 2.9906483 2.9479926 2.0731366 5.0369945 3.8112578 1.3204788 1.0278721 2.5382252 6.333703 3.0877583 2.5227299 1.973558 2.3750033 2.6902866
9.937567 2.6350546 2.8929021 2.834664 1.6070375 5.337006 3.3917115 1.2396253 1.6632258 2.5339766 6.270493 2.5878499 2.9049404 1.9641107 2.3008904 2.7103472
9.998357 2.4627874 2.900241 2.816314 1.488256 5.3544436 3.2930095 1.2317997 1.7529813 2.5379953 5.9621134 2.4856029 2.9846554 1.9637718 2.292593 2.667667
9.993389 2.2691135 2.8841293 2.8057191 1.4184337 5.381754 3.2805343 1.2032721 1.8645074 2.540188 5.8614397 2.447738 3.0387986 1.9746127 2.2831948 2.715764
9.964764 2.2379189 2.8752995 2.805221 1.416367 5.3851686 3.2954223 1.1927657 1.8837984 2.5407338 5.8728414 2.4557357 3.0435822 1.9790022 2.280738 2.7419806
9.54019 0.47724533 2.4940364 2.8294427 1.3379502 5.4786067 4.0705657 0.64057946 2.9282174 2.5521934 6.8196006 2.9053285 3.2030244 2.212583 2.202028 4.149734
9.519137 0.6049521 2.4953084 2.8434896 1.4070625 5.3604126 4.1347804 0.6287619 2.838175 2.5528119 6.9138584 3.0089977 3.1624098 2.224828 2.2018423 4.2063646
9.601845 1.4932661 2.6049292 2.888566 1.645042 5.189582 4.0990095 0.77448964 2.2825646 2.5512729 6.8108726 3.1364117 2.9426246 2.1725116 2.245679 3.894535
9.593628 2.3463206 2.631646 3.0040197 2.123353 4.8864064 4.513007 0.7760074 1.6938059 2.5534062 7.162935 3.7040844 2.547803 2.200294 2.2951558 4.076043
9.745359 3.1620939 2.8670268 3.0593765 2.367754 4.899777 4.8737335 1.048269 1.2910061 2.553651 6.663588 3.916634 2.325244 2.1744933 2.3727589 3.7813816
9.656881 2.6718254 2.9533772 3.1997502 2.8611164 5.0432267 6.5475416 1.0233997 1.610863 2.5571485 7.0813127 4.9650183 2.0096586 2.3933053 2.4219127 4.918767
9.762432 2.7214017 3.2420275 3.219912 2.9997046 5.372734 7.2993803 1.3451365 1.7762309 2.5532856 6.5239253 5.156345 1.9539071 2.4252222 2.4881883 4.879046
9.512283 2.6502666 2.8186457 3.1877384 2.9405966 4.908812 6.196576 0.8827745 1.5432528 2.557457 7.4207883 4.8710766 2.0334911 2.375335 2.389202 4.936285
8.989355 2.7612202 2.5764604 3.133614 2.8888383 4.7150536 5.2677035 0.688835 1.4131153 2.5525184 8.478878 4.4783473 2.129579 2.2864194 2.319186 4.7489796
9.102392 3.2138553 2.8008318 2.9576414 2.655269 5.122095 4.293868 1.1722635 1.2864947 2.5114336 8.324054 3.507594 2.4030797 2.0474577 2.308155 3.4675927
9.188727 2.3586526 2.6586215 2.974358 2.628897 5.0692787 4.623293 0.89401984 1.6921732 2.5231302 8.19832 3.742125 2.4863858 2.1672094 2.2733138 4.1040554
9.144366 1.9262724 2.520219 3.0086684 2.6272292 4.9511485 4.8291855 0.6663333 1.9317596 2.541853 8.076709 3.9286509 2.5203953 2.2579782 2.260622 4.5484858
9.006008 1.4914901 2.6320026 2.8260999 2.2340488 5.458728 4.133566 0.9161409 2.3505197 2.5101295 8.111862 3.0576925 2.9278314 2.1118724 2.2136545 3.8225908
8.826054 2.1720135 2.8861225 2.6893141 2.3338778 5.8018775 3.4279532 1.3019745 1.9860371 2.4533217 8.603989 2.4067202 2.9574451 1.8710197 2.2137334 2.743215
8.74629 1.8873293 2.8476572 2.6668718 2.269875 5.8760543 3.4163275 1.257057 2.196802 2.4534662 8.650834 2.3290703 3.0520873 1.8836008 2.1976016 2.8153925
8.67092 2.215931 2.8966064 2.6637194 2.411225 5.8844748 3.3220682 1.339541 1.9881678 2.4428768 8.797814 2.2893155 2.9725523 1.8349973 2.210461 2.603077
-0.3987198 5.2886057 6.704798 2.9869633 2.2513688 4.9801345 3.4293442 3.5643196 0.47183973 2.6759229 11.741934 2.8738165 2.2394464 1.6149334 2.3961492 2.3930311
-1.1176639 5.3053994 6.657111 3.0664554 2.080605 5.3296013 3.9294589 3.5995967 0.9064826 2.7238085 12.069033 3.0002937 2.2236755 1.6706 2.4756024 2.5566945
-1.8403926 6.1283717 5.805834 3.06981 1.5197 5.4770746 4.7308893 3.740016 1.4248781 2.770163 12.468557 3.1253924 2.5839913 1.7779325 2.4660668 2.5793533
-0.92691374 7.0758476 7.0510273 3.0498095 1.9324629 4.6541705 3.330591 4.1323686 0.7431051 2.7457774 12.201927 2.8162534 2.605977 1.7322648 2.3698301 2.519113
-1.5642052 6.7260714 6.020919 2.9627635 1.4128351 5.6147156 3.8022003 4.114188 0.6844411 2.611335 11.395689 2.7244768 2.431752 1.651247 2.297385 2.53906
-1.8621612 6.252062 5.383535 3.0103745 1.5105419 5.882854 4.603231 3.6384485 1.1669812 2.6446342 11.800802 3.1305678 2.4148889 1.7411146 2.3544674 2.907229
-1.8891044 6.1544814 5.3207884 3.0312457 1.6440091 5.9330544 4.7384114 3.566574 1.2599792 2.6529362 11.976347 3.2356877 2.3848512 1.766989 2.3652654 3.0472841
-1.9021072 6.1219525 5.2992296 3.0375776 1.6930666 5.9519963 4.781004 3.5486526 1.2860789 2.6544552 12.020972 3.2682977 2.3733785 1.775051 2.367826 3.0936046
-1.9176002 6.1202927 5.2990475 3.0387428 1.7071152 5.9665656 4.7870574 3.5704472 1.2843882 2.6537297 12.009039 3.2672007 2.3691747 1.77532 2.3680844 3.0945544
-1.9440722 6.1386385 5.308118 3.0376232 1.7163363 5.982881 4.7711487 3.5931747 1.2763898 2.6526098 11.982642 3.2526274 2.367967 1.771591 2.3675086 3.0799732
-2.0036612 6.211136 5.3441176 3.0331373 1.7306914 6.018602 4.7051253 3.641104 1.2526456 2.6503804 11.933298 3.2066345 2.36887 1.7591658 2.3650727 3.0341616
-2.1589751 6.5875063 5.5396767 3.0181248 1.8289223 6.1830225 4.3458614 3.8911002 1.1204236 2.6382213 11.719686 2.9908035 2.3595586 1.7061772 2.3480566 2.8583474
-2.3569279 7.5871415 5.951865 3.0204904 2.268691 6.6857486 3.437386 4.578084 0.77529114 2.5938058 11.031794 2.5528595 2.250195 1.619492 2.288279 2.7192311
-2.1159434 8.231588 6.816466 3.0685205 2.7820287 6.8669806 2.5005395 5.191681 0.43034583 2.5768821 10.606951 2.220677 2.0741045 1.5679843 2.2625706 2.7249894
-3.166771 10.693386 5.940789 3.0500484 3.882032 8.231544 1.1954012 5.833322 0.22793531 2.4748948 8.9853115 1.744179 2.0979815 1.4881105 2.1440825 2.7235603
-3.103467 10.533369 6.267929 2.943757 3.249628 6.9829297 1.3731638 5.283291 0.0684244 2.538458 9.739679 1.7455986 2.3832374 1.4753664 2.0599008 2.487926
-1.3804655 11.316355 6.929483 2.669565 1.3624763 4.115963 1.5476068 4.339525 -1.0156453 2.5444105 5.9049025 1.9274607 2.9943948 1.521976 1.81918 2.0848303
-1.3141394 11.37999 6.7786903 2.6619434 1.3323202 4.272586 1.4120487 4.2456284 -1.040901 2.5176113 5.4924164 1.8892311 2.970244 1.5092722 1.8084286 2.117619
-1.1298923 11.485233 6.9628572 2.7407563 1.4559283 3.81849 1.851912 4.1928177 -0.888198 2.6445642 4.5727005 2.1354237 3.1565368 1.6143831 1.8855102 2.042686
-0.8104272 11.306053 7.4200344 2.9223566 1.6464963 3.855526 3.04393 5.3993354 -0.7622241 2.7484689 3.2014184 2.5161073 3.1571376 1.7895291 2.0516982 1.957726
-1.2347741 11.485916 6.9986153 2.9362864 2.389325 5.3277154 3.4092317 5.556369 -0.5876545 2.632093 1.4493852 2.7012606 2.7061737 1.7697933 2.1355255 2.268804
-3.1710973 11.421364 5.071405 3.009808 4.6410637 9.822219 2.3458123 5.8928237 -0.42946196 2.2513392 -1.2096605 2.7217238 1.1011286 1.6166189 2.2385268 3.7047515
-2.9938579 11.723471 4.4032316 2.9247599 2.6835907 10.543947 3.4049358 7.5564995 -0.6620307 2.0133734 -1.1647038 2.5063894 1.1119702 1.6315184 2.1041956 3.6726785
-3.0901499 10.610527 4.25842 2.9188218 3.2694628 11.203317 3.2286987 8.006243 -0.84505516 1.9335282 -2.0588698 2.4257913 0.8363044 1.5771517 2.1146605 3.7067962
-2.2213006 6.421613 2.402618 1.9063239 1.8078613 12.342045 1.7006414 3.7311912 0.98096055 1.4948747 -2.7352905 0.45998716 2.1318254 1.0628093 1.5020125 3.7499413
-1.3756342 0.7726996 2.8297381 1.8269727 1.1116567 12.291224 2.8469784 5.2625456 1.6002407 1.4266235 -1.530323 0.59829164 2.3033607 1.1917763 1.6057298 3.76502
-2.363069 2.0754585 3.22516 1.9705677 1.799294 12.7171955 2.1452718 6.0847955 1.3855977 1.5197215 -2.984774 0.27697825 2.129599 1.2195365 1.5718501 3.9573965
-2.4015112 2.7342834 2.0540943 1.4299347 1.2910924 13.2958 2.5881944 3.7265012 1.8039019 1.175701 -0.10353851 0.31050205 1.8092196 1.0294526 1.1308252 5.7732873
-2.096745 1.5685077 2.7179363 2.1588528 3.053938 11.710545 3.88739 5.3221674 1.4983255 1.6634486 0.59718513 2.1284964 0.8019648 1.8416437 1.4563229 9.438766
-1.7256403 1.8436751 2.4274168 2.1412966 3.710026 11.123957 4.0008593 4.128642 1.9028504 1.7811408 1.7853408 2.4131868 0.79121345 1.9633721 1.4430927 10.657918
-0.06941128 1.9478893 1.7018031 1.2928381 3.6961617 11.604754 6.1336718 0.6647332 2.5311804 1.4922444 6.5112915 2.4557092 0.67196226 1.6788315 1.0139229 12.90118
-0.900352 0.73150325 3.0706267 0.9704695 3.2834466 12.188698 8.058761 -0.09392667 2.3770387 1.2335677 7.153887 3.0213437 -0.08349812 1.495704 0.8927195 13.258714
-1.9253054 0.03790474 3.5683322 1.0275838 1.5009065 11.691971 9.459435 0.54824185 0.08077943 1.1155221 9.595472 1.5989599 -2.1186454 1.3884909 1.2119898 15.186995
0.8896961 4.528786 9.935952 1.547957 0.6253376 7.1019917 10.278843 1.0703131 -1.4423935 1.319288 15.281937 3.58486 -2.2686698 1.5112622 1.2605491 13.389421
0.9458184 4.4574156 10.046295 1.8768055 1.8440256 8.950917 10.870396 1.4227165 -0.79596174 1.401333 14.25255 3.731659 -2.670491 1.5489542 1.5791107 13.370063
0.4581108 3.7527997 5.4899883 1.6721222 1.1118994 5.983109 4.564687 2.3989794 1.1065239 0.947387 13.728447 4.1246114 -0.65742445 1.5225663 1.4664953 13.081415
10
10
10
10
0
0
0
0
0
0
0
0
0
0
0
0
4
4
4
4
0
0
0
0
0
0
0
0
10
10
10
10
10
10
10
10
10
10
10
10
10
10
10
10
1
1
1
1
1
1
1
1
5
5
5
5
5
5
5
5
15
15
15
15
10
