64
1.8273510067703174 1.8875922605072561 5.411330705103874 1 -4.14 0.3700000000000001 0.0 0.0 -3.64 -0.5 0.0 0.0 -0.69 2.39 0.0 0.0 -0.17999999999999972 1.52 0.0 0.0 1.9000000000000004 3.9000000000000004 0.0 0.0 2.41 3.04 0.0 0.0
1.7112824920165461 1.9398261584162084 5.402430599856079 1 -4.075832061382435 0.40546296393816195 0.033955381607705254 0.015033522573408783 -3.6497241396113784 -0.5331734674642183 0.003436758817885162 -0.014266621852980622 -0.690841226451417 2.3875276646695913 0.001624660078897379 -0.0050110160870597414 -0.17959680003831657 1.5189491896564729 -0.002699135534060498 0.0035425467286420015 1.8281876221453368 3.8825464636140135 -0.02995764370400033 -0.018152780312654066 2.386574500629945 2.990099181725144 -0.014568258049277413 -0.01797335908027812
1.7639950589756197 2.123761868469943 5.291595046801361 1 -3.934469661107799 0.39344879447344727 0.021346536387914308 -0.018907056964289876 -3.650251560729125 -0.6195710435557088 0.001711631683626742 -0.011719704761840553 -0.7275147103608832 2.3851596015142436 -0.012221445640094397 -0.00437498011116026 -0.19187256842324807 1.4882857748618044 -0.007657887706107601 -0.008540773588995508 1.6654591903343068 3.7500953836555757 -0.022857887706714944 -0.040289894115985984 2.2908640310044337 2.8083985285979285 -0.02747727955943243 -0.046427880165614166
1.9208094333786185 2.2668876324271383 5.099675877226853 1 -3.921687953842693 0.29829020941403717 -0.006756755159447103 -0.017442433507633685 -3.630646049867597 -0.670821364687024 0.006233217778413975 -0.002153240144090936 -0.8222703683063988 2.3586877479428257 -0.030066799490688433 -0.01193258622397991 -0.254049163800536 1.4053403379178082 -0.025044293422697525 -0.026454128211752977 1.5935852324661592 3.5334797552493615 -0.024827504951492583 -0.06125189854991812 2.1428382843144194 2.5358327523395583 -0.04974114332420095 -0.06096332665908849
1.8879895493309715 2.2295287184383796 4.96052165360282 1 -4.0009902975641145 0.24805881827354237 -0.012869087925296792 -0.003130215570513335 -3.603664043399011 -0.7005305194578588 0.007368221571591346 -0.008729525768535615 -0.951160619213772 2.281085560279122 -0.04198561124229392 -0.027011129779960022 -0.3884216853577138 1.2939930596582432 -0.04530162725822365 -0.029985316827016016 1.5171391887720205 3.3178204472463673 -0.00518608151710563 -0.03244782162409181 2.009282522302245 2.289883625712169 -0.0064799595875944 -0.02987569062964622
1.8324969695352522 2.1959218095575546 4.882918567749608 1 -4.056701066686542 0.22789401743857063 0.0041033365356118665 -0.01325730703631207 -3.6113366558113853 -0.7824324320686186 -0.009715417310183274 -0.00892118885113044 -1.1083199270246147 2.1745069073454006 -0.002163597375898968 -0.017298303010473217 -0.5520421411025378 1.1809931911230356 -0.00856124850410716 -0.00044041064605777544 1.3629045847800558 3.1268312476286306 -0.06741013950038106 -0.04382210949074409 1.9246775094348951 2.148566958464505 -0.0337298660274089 -0.04503937459663427
1.9093549783487476 2.2439413383945523 4.847642180852555 1 -4.045722692636659 0.19974179863441077 -0.009730319936294494 -0.013757759927846308 -3.6613330950006704 -0.9297519342245507 -0.023943447411636683 -0.03551193884776073 -1.2394969734245418 2.0502947897002834 -0.031526253603695945 -0.034156876421354135 -0.6925661018212974 1.051859409969964 -0.03875766884222346 -0.03834740310839284 1.216295212943896 2.978795353092535 -0.040166503021405855 -0.03292618977743393 1.8429772371694133 2.054610308202384 -0.031207099773120077 -0.036438384441975676
1.9650530853920365 2.2705503547015944 4.802001577311082 1 -4.017063524869715 0.13717685576964445 0.020453516272305555 -0.0144555368425019 -3.7006400787447813 -1.0720873620908258 0.006970435859966364 -0.017336078373216362 -1.2731370842258123 1.9173064446362438 0.0200608899453136 -0.019991719318522852 -0.7618628026331464 0.8884375380068279 0.012929813369856859 -0.022724687160653467 1.1401667536939524 2.868946027852273 -0.02992004519636835 -0.028375173500677066 1.748615728302803 1.9356198670546685 -0.029529336770377543 -0.037621661332067985
1.9242691497724225 2.245321358392846 4.755000296323175 1 -4.005978790204764 0.045333840505719536 0.02492126554795626 -0.007699715587852256 -3.685411036496616 -1.1630841585088505 0.019630312304022082 -0.014241241921565222 -1.2581458921082045 1.78592495826353 -0.014761053338905972 -0.03902310172119297 -0.7610897163361856 0.7230292478856424 -0.0162372053285467 -0.0347437957813379 1.0748704248134082 2.7768488973454626 0.0017251414776247205 -0.018369124506090587 1.6913732346811177 1.8368793975270932 -0.0033834934084138214 0.004427176670000438
1.9440575717274167 2.2754975128025388 4.727429048467078 1 -3.979957312711633 -0.01859835930763598 0.023190411562037 -0.0049169073400688315 -3.68534014193434 -1.20968983613318 0.00838914103019103 -0.005543927071225939 -1.2444214728054392 1.6751350037239594 -0.00434558454480926 -0.012342117181874206 -0.7017746542771541 0.6093344961424498 0.01612339236202919 -0.027319851195972814 1.005582793786524 2.7094773532924563 0.01594728678271776 0.01810860173603396 1.698377256663222 1.8078202967456924 0.035476590987329595 0.016544592257544392
2.0410317120431043 2.3852777088931925 4.71479939845322 1 -3.9301712103955455 -0.043589070915521 0.005814871110297198 0.0009174919663135338 -3.7347644551064705 -1.2374529913311572 -0.016464323512128738 -0.010698717722868914 -1.213248692921344 1.574744164664199 0.004020762585244513 -0.02673429106566407 -0.6319696916586124 0.5332167043013223 0.00403037253150965 -0.01903474512426917 0.9860423710286517 2.6779539819683245 -0.00023317796835885252 0.005646631921466735 1.751024927763214 1.830465953363324 0.02304080887564703 -0.0017941786421657568
2.120441711533139 2.4764313189955716 4.69386448964816 1 -3.8773016966335687 -0.06402394223012964 0.0207032990681278 -0.006993993904643464 -3.7848454335320816 -1.257544787911637 -0.0024487970563800802 0.0013790525641000115 -1.1176549187210263 1.4712644290132242 0.0003321172247617941 -0.03810621012809638 -0.5455004278166595 0.45032022553320616 -0.00685971618228594 -0.031474992539786695 1.0315118537551742 2.660357712094524 0.028293999441553225 0.014492339412807781 1.8283701482413166 1.8593727187681495 0.03275536303331927 0.019175912057483577
2.1942674987049937 2.5577414732054384 4.680477955032454 1 -3.8392826522408012 -0.09455909896833692 0.01012997978612919 -0.013196249355969924 -3.8204051243234813 -1.2743608089555152 -0.0012284220206606944 0.004105660987326381 -1.0072104001069464 1.3402235988441156 0.013340047031465966 -0.0359396570249777 -0.4375404780352783 0.34518830208185625 0.014096036559752875 -0.025045640900759357 1.0996442566395697 2.6554577700227893 -0.0024557760149532606 -0.02030226543708926 1.9280034110661255 1.9104612814931818 0.004383631148957918 0.0013917175146293272
2.272290901782818 2.658696210631884 4.6172464742449435 1 -3.8117484413435263 -0.14137580846490783 -0.007534316277742135 -0.007832106727898408 -3.8318237107561552 -1.2951868016134356 -0.011632368676927513 -0.006720883301165902 -0.8974738035619843 1.1967345710868336 0.02958056249522395 -0.028864380419249776 -0.2962549386871167 0.24944148009920442 0.031854461940930376 -0.010411789434398817 1.141488451091842 2.6633582727086287 0.004527823355799036 0.0007046315400547794 2.0218940620683012 1.9984132682005313 0.01616504938437916 0.02035434301865847
2.340862470794818 2.7477665980467076 4.547950028600784 1 -3.781597016412714 -0.1841942224026133 0.014878954525868753 -0.018018578566841737 -3.8432427131405436 -1.308466642939775 0.004038621390869742 0.01418638890240357 -0.792208528479962 1.0632777195033705 0.03637551784537069 -0.017917893955490066 -0.16220301482135113 0.15706902861765304 0.035182017013244235 -0.007723388324852261 1.144668703923287 2.6469468804755754 -0.0028838040758637183 -0.006163848742351572 2.0903078793798953 2.0489127517343517 0.012766362494095988 -0.0056039834820217176
2.365975192398953 2.755272817641367 4.47607217869619 1 -3.7479026247779927 -0.20360436387072534 0.018329237921653252 -0.004028047938843742 -3.8552244033352783 -1.3039303300999925 0.0077474014669869536 0.0030016426136024506 -0.6960420100533833 0.9469165130203843 0.028847075254737498 -0.012126772458395545 -0.06472899266661436 0.04326961162521581 0.027374937049197336 -0.018998141289176453 1.1638542906853475 2.597752720219819 -0.005755256954352556 -0.04259251126483722 2.1132011555057657 2.0032484941185973 -0.01950410890765549 -0.03250249609582593
2.318897528933951 2.705858841233618 4.382089213879791 1 -3.7251516982927977 -0.2049469309982931 0.014074415950675798 -0.004572208528694482 -3.856510620466068 -1.2884951304264083 0.01031592706728561 0.0067039427832889815 -0.6207605135669354 0.8384889704248133 0.032383769365246576 -0.012164616207168511 -0.011000805128641211 -0.08471598272400827 0.021659310460354308 -0.010413005842121858 1.1738823248651533 2.534001516598849 -0.01662566056760482 -0.03191671451026131 2.1140473244056377 1.9336398303790534 -0.006715597528859153 -0.028350999634200215
2.319168446008118 2.709594750946788 4.292909399455398 1 -3.727509145119906 -0.2010038648242931 -0.010091462603935808 -0.0011969724622979735 -3.8569009571896675 -1.282842336038064 -0.007066255506778609 0.0031557999793452368 -0.5873211350997991 0.7308351729428153 -0.00879224043801071 -0.030616458714785383 0.011023196899973442 -0.1997166172828594 -0.009423131463303872 -0.025661434095703938 1.1505274664840357 2.4527352995498983 -0.01396503753687749 -0.007861268534866938 2.1117115976981706 1.9115406414995926 0.01408660905176195 -0.0055359682798392235
2.3784202605846163 2.770812586575565 4.233571345384913 1 -3.7335375308008087 -0.2090048655899145 -0.00431946237064971 0.0025925801485916257 -3.864257529803676 -1.2982787847690838 -0.006792394024974509 -0.011476337665723136 -0.579885899412858 0.6305663925095302 -0.007303036896311361 -0.024558073109967896 0.021768333733646728 -0.2907368269655134 -0.006409046478434665 -0.02166283860828445 1.1249150901835447 2.364449146739711 0.010932017225940095 0.0069103406446998986 2.11234292554256 1.8882477340016917 0.009244303275603247 0.013616186366787823
2.4240699999666067 2.823631168537976 4.1895695288979695 1 -3.7336700203547712 -0.23058444001881395 0.01677869238041786 -0.013901840267014243 -3.886403512373491 -1.3280752209354174 0.008620630662744608 -0.0004520870087399275 -0.5705115781632699 0.5462458977508637 0.02002156073033626 -0.0037824796303005132 0.018637216630292386 -0.37637451032605085 0.012041143557746964 -0.007261838609157467 1.122507359846992 2.283064666618126 -0.00693977742951019 -0.04190686465755434 2.117838782996216 1.8258972777337092 -0.013378081455700996 -0.032885855201880955
2.464295389772918 2.8566815416759344 4.137051095680492 1 -3.729445457963242 -0.25841954771622544 0.002443917137067219 -0.002024824480099755 -3.9154729691013044 -1.3613142813616155 -0.0052713425477475435 -0.011949601289882816 -0.5650101463510455 0.48467937629727964 -0.016599240200914883 -0.01917031093655746 -0.0062744215532584136 -0.45818489130887485 -0.019384095781536066 -0.02275081215235549 1.1148294426482606 2.2036298389590194 0.013083632902901706 -0.0168197595689334 2.1098378216669715 1.752629797932837 -0.020187247829335883 0.0010129797057547472
2.4925101084638097 2.886321266173695 4.080085591160434 1 -3.726901134445448 -0.287852280820711 -0.011256760694666933 -0.00218710286822597 -3.938578174069726 -1.3888418217323404 -0.012907764610160168 -0.004887380637938832 -0.5831175871809822 0.44328576985708135 0.004658356954795267 -0.0014972382184818417 -0.03502126496707625 -0.5180521026917233 0.004124728148856248 -0.004131484641644541 1.084647998574778 2.120452699765358 -0.01834452130511039 -0.04349807212782063 2.0887089201281626 1.6919538038635218 -0.015179221053095406 -0.02985622263802672
2.508853234821092 2.9096409533253227 4.03869284871304 1 -3.7298510012317045 -0.3136677664021731 -0.015272094023367478 -0.0021218888475230237 -3.9552654045952216 -1.4152514351221295 -0.0141886206323013 -0.0027778247682981923 -0.6211002874389489 0.39803269309528244 -0.01307012759465851 -0.003686421530823228 -0.06128846585609793 -0.5613255668272487 -0.0012175273922440631 -0.018160283731377094 1.0435950939649743 2.0403070478113468 0.0014008438910304774 0.01211478621471623 2.065486717097958 1.644905178194703 0.004419593242095982 0.011613704430744436
2.519971201556603 2.9284407380767234 4.014487297100546 1 -3.733608502549094 -0.3394902924212333 -0.006012911655035161 -0.0013870793792000048 -3.9747664970206698 -1.4433826806379504 -0.010445105088922635 -0.008399725777892005 -0.6472684646197013 0.34383491416748013 0.01272847529037038 -0.001274925019277762 -0.0819967431649884 -0.611814336886655 0.011039018000841361 -0.00381779787619925 1.007228752706217 1.9681697339117408 -0.006697748085461204 0.007088432470365584 2.043737089395256 1.58911911882397 0.009732599456703357 -0.0031824336101586737
2.53318671886118 2.9355889006546896 3.998146848767065 1 -3.7295039910543375 -0.3703038813326873 0.005257658557950092 -0.017093956685397448 -4.004066940359212 -1.469454533090805 0.000506112960193583 0.0065363174196941395 -0.6595385084380574 0.28183294169461837 -0.021387522494610366 -0.025171223393454442 -0.10395668870062735 -0.68086293292813 -0.02225806680646707 -0.02378527148041592 0.9787371789698867 1.9135753046193682 -0.009864590716835106 -0.025106306240566145 2.013753578778072 1.53426995938828 -0.012811309184158607 -0.02036990202602899
2.5393042235825702 2.940714031733078 3.988658681767541 1 -3.719849495975691 -0.40453635971565305 0.01018728196879487 -0.010594232286987531 -4.0373767456419625 -1.4933926113435618 0.0009553316550055474 -0.005146589051252359 -0.6679611245689934 0.22041190437045577 0.010285152783845807 -0.007279784000105448 -0.11898799091337597 -0.7506465352912128 0.0073383802324469075 -0.005639320722639068 0.9410251588046599 1.8685919677902212 -0.013652967544251703 -0.016058084073304557 1.9751370100145005 1.4985154021642084 -0.00855416717377708 -0.01102204885204474
2.5368085573095307 2.9411131157463557 3.9828741084368176 1 -3.720318902692354 -0.43447643847745265 0.002551277903810183 -0.014657331297548069 -4.06471997953244 -1.5177231196156389 0.0032081569869363436 0.00435202811243732 -0.6857692875323682 0.14977127415924785 0.0020873634686472235 -0.024088565468295492 -0.12528978887174613 -0.8110680564038627 -0.006624791694564597 0.001009963429466066 0.8957174168202622 1.8247785121085527 -0.0066766159167355975 0.007739652964518388 1.9392614689992413 1.474077170073318 0.002561453956085913 0.005014814143945806
2.5205562038832388 2.9294872227256734 3.9818236743838233 1 -3.726402838537987 -0.45924934617144886 0.0014871046212220802 -0.01296395312412785 -4.081311449923246 -1.5372089504873707 0.003306707944447993 0.005764381602593979 -0.7020044612379399 0.07679393943814627 0.006747235000824723 -0.00880677988725206 -0.12003096248855094 -0.8686528095990749 0.008821416146175067 -0.007107461991069623 0.8544078546527105 1.780350657741054 -0.007763557980849536 0.0020742043222853994 1.9044097419092507 1.4434335178080984 -0.0023605467519147005 -0.00011131544056887724
2.516638197463549 2.918496002564581 3.977317156653179 1 -3.722466438136007 -0.4816157874431679 -0.010045492187591827 0.00015085528036854726 -4.098357220922447 -1.5495417569955328 -0.013611442640021332 0.0008347371037498528 -0.7099323134165085 0.009292542882589627 0.011310916953983296 -0.004195091686580587 -0.12069036512317144 -0.9329828359308234 0.009871231416734919 -0.007531390955349458 0.8143526097432403 1.7455181161729847 -0.01618302639974328 -0.017257231153177944 1.8640618666534303 1.4132943600141012 -0.004083729409909989 -0.01781363592880878
2.6712016041480946 2.995184225487689 3.865529383619176 1 -3.7780348344695707 -0.643223925693793 -0.011556960896238627 -0.06460416530078195 -4.135910889385368 -1.6753103801972118 -0.001659063089570697 -0.02134143083882462 -0.6192967498164301 -0.1588527015446919 0.05052010719970273 -0.044028494522345474 -0.07227740074045208 -1.0707981330930718 0.031167963334581144 -0.02284174612540886 1.0166397974657082 1.75777250986062 0.06593483290005578 0.02756380344808146 1.9504019232891752 1.4339169594257877 0.04685920642367263 0.03602219209507242
2.739310192198377 2.9954060322059832 3.7094360312951844 1 -3.820195328384611 -0.9452023196743671 -0.00688353085415136 -0.058143787960620016 -4.307179707454081 -1.7769994182550486 -0.056147563390227695 -0.01647121379376057 -0.40003718951612655 -0.41380363512680596 0.03715061953619763 -0.05438132851968455 0.11031967395839981 -1.221793878112675 0.041238136580600646 -0.030822896819211548 1.334729868406101 1.8919213510259945 0.06687172405160838 0.032859867266808666 2.1666656112407603 1.7572208516324226 0.019494203797691824 0.08857048731242824
2.777853906348442 3.0602457165123247 3.5312881182106546 1 -3.90999687361591 -1.2252380837782477 -0.02197611366641909 -0.033353127794972216 -4.506649524383447 -1.8293904428100027 -0.029809109049382956 -0.02454056239475679 -0.11128765327844903 -0.5982628862118742 0.05439901296912765 -0.01836091545316143 0.4061113317113847 -1.2798364868798005 0.06632334380590726 -0.009813229474022706 1.5107639536169408 2.0887968346261205 0.05362098688239472 0.04452272467228336 2.334365315040958 2.132070407296485 -0.014224795355552914 0.054121894029078986
2.8802207859819373 3.1073494399398527 3.3592279157803433 1 -4.0077657537721665 -1.3389101756728223 -0.016457924534318016 -0.03049155883633006 -4.522256008197322 -1.927777159843902 0.035257048416834656 0.0037821326705552265 0.16289720789796025 -0.6601324587102071 0.06966081011059148 -0.028540933926655448 0.6732942564581608 -1.255742159020528 0.017415374764259868 0.04254164871072681 1.5789072383637661 2.2807764843367755 0.04701266288475284 0.030223106118422455 2.41654818696714 2.3047661666314614 -0.03915181162602528 0.02097857053614112
2.9186823106520103 3.071290064246514 3.2868286393374677 1 -3.971962379383669 -1.3458051454361355 0.00550723294087555 -0.013443387940488098 -4.419718225156176 -1.9348663244964666 0.04931263586316303 0.03602691105176452 0.3169845160957019 -0.6420387629266466 0.04331801159496988 -0.023373420124756884 0.8418643441059341 -1.2099089831224177 -0.006636124657031733 0.0416422223677206 1.6049707926331553 2.3250660324774732 0.04436694342204989 0.0015429870106476152 2.4471762345675394 2.40233291618427 -0.04459495411704764 0.010622973355145546
2.9745382041306314 3.0169314459771948 3.2655389961951067 1 -3.8455754801718505 -1.2573997883520383 0.0141533903253749 0.004348255918123496 -4.280190592862078 -1.8245324572871602 0.05218214194243661 0.04981742929457323 0.361006781282903 -0.6210321306172197 0.030008825665034433 -0.02358263930394905 0.9199638356280104 -1.1914744195911253 -0.021420880443540867 0.03143524618178722 1.6276614215884404 2.3168267630656745 0.04215204425046992 0.003306809200036635 2.470342130891389 2.3994788941499365 -0.04342640005614218 -0.018188558609909325
3.006853918069974 2.985262446913509 3.2574602049683605 1 -3.724085451104125 -1.0971130517400627 0.00639490778823586 0.010027498838711325 -4.1335601980610726 -1.6974112342388428 0.04899072932323141 0.047559155915175164 0.37127619818153956 -0.6142568951210912 0.024402223869618336 -0.026402248155124847 0.9419960723723237 -1.21276958553339 -0.027159970666453693 0.023358293336202797 1.636920581860501 2.2817464437738226 0.03971375001205443 -0.014628097325492029 2.48985124947348 2.2977602809523647 -0.045685210028560026 -0.020886259250964215
2.9890627092497746 2.992522749125363 3.2438143341749677 -1 -3.654342713832544 -0.9397666817437726 -0.000761403034848911 0.002597192832055655 -4.024453988966881 -1.5923597073442477 0.034202959745217205 0.042715421397552314 0.3552601530282544 -0.6433199066502325 0.01946350345165851 -0.033655258136205124 0.9444374063144068 -1.2570483313748482 -0.02883825793518168 0.018218069684027696 1.6438982243544684 2.158465191435264 0.03927123995864872 -0.02344467903485963 2.504196614145064 2.21031574705912 -0.0446281563693969 -0.02093816377037426
2.996670752964935 2.9752477559940442 3.2100681455177775 1 -3.615201143555987 -0.8235806186087636 -0.003954856219770508 -0.005934378245656381 -3.9855059543868068 -1.5121557844367437 0.020272629655456013 0.03647240249502921 0.3446612258249795 -0.7029165535542188 0.02284484723644926 -0.03687941394452429 0.9283089554212118 -1.3358003737069821 -0.033111589539393235 0.010063928641954205 1.655657620692537 2.055518450848593 0.039832129416470935 -0.016398440411678483 2.525474577865096 2.0781323008805503 -0.04279584796672835 -0.03160770109332688
2.9860726935657382 2.982217294036383 3.1589817594221072 1 -3.6025214462536095 -0.7425372346845962 -0.00921618934900971 -0.012371732694432983 -3.9796984379840055 -1.4685902483624733 0.017382694347380163 0.028077106824487986 0.342727508910043 -0.780234486059936 0.01913003028598676 -0.04230688838022027 0.8930531553986718 -1.446666472359729 -0.033348851473684334 0.008076024081907978 1.6755720078000857 1.936460005791575 0.04168490939208533 -0.027668146936038595 2.5496444969664367 1.936632791224969 -0.0430021249583549 -0.023709055538522046
2.9516325181469565 3.023816409547393 3.0956936025563997 1 -3.61368208617308 -0.6999251037542813 -0.006734755753894694 -0.019151267366341544 -3.9731782404427034 -1.4603051108973346 0.01711104132879239 0.018827816929066345 0.3250771256190479 -0.8808750023412263 0.017513118573984236 -0.04513607092394465 0.8615049578155389 -1.5631703918622857 -0.03095261580130191 0.008543884396585402 1.7025246431133407 1.7968686224322763 0.041200453330540114 -0.020985188592168774 2.5682303148450716 1.8228299183636207 -0.04557611003885581 -0.02484439708521259
2.8884914297698407 3.0941763177164874 3.0303398476249677 1 -3.6183648553618757 -0.6992656745045567 -0.004454371766767244 -0.026379251803144814 -3.9809987485241165 -1.466715751095012 0.012202981416030627 0.01795217022226464 0.3314333300209107 -0.9736280338814299 0.02300236133361342 -0.04212218997522166 0.8331457193578684 -1.6831439613167873 -0.028331864607558037 0.010104020693093334 1.7104302082045653 1.7016598600241286 0.03695523072909691 -0.016957674897117806 2.569652752867716 1.696756716510357 -0.04933131916813746 -0.02370154317391699
2.7297798100478268 3.109050913962831 3.0566062400132847 -1 -3.630127491474487 -0.6548606540447677 0.0022573984369997067 0.0256037204350278 -3.8854689721641957 -1.535230101151444 0.045010072029670584 -0.02267133766792484 0.4549053971649073 -0.8350835512172522 0.02917900777735778 0.019218261265295328 0.5088029367708673 -1.8398844774328276 -0.09937213616644579 0.015103229349266892 1.5430438030888913 1.5691381602650343 -0.04318186072922545 -0.03963050923710701 2.469149551665443 1.5541475234177535 -0.035289021449738556 -0.03578477698201825
2.6847232014077487 3.119056058570603 3.1787410505039118 -1 -3.6218287634864437 -0.4998845213333848 -0.0007476588014522579 0.040048717545629275 -3.699246143516438 -1.5129885984710953 0.010978629895867592 0.027196067301541844 0.35696899280439354 -0.6770141140733996 -0.056111360033379604 0.014746216733120788 0.1998287611025944 -1.7713557576569343 -0.05468640933005147 0.04317702943214808 1.3413013887054621 1.306902312552722 -0.011166141738956494 -0.04560342434650315 2.3943647133125747 1.2558866978378047 -0.019844913155250304 -0.06948676701624765
2.7161426354299847 3.1250609329823793 3.0950137713169905 1 -3.6590052166447036 -0.3177559994492344 -0.006034807183959672 0.040548017808797285 -3.751842886512312 -1.3212560475779123 -0.023527649032264 0.0352419853177935 0.007952535549790696 -0.6049505212727379 -0.04650803423683256 0.014549128113220781 0.058502148317525204 -1.673736390174415 -0.010180755185190895 0.022738181119142536 1.3280072198225668 1.0686578799108957 0.013345737123418692 -0.03458346169907895 2.391395632725928 0.826194514625535 0.0035293699501552298 -0.07494075018939614
2.503316456192302 2.9338556282296837 3.0203536954283665 1 -3.7092782290883357 -0.09589402890355714 -0.007042680178450901 0.05100770931637578 -3.878272404567479 -1.1858685081395728 -0.010973004896296771 0.015139396865496087 -0.23807457851421177 -0.5020213573046164 -0.04721905575090979 0.021380806700253392 -0.18486290112094483 -1.5897415486444717 -0.08057192679097316 0.018070120487909975 1.354405191624708 0.7881430302657761 0.0054777689976376435 -0.028698911584576117 2.398200620428038 0.41667646403832603 0.007762207049121082 -0.05415505283159363
2.3904287269170412 2.82847243483741 3.009277623033547 1 -3.8137548396854624 0.12421859036187044 -0.01989634087749028 0.034707424317702955 -3.8807001869581876 -1.0951905877363826 0.023029859590002755 0.024085533820105465 -0.33441271791481064 -0.4013703479779057 0.01960527341699088 0.00754538428187418 -0.5658860655912648 -1.4813703455341203 -0.052502499209338825 0.021645761459523957 1.35878914355248 0.5630165653134791 -0.0010266160353070292 -0.03775288833765012 2.351364086468993 0.10692086314963656 -0.009283599155493611 -0.048488437588609816
2.4444483636410665 2.820991553370602 2.902768306674659 1 -3.964694220827642 0.3108290476067277 -0.007287431797455703 0.041594097570856546 -3.8266564139680583 -0.9557433166439793 0.019654899746113466 0.03730762840790492 -0.40097212056737863 -0.39269984818877546 -0.016155914647131182 -0.010820293586894167 -0.8415316773050114 -1.4294964174170706 -0.04308668375510126 0.007535183977306235 1.340781543099431 0.3829669663297883 0.007737942661475617 -0.014144381995693352 2.2706721977117965 -0.14092458674218467 -0.006101948409830957 -0.024294684951777563
2.3555327648467563 2.745342088644386 2.8070428679237267 1 -4.088790389359153 0.4535478525823966 -0.022862672256991047 0.016825042659874032 -3.8031084608269867 -0.7647381550214175 0.0013801133666872176 0.03848301911582259 -0.4739179375381193 -0.4367161067863332 -0.007505282911120768 -0.013665633374982354 -0.9453606682900024 -1.4628672375826075 -8.344164660426326e-05 -0.005649054485199319 1.3144631926431423 0.1893997573150603 0.01737867595214863 -0.010648418005057302 2.2234839517466867 -0.35775630784996504 0.0022092133935499043 -0.02514535935184485
2.2189369382238358 2.6239326341263904 2.7033747077697132 1 -4.18675419859081 0.5249134407178271 -0.006356562677819823 0.008177268961947533 -3.78638596443378 -0.6043270878055664 0.017654116486179736 0.034532934617904514 -0.5010630519223396 -0.4591930610028162 0.027284505269417152 -0.011808184613597113 -1.0093185761006613 -1.4416578139589813 -0.0006559369689900819 0.013095363039455986 1.3093735440677907 0.015588662500590988 0.011934217269841499 -0.0363878399380906 2.204951500269771 -0.571368768892754 -0.020760201761418323 -0.029748942961010407
2.0488199773659383 2.3761806397924894 2.6433510692605156 1 -4.251406774401121 0.552005286380465 -0.010561432809172551 -0.0041458151735743135 -3.7737747359295843 -0.49222644331226384 -0.004176605591679542 0.019875330782404943 -0.5433531472562416 -0.3681974257598706 -0.024873475973370394 0.028293984271100116 -0.9498150090291344 -1.4415420940459764 0.00690194113952061 -0.003312035214320697 1.3035901213969137 -0.08247912920058253 -0.004384014174653804 -0.019662696970817385 2.1485287704904197 -0.7925696988441058 -0.03575763796551122 -0.04686131034420755
1.6251647020704092 1.9456867653180407 2.6858340231778826 1 -4.290424226532882 0.5562010300355731 -0.015011179137410582 0.008037013309965577 -3.757142945749017 -0.4168325860525297 -0.0023424392732100553 0.001407923267137936 -0.5879999205283868 -0.2903360507200935 -0.007612946707579896 -0.0015766124036931846 -0.9298297690603592 -1.4199399990578334 -0.0004239062026348342 0.025754757208244074 1.248661570192132 -0.08611129767649295 -0.0341432042766727 -0.0071040295693047765 2.014582314555665 -0.9819610376118134 -0.03620282683980104 -0.023001571301078536
1.3024612281164971 1.538793968904825 2.7762375405998445 1 -4.3210081910682065 0.58259230688179 0.001881058986863509 0.010764820183661051 -3.777744811290134 -0.39117002849657023 -0.0044635798056832585 0.006446615182050605 -0.6220632466236578 -0.2297630319469156 -0.004423075594938302 0.008029859122318997 -1.023351148725236 -1.345457898064486 -0.008171619478083193 0.0181906788872657 1.1764302469604146 -0.013297648909382898 -0.03380477948546591 -0.0010169631345151517 1.910895635396198 -0.9650304460921733 -0.044687507847201 -0.000999050891620808
1.1439024576943262 1.3053588197250368 2.555792230865902 1 -4.351956580142456 0.6604068268091754 0.0026465796569548616 0.019173858860817312 -3.848041217309709 -0.3979444579706817 -0.005597938982055774 0.005321221168859726 -0.6899001708436034 -0.16104793733108658 -0.0036709478725654443 0.007630823097287383 -1.11730313082428 -1.2788886466499254 0.0014895036763189692 0.006653171341038646 1.218987658986956 0.09143254728691774 0.03581748229770353 0.030325180937073253 1.839901198785805 -0.9092567755344094 0.004926019057470926 0.013639572644159803
1.0553077809433329 1.1552815803287402 2.305974537445038 1 -4.390628183705738 0.7129080306562048 0.002561857829172516 0.0059379066938296116 -3.8863622833833595 -0.38062753314402886 0.026526127984652925 0.02389809747096706 -0.7693091943232111 -0.10204430948389942 -0.02464330797067674 0.016025659800356078 -1.133294500729916 -1.2388730086750936 -0.005367304781419176 0.010166508595744313 1.3434762692414504 0.17397334983544877 0.018694929249050113 0.020940719707619564 1.7777545099541614 -0.8751935899765407 -0.008171036327512517 -0.001990932447633765
0.913284960758011 0.9423955469080645 2.059176403336011 1 -4.449681499816842 0.6995716121295206 -0.0021526072679972216 -0.0036065885392103174 -3.874004233174158 -0.33718861765617236 0.013377751324059942 0.017307818011653982 -0.8005614343121485 -0.028395887953760246 -0.0017197485604475288 0.003666578944421045 -1.0679957638896256 -1.1734811896627135 0.024705757046435576 0.03755474493852054 1.48184416462521 0.2595611545519312 0.0029310007191200027 0.012095887129849959 1.7642464110509009 -0.8248436467778387 -0.0229886951876528 0.009475981892611274
0.739507492106111 0.704791356385789 1.8298474997251917 1 -4.484964624557999 0.6793330543671678 0.008625732562362744 0.0010593557072081398 -3.8560704458666564 -0.31086991465271274 0.01062429998809439 0.013129724605078198 -0.7591440249850145 0.09377653977832989 0.027742640327681846 0.027371268056778128 -0.9740028505252005 -1.0448379554027534 0.03149656844373935 0.029575009003066186 1.6387046294921346 0.36431206989185183 -0.004922006246995958 0.007319814262023664 1.8075215867047802 -0.7451714756984552 -0.03128158041788817 0.021394236208770123
0.6095847867772087 0.5145040530596691 1.652318217361422 1 -4.467484192419242 0.6794523403536357 0.021153506525444142 -0.011661565144232788 -3.8574213999716034 -0.30783284424871715 0.0053678394404321934 0.013022526997824262 -0.6834106500117949 0.2631957400910787 -0.009920245288805921 0.039781935020282204 -0.8719353680664104 -0.8704749100554691 -0.00021837754288519043 0.041932648487658486 1.821803785285038 0.45756499118998484 0.04181345612702893 0.0004542525842319914 1.8761562677031662 -0.6598877010255281 0.013096878929386761 0.028380839989586466
0.5105233095939816 0.36869809083235733 1.5122257571511586 1 -4.433546333149485 0.6573768781896316 0.005925144496670247 -0.01198968841277645 -3.8387915693957457 -0.329771779953405 0.0023206095598320795 -0.006729564355544812 -0.60857601249766 0.4515439916781967 0.002061565525186465 0.03812516105714236 -0.7703225004649279 -0.6775779843690193 0.010087194289762798 0.042056058059623015 2.020741561671274 0.512285787416463 0.018594925051410985 0.004838625366997893 1.9427795998946396 -0.5947346050889109 -0.010446807262573908 0.016810076510534545
0.4143530976545276 0.21813757859228863 1.3797115877061676 1 -4.4035171567894436 0.6003078392527159 -0.0003886643801433963 -0.013933936646842284 -3.783024749694039 -0.3676485723869509 0.010995532760932517 -0.0153497845909486 -0.52395027746587 0.6389207031071262 0.01350190167210102 0.047344234155611745 -0.652444942027794 -0.4826802565714875 0.018522989533471926 0.02988275335747165 2.2183303976693356 0.5300293742366549 0.0341805233668777 0.014673883781616636 2.0191708474633296 -0.551355381622217 0.009419841745521849 -0.0017826022608714662
0.32744335597851215 0.08570907193298263 1.2863141048840032 1 -4.356769753804619 0.5283298096455105 0.024311085983140194 -0.009604427429208258 -3.715549127821857 -0.42468774104725426 0.02112431801561793 -0.002428476467409765 -0.43879075862234096 0.8236055603536252 0.035545593259464894 0.03454146291576946 -0.5297909684988156 -0.2813659412556405 0.041847721468591115 0.040351026102079676 2.39037063745008 0.5285704318743425 0.053619191152525156 -0.008801390920117245 2.0874472061468063 -0.5196252257293259 0.0372538863451223 -0.00199322612467466
0.24761506136555578 0.028979303520806382 1.227197611691883 -1 -4.271111295805929 0.4719989633984336 0.03276341549315469 -0.01892748282670599 -3.683793518520641 -0.4884480281641552 0.007216924610861111 0.002914189541775679 -0.3519589652856183 1.0055533852810492 0.030352398379839864 0.03681716570820524 -0.4189048077636395 -0.0877045106670502 0.033149609860104776 0.03336116113648023 2.53714494419017 0.5136885096007957 0.018152855419858935 -0.018290554851886916 2.129874598990744 -0.4926319827043377 0.005204274877141066 0.018752251737588946
0.14775062651309473 0.16559974274362013 0.8044828649546439 -1 -4.202026037292434 0.509925443440419 -0.0018675203052841358 0.023364889484909335 -3.750226796712242 -0.46477512659815146 -0.010998327845695436 0.012387214374992822 -0.2557757242497001 1.1874208178275971 0.03432284299683151 0.03032480442856257 -0.319574386279168 0.12153731886850738 0.039476977460918945 0.05005910941601409 2.7120324209477396 0.5213684527271292 0.04171714968481721 -0.0028165159462832153 2.3041114801488805 -0.3962337442387739 0.04720467328890338 0.03242968818844395
0.17398225992292227 0.22966654776316572 0.40737831769138516 -1 -4.293263703055642 0.5479213989753438 -0.02263412795071296 0.0002114473226911169 -3.7450234670276235 -0.30572299484551635 0.016094934214447815 0.051623951065462144 -0.12934454815404361 1.3509227847212615 0.023363445541339095 0.02589075593428017 -0.16003833787952004 0.35811838317562517 0.026607432918533448 0.04852611348124948 3.1120564437987213 0.4261010032781416 0.07529805526354495 -0.057350680154147925 2.6273523918273725 -0.34471198709133577 0.07404002656725092 0.0187287000064379
0.19338825012578284 0.3494299975947879 0.2710628634744183 -1 -4.40667122844181 0.5804362770757765 -0.010073512260722598 0.004885070611514341 -3.757908564745605 -0.12332593074483345 -0.02655933779132644 0.017765661753056886 0.12684512814849214 1.4741277025694202 0.07160008465405433 0.021950194076418066 0.073977919553041 0.5609197019563972 0.059863138664635634 0.03199734836129261 3.511143209844093 0.2727148225327074 0.04333818586414173 -0.05146417333375279 2.916425295724194 -0.39598943730850467 0.0709001018905138 0.0013297274782096205
8.620237 -1.0261002 5.888605 2.6308637 6.220539 6.7929525 -0.9220106 -1.7353053 1.8926634 2.9031854 6.4749784 -1.0001147 2.5782762 0.7231144 1.4869725 5.493858
8.738659 -0.9977193 5.5556927 2.6825166 5.7234306 6.8337407 -0.19936216 -0.8958607 2.1712189 2.943568 6.87339 -0.82151926 2.6485336 0.73837006 1.5140135 5.44453
8.819111 -0.9754009 5.347717 2.7167377 5.4947186 6.896487 0.34133774 -0.44586992 2.3543322 2.950184 7.0830445 -0.65652335 2.6763997 0.7473546 1.5350752 5.3550577
8.858018 -1.1591797 4.844552 2.7700186 5.1225624 6.9798117 1.1669147 0.618742 2.586122 2.943668 7.393736 -0.49123192 2.6685717 0.765659 1.5631045 5.207768
9.124903 -0.86087036 5.316537 2.8133101 5.2961135 7.034528 1.3488795 0.14769602 2.6372104 2.9567404 7.292693 -0.2442863 2.6834762 0.7489635 1.6052386 5.1337123
9.110106 -0.4511552 5.5646377 2.7592456 5.462146 7.0645657 1.0668939 -0.9566779 2.6602206 2.9673164 7.2512503 -0.19992101 2.7954555 0.7401732 1.5804902 5.1854544
9.056971 -0.44452286 5.430063 2.7479746 5.4089518 7.0859585 1.1508579 -0.9391389 2.7070496 2.9613185 7.3161964 -0.18996757 2.8150544 0.7453065 1.5723755 5.1692286
9.756613 -1.4673085 6.050477 3.0585556 5.107231 6.862462 1.9015586 2.3403637 2.5104034 3.0092187 7.0775137 -0.043307126 2.3655834 0.74114716 1.7542586 5.046591
10.932722 -2.2653532 5.942157 3.283447 4.8340907 5.991549 2.7781997 3.8131263 3.1546085 2.9020913 7.841141 0.5483032 1.5565872 0.8097614 1.8948265 4.3293834
10.626322 1.0308762 0.36722505 3.450914 3.4639518 5.1278224 9.210301 0.21975374 1.7452815 2.7685416 6.4629345 4.241517 1.320858 1.2309809 2.0352077 3.6450877
10.191647 0.08297539 -0.62728935 3.208683 2.4193249 5.4328623 9.949967 -0.32200146 2.1795983 2.7526321 6.3970203 4.0353866 2.0380232 1.3346851 1.9286463 4.015764
10.412114 0.96732664 -0.57766026 3.3481553 2.8765583 5.198344 10.042344 -0.30085802 1.4776542 2.7903435 6.0607204 4.4454346 1.7089915 1.3107299 1.9946193 3.8787642
9.07129 -2.0406318 -0.6648245 2.7069328 1.0215833 4.641021 5.566892 -0.71237755 2.219244 2.8942657 5.695578 1.4565299 2.6231573 1.4716115 1.5807445 5.5899453
8.757288 -3.8715262 -0.77772504 2.4473763 -0.084973335 4.8069954 4.852028 -0.7870345 3.3867354 2.8700066 5.4670105 0.43300852 3.269031 1.572058 1.4600716 6.1155586
8.701181 -4.0884967 -0.8004901 2.4149396 -0.19481564 4.8402095 4.7869034 -0.79748917 3.5375175 2.8632839 5.497951 0.32192802 3.3433156 1.5813155 1.4439371 6.166465
8.656484 -4.315156 -0.8135955 2.3841112 -0.3366084 4.8654885 4.721942 -0.8067837 3.6894293 2.8588324 5.4587746 0.2059375 3.4236422 1.594424 1.4309211 6.226351
8.628726 -4.3700337 -0.82002515 2.375511 -0.36537027 4.8753166 4.7082167 -0.8115549 3.7273917 2.856213 5.4696 0.18079272 3.4407372 1.5967535 1.4266717 6.2405205
8.6072445 -4.3905244 -0.8230786 2.3699143 -0.37638664 4.8814287 4.698466 -0.8122072 3.7427258 2.8543644 5.4836936 0.16793913 3.4480028 1.5966866 1.4240289 6.240555
8.589358 -4.3748636 -0.8251798 2.37006 -0.3604784 4.883423 4.701358 -0.8128905 3.7342935 2.8531263 5.508624 0.17606655 3.4413068 1.5946125 1.4235446 6.232567
8.57129 -4.180132 -0.82584727 2.3177052 -0.32950115 4.960326 4.647146 -0.73340607 3.6269162 2.8335314 5.7812443 0.15202692 3.41541 1.551508 1.4031477 6.025675
8.544924 -3.8656254 -0.81947035 2.2263722 -0.33974075 5.089347 4.555488 -0.60910463 3.4405031 2.7999456 6.1608615 0.10519487 3.3745093 1.4821396 1.3697971 5.705562
8.472773 -2.4956846 -0.6421138 1.6455822 -1.3275375 5.7717357 3.8685784 0.02706194 2.4496078 2.6129062 6.9972496 -0.42292392 3.2893362 1.1541355 1.1946669 4.2237062
8.5041275 -3.3965273 -0.78211063 2.0658543 -0.4976673 5.2881746 4.3658695 -0.40823078 3.1370835 2.74716 6.5771217 -0.018092275 3.3314588 1.3770684 1.3175428 5.2155843
8.539334 -2.9363742 -0.71132743 1.9433644 -0.60934305 5.4014726 4.1482315 -0.20787334 2.8337893 2.718372 6.7906466 -0.14197701 3.300125 1.291383 1.2838143 4.7517996
8.375934 -1.3175082 -0.38854724 1.0864055 -2.4095716 6.3754916 3.1027403 0.5326688 1.3869469 2.4146276 7.096758 -0.9909893 3.1813588 0.8634604 1.0446751 2.8830018
8.577525 -0.64775753 -0.27181888 1.1022455 -2.0863814 6.244733 2.8827386 0.7755761 1.049454 2.4651742 7.2885895 -0.9929594 3.1271667 0.8069254 1.0590978 2.3944392
8.673275 -0.30879974 -0.21313494 1.1343309 -1.8298097 6.159096 2.814058 0.87999606 0.8906964 2.4943378 7.3912983 -0.955603 3.0888193 0.78380954 1.0746727 2.1521397
8.779103 0.9947815 -0.029386759 1.1481782 -1.2635093 6.071534 2.670383 1.2088323 0.16464104 2.528085 8.001143 -0.76939255 2.8562703 0.65539694 1.0877111 1.3617496
8.2977 1.916861 0.29660296 1.3903904 -0.4841423 5.7500296 2.9484012 1.3972788 -0.14223616 2.6419814 8.580464 -0.37864417 2.6939816 0.64496315 1.167513 1.0504656
1.9658556 2.8061645 3.2889256 1.7433697 -1.6782212 5.536833 3.9020255 2.0689354 0.29369745 2.9278436 11.118779 -0.4002372 3.0190127 0.6812631 1.2483194 1.0705061
1.9761472 2.7285872 2.899837 1.9224652 -0.6018634 5.378938 4.116607 1.9368486 0.47624832 2.971602 11.411926 -0.23855883 3.0142758 0.7390475 1.2884325 0.92352915
2.2534456 2.8193634 2.5728228 2.3092663 0.7341926 4.9157186 4.4740896 1.7895045 0.8734275 3.1603281 11.478447 0.10819724 3.1099896 0.87953246 1.4060333 0.9958024
2.5610838 2.9056387 2.9300761 2.5256913 0.24412918 4.428546 4.490685 0.69993925 0.7542538 3.3261893 9.075431 0.34998667 3.2215679 1.0773363 1.5458038 1.7492471
2.4973989 3.3024044 3.1070383 2.5126321 0.1560688 4.3280334 4.17367 -0.4459076 0.7160577 3.3672388 8.413652 0.3830111 3.342256 1.1175832 1.5427814 2.064568
2.3294072 3.8692899 3.2541225 2.455401 0.23285532 4.3085527 3.7280788 -1.8139014 0.71566373 3.3934164 8.134026 0.38335165 3.4920416 1.1274295 1.5057502 2.3289704
1.5228629 5.767362 3.072112 2.3355668 1.1053257 4.6746902 2.6703646 -0.85438347 0.4268113 3.3052876 9.407677 -0.05118978 3.3944623 0.8646456 1.3683835 1.9332223
2.047576 2.5282638 3.832741 1.8204159 -1.0655041 5.5740957 3.579108 1.9040775 0.08785021 2.9615061 10.9694195 -0.4346184 2.898878 0.67521393 1.2877369 1.0277925
0.45419884 8.622077 2.9512975 1.9835789 0.11128712 4.8366785 1.4253228 2.120002 -0.44309685 2.9696772 9.80542 -0.65872425 2.9657516 0.43026185 1.1678493 1.7368169
0.5484085 10.50655 3.1763003 2.0063336 -0.1566062 4.250991 1.02479 1.8138242 -0.47366774 2.9578662 9.305572 -0.42078507 3.0266888 0.36946964 1.1607828 2.050336
0.70065594 11.197031 3.2428944 2.045022 -0.3891344 4.034911 1.0943623 1.9269767 -0.43492818 2.9479556 8.967693 -0.2255308 3.0248098 0.35507774 1.1858869 2.1666174
1.0426927 11.734484 3.4088924 2.2011595 -0.47917318 3.4716825 1.3059571 2.0468752 -0.3921523 2.9835544 8.258734 0.06531924 3.0177505 0.3979826 1.2610116 2.3539214
0.7250557 12.101236 2.596479 2.5223987 -0.3578596 5.951461 1.7513285 2.609935 0.17265362 3.0471802 4.749192 0.39968213 2.8777406 0.48690093 1.5702822 2.9415588
0.70308495 12.533951 2.7467291 2.5883543 -0.9470191 5.6598406 1.4100273 2.5536575 -0.19010124 3.1048074 3.5107255 0.42874247 2.767386 0.5256872 1.6184521 3.4146008
-0.6978979 12.01281 0.75516826 3.0476084 3.238421 10.370971 1.001376 2.8817945 0.72760063 3.2260585 2.5022297 0.2599618 2.443309 0.5090021 1.9057608 3.0171022
-0.8543763 11.976206 0.608192 3.2617702 4.07968 10.217125 0.055970073 3.2247815 0.5339657 3.3779895 2.0963159 0.01783216 2.3066165 0.5722971 1.9578519 3.3935652
-0.87003136 12.212497 0.8071614 3.074856 2.1225677 10.634305 0.7642541 3.3753605 0.24763896 3.2273989 0.7367363 0.28787255 2.1625063 0.52735174 1.9757066 3.627028
-0.8913865 10.180534 0.31374416 3.018006 2.8884456 11.909112 3.2119658 6.2445374 -0.3925753 2.5254555 -0.24090576 0.80532837 1.0610555 0.3325894 2.1062331 1.9287
-1.4567242 8.649513 1.0094731 2.009614 2.3106594 12.093878 1.0990237 -0.94988585 -1.2236502 1.8996106 -3.356976 0.16141146 1.1760263 0.36259806 1.7950311 2.1012812
-1.7063446 5.8097353 1.0365498 1.6394098 0.66881275 12.2385235 0.25692102 -1.4123297 -0.09184085 1.6769836 -3.662383 -0.68946373 1.4768834 0.46950746 1.6327484 3.0518618
-1.8689251 2.4408088 0.7164936 1.3429533 -1.0583425 12.695863 0.10085186 0.9684768 1.2199256 1.454277 -3.126606 -1.6956887 1.664494 0.54993415 1.4877305 3.828538
2.4118633 -1.3066177 0.8877631 1.5672357 -1.0214753 12.653932 3.7223341 6.8350163 -0.18668728 1.3819245 -1.6966758 0.37152398 0.6452538 0.945891 1.7277448 2.753734
2.2901936 -1.2575512 0.7258117 1.495255 -0.52963495 12.970935 3.6517704 6.9618816 -0.14070316 1.3496704 -0.48069048 0.31081712 0.6846553 0.85725224 1.6776317 2.1538553
1.3588924 -0.70917845 0.580721 1.2584792 -0.20013857 13.205386 2.7451234 5.6528883 0.27350283 1.2382605 0.9828954 -0.12007326 0.78566897 0.69249034 1.4983921 2.2823806
-1.1957226 1.5259047 0.42952704 1.1335471 0.36969757 13.592597 0.37873057 3.1781049 0.75865024 1.242774 0.31370974 -1.4138759 1.1766745 0.4389131 1.3322049 2.9314036
0.9175887 0.96382 1.1372832 0.8033905 0.17029953 13.369156 0.8878618 1.4056411 -0.108973175 1.1128844 1.6731048 -0.027823627 0.7634891 0.6368493 1.2033114 3.5988607
-1.4623022 2.990012 0.85834795 0.669997 1.1446128 14.147895 -1.1095128 0.90325356 -0.23824072 0.9731474 1.9992747 -0.9898893 0.503466 0.34921873 0.98660946 4.6310544
-2.4169722 3.3328452 0.5786977 0.54161835 1.4015098 14.324785 -1.7609031 0.060461044 0.4428997 0.94898033 3.118478 -1.6138139 0.86601394 0.18009913 0.8930962 4.076068
0.35704088 0.96463823 0.41958746 0.5846331 1.9757152 13.392501 2.3179479 -1.1060004 1.635686 0.9512094 6.351603 0.6995636 0.91491544 0.76743186 0.8386507 6.37709
2.2353477 -0.35543966 0.11412954 0.54870915 3.1300378 12.685701 5.719952 -0.9447708 2.6021245 0.81036115 9.882284 2.5647154 0.44938615 1.2617657 0.6235895 10.238022
1.8548746 -0.3072257 0.262425 0.364264 2.8790379 12.789627 4.648648 -0.629611 1.8275971 0.5647484 10.621756 2.505138 -0.37720317 1.1762089 0.46744978 11.463439
0.3289795 -0.6016722 0.40510726 0.049244165 2.5510721 12.356993 0.7704942 -0.7082391 0.5140378 0.5501267 10.451959 1.0980034 -0.8616886 1.0774794 0.17664468 12.674927
0.6598153 0.9689927 2.2137122 0.4623258 -0.91584206 6.767353 9.229005 -0.7298732 -1.8136604 0.6033654 11.4926 0.9593102 -0.44722918 1.2396367 0.67987406 13.751328
0.87089586 2.330395 0.16216165 0.5257971 -2.1896715 2.1272373 7.243662 -1.7308736 -3.4473934 0.7799132 13.573875 3.226781 2.6027932 1.4756937 0.5490068 14.538706
1.6370997 3.2201366 2.3179328 1.0056046 0.28231668 1.2874317 3.0966487 -0.16850233 -2.7064302 0.5771966 13.521947 2.213704 0.13019058 1.2939066 0.7259395 13.16291
0
0
0
0
0
0
0
0
0
0
0
0
0
0
0
0
0
0
0
0
0
0
0
0
0
0
0
0
10
10
10
10
10
10
10
10
10
10
10
10
1
1
1
1
1
1
1
1
5
5
5
5
5
5
5
5
5
5
5
5
15
15
15
15
