64
1.9121511171818082 1.9531736460379787 6.506097140375327 1 -4.36 0.4099999999999999 0.0 0.0 -3.73 -0.36 0.0 0.0 -1.2799999999999998 2.95 0.0 0.0 -0.6400000000000001 2.18 0.0 0.0 1.04 4.86 0.0 0.0 1.67 4.09 0.0 0.0
1.8310261880071619 2.0555776071176517 6.476776815922875 1 -4.303267904125008 0.4570554665932729 0.030106822188288692 0.021519228682906497 -3.7374176226763174 -0.3929077734343428 0.005225487951832037 -0.013644221098245778 -1.2917593773122005 2.9477204952422325 -0.0034254971980176747 -0.005657272065503553 -0.6429137607270938 2.1729370271826403 -0.004993241236168964 -0.0008424584621915636 0.9899963338277926 4.752505185174563 -0.02412076551209017 -0.047647336451861186 1.6784817519788993 3.962610461718654 -0.003282624546611816 -0.04189632729160963
1.9196770457970591 2.286315117439347 6.309348865317806 1 -4.165198972520108 0.4746284545918711 0.020827271409022963 -0.019841424859606695 -3.7253880197490394 -0.47550888381299217 -0.004081548771878732 -0.008725904334184536 -1.360566323615457 2.9212817404194102 -0.01936122652672108 -0.01067623109735278 -0.6721326692712548 2.1049012256405635 -0.012380793884784485 -0.023202276384680698 0.8292683970889119 4.467426133034601 -0.024824813654815613 -0.06523867893852735 1.6334832989940455 3.669142760103945 -0.0193807529896562 -0.0728753624136672
2.0732904416696702 2.4007513534359672 6.031252904720813 1 -4.1494384935212025 0.37850654466864797 -0.010151314884702826 -0.01879261043901066 -3.6954528659124306 -0.5313466505704225 0.009000931798669327 -0.007945579512467368 -1.4636507431082988 2.84522581820596 -0.027027408490527906 -0.02670214754139038 -0.7675658956281253 1.939092311721974 -0.034343885065029736 -0.04634618108012067 0.7796807899000973 4.127494443706107 -0.028253538686700636 -0.08558615819293146 1.5009434736946439 3.23274990351426 -0.04916924920472837 -0.12080845556997821
2.0449079538268804 2.304398671096512 5.743963636532153 1 -4.244058799660132 0.29837721376367776 -0.0063204412547956754 -0.007733751134953122 -3.658993743387002 -0.5881304667254063 0.01329698210190291 -0.007438645506590829 -1.5754046664682746 2.7047742837673616 -0.03196223900874974 -0.036324026935725395 -0.9274106284128019 1.7252635075314822 -0.039369410041239214 -0.0460118103451512 0.7392846584514707 3.7831924251905527 0.0023856705114785465 -0.04599296288546124 1.377838585987134 2.8213303519519237 -0.004171977787617579 -0.055368690815213464
1.9189551683960553 2.2036346293330342 5.576963329309316 1 -4.296060523700923 0.26122406787892816 0.010804811066059749 -9.195607388635951e-05 -3.647015991868885 -0.7156085286908545 0.003473328537218939 -0.026354429824739317 -1.7292182628383639 2.5261395803108835 -0.04200634283795914 -0.03050003231839072 -1.0895931535036416 1.5332509545324422 -0.03029412084433288 -0.04518046990167411 0.6453130773895372 3.512717835068676 0.004460255500369369 -0.03721830513154246 1.2687022347326842 2.545463092869559 -0.00434438930611632 -0.03079774558391268
1.7807564357499137 2.0964081317609735 5.427470454222413 1 -4.264470753636302 0.2273261051992852 -0.018176415142750597 -0.033925383699511355 -3.68123972035338 -0.9045151420985125 -0.022133673957087086 -0.04006196979048418 -1.8562376951866293 2.3629464725752976 -0.02779714061684889 -0.038972357244612905 -1.2189562960249978 1.3626209607392767 -0.038323639606709994 -0.043325986972535174 0.5861176250395133 3.2964408856844116 0.0036859419074095137 -0.02793767406547121 1.1791139715472019 2.3298821220586103 -0.004437756924725485 -0.036492910426870445
1.730642723645949 2.035222835764873 5.256402022588599 1 -4.2183822841975065 0.13079338033940013 -0.01649568650828072 -0.038570996302018844 -3.677825144140294 -1.0611265875263078 -0.012973738034966147 -0.027501352214368797 -1.8671571541566019 2.2483559726782962 -0.0045013686825975535 -0.03325294117007529 -1.2783445887939355 1.1962301713313774 -0.02282076808057406 -0.036611706559506504 0.5613456027047778 3.130534821063936 0.011546124342677601 -0.020657572281699697 1.1065470776966713 2.135510881020939 0.0011555215224816305 -0.027717945154149385
1.776759322687812 2.0353150986378696 5.130305543144361 1 -4.169553040764603 0.026477444087463553 -0.010024580308649006 -0.02903945747344564 -3.6537021620610117 -1.1478212605356028 -0.012046393539890659 -0.013021764104072225 -1.8097801394759228 2.160382521580388 0.02935263183501572 -0.011387926977486565 -1.2431611934014133 1.0748041996053224 0.03218793668129085 -0.0052196816280587035 0.5840732939797633 3.007639668954238 0.022010630961071753 -0.03771124126478942 1.098058418268387 1.9898004565846419 0.000841193783329159 0.001719874939381718
1.7943416047957594 2.069709648514345 5.056539800376231 1 -4.110526662513681 -0.033076582222634654 0.02470672098680018 -0.006999377355344644 -3.6649128118275547 -1.1823862177723308 -0.0006990528895389446 0.0030559773846026237 -1.7471790159032996 2.0866306777612804 0.026766490375914786 -0.006224266587816194 -1.1385677586600518 1.0226082782228274 0.03564042740892853 0.0029175751334722857 0.651285623328075 2.926381833324636 0.04223718587015719 -0.0007765964967266061 1.194289523843719 1.9047566024813687 0.048684832310262195 0.00485932890064014
1.8366617867612594 2.1444239361394595 5.006412239088501 1 -4.054972755866265 -0.047264874141793034 0.02287614332401017 0.001219886171299504 -3.7145189146535422 -1.2012181571929528 -0.003826132812139338 0.003443275640732945 -1.6528675133100132 2.0330190105495416 0.034467919606246046 -0.00542531669258732 -1.0272654531260583 1.0001745371766013 0.033248795027336096 0.0032368924217564977 0.7542857520721684 2.8759840923324846 0.0476990062706103 0.009645371188643295 1.3580889044066238 1.8977632271704716 0.05392591879216966 0.0179175300406906
1.9653967113170545 2.267692643547074 4.93802832967487 1 -4.009641424921511 -0.0471392343250866 0.030285514428379776 -0.0012744248956672744 -3.7596381466022635 -1.205549033282648 0.004317833579219898 0.01088019336099977 -1.5167115505437936 1.96710083529535 0.021863385755882113 -0.007710934546366385 -0.9116097278095441 0.957848168960121 0.028246063582750627 -0.02168624807916484 0.8948026376369791 2.8771808932344043 0.04995216572959733 0.023879960458284305 1.5275934683401777 1.9432122939575054 0.052986643697944605 0.020993987832561973
2.060646016499532 2.3771049849896557 4.902853430968999 1 -3.973173162609858 -0.049822146475200224 0.01477556605127935 -0.0026216206880046757 -3.7890716534168636 -1.2017603171519158 0.002079651190544111 0.005305042296213883 -1.3557322490337613 1.8659425672297556 0.021345130075322388 -0.027961048666479783 -0.757436012124828 0.887102890100266 0.024971887779765015 -0.027269050828181058 1.0385793313358205 2.913218872628136 0.005416486033251001 -0.00864896193274474 1.68980129717567 2.017555851037909 0.015167518165686065 0.005693301207026224
2.0652856891489177 2.451184131948643 4.885106369347098 1 -3.945833363578051 -0.05843981650207586 -0.001976525299551092 -0.0050362789000581755 -3.800911489868735 -1.1941715006420912 -0.006920258969981649 0.005318598609831986 -1.189527956407491 1.7247283043013524 0.03307230619901795 -0.038431562714032065 -0.574422115221132 0.7899130510115018 0.02862512769000567 -0.018475040751350133 1.1310072970540412 2.946143210721101 -0.0022876426660970034 -0.010636610320171838 1.8512999248206636 2.1047109705289317 0.016598067801145276 0.005165212702872721
2.1566403342493787 2.5272909755409163 4.8834471771081 1 -3.9185159890755785 -0.061259566836660895 0.020904909265467148 0.0004458931193979058 -3.7992084453553607 -1.1746632112604343 0.011731725384388787 0.009758324780128011 -1.0234796896823273 1.5873353922464752 0.01978728329806847 -0.03833698759185399 -0.39132358611596363 0.6765795971267747 0.01689236465319021 -0.031354147057836006 1.1998092225247925 2.9616491396934164 -0.00955727465025526 -0.01846792014299798 1.9758743459869672 2.180531786072 0.002673218041043604 -0.012334455326712832
2.1745118559979195 2.5329269055545804 4.839357032430887 1 -3.8953707763751018 -0.04539736180334197 0.01609517074492774 0.004115155240447045 -3.7970495218684848 -1.138902786188439 0.00924070079729957 0.011360596571668683 -0.8727215131422259 1.4662378541768732 0.012329679612204115 -0.03389586886131921 -0.25363056858921507 0.55321465295469 0.005458175127097227 -0.03411539299929869 1.2623567797802222 2.971988568269707 0.032470923453288454 0.01903552137336428 2.0500782436247063 2.1924552145677083 0.026726383615037274 0.017425896931304946
2.09783589162401 2.4815387311080412 4.732999619231073 1 -3.8808146361549642 -0.01789228124241249 0.00828180550133853 0.006903862654163535 -3.7939632203640468 -1.0979253205255162 0.006739606313526207 0.0056474321254696164 -0.7515494666606002 1.3620843104771918 0.03112374909063183 -0.017322054639099572 -0.1633434148694226 0.4325732849740638 0.022018381216073437 -0.014279503473342538 1.290474877076381 2.929013657145487 0.01439101771167465 0.003368551658122398 2.0922959096251166 2.1603035660231433 0.02356919997049976 0.005295552674325745
2.1190917200509896 2.5199604091359755 4.574952103300373 1 -3.9400862446773757 -0.10216357703076628 0.002011413144816074 -0.02739126335632135 -3.7150763766128385 -1.1420405042722088 0.02743570961878502 -0.00978286957734212 -0.4249346672541119 1.3082806961993656 0.09531231013692026 0.005712504603004417 -0.0219949280388807 0.43863663841221 0.06548642271324165 0.02409804129061898 1.3143694350730843 2.8802283347625806 0.0025790062813330593 -0.0133358897023095 2.1763222540668767 2.130822692923973 0.020051403027881155 -0.016472719636984295
2.277123158979248 2.6722638069086533 4.291958946031948 1 -3.8454255372953945 -0.21948959313929384 0.033684622122113796 -0.013925555157857872 -3.7447062429153455 -1.1834217829746305 -0.027979484011897638 -0.015102219960127797 -0.1477477110526122 1.2910775237540792 0.040502331041661094 0.0027303413442995627 0.26671513152390514 0.47004998128771946 0.06390320476429694 -0.010021887431543836 1.4640666757669552 2.900033317034015 0.055127025662380855 0.014142114982604571 2.397923617375028 2.1522446200699394 0.06763208839269302 0.03116797514905501
2.3931447415953193 2.8099036316390897 4.0568523441075355 1 -3.70620884379574 -0.34344102791039677 0.004581180193735323 -0.01700496234529499 -3.8080588329819487 -1.210046367875596 0.006953466778617114 -0.017045007914188434 0.12960322238327215 1.256278392549655 0.04988989002669943 -0.011617564488945433 0.5249433510061605 0.44287987600864964 0.037403754243079075 -0.02210954294805181 1.6947954321564307 2.8735896220923034 0.05129477594551607 0.0028655724286252952 2.6935938902176195 2.2257931180501376 0.06985176918811864 0.02298308534134919
2.4670045028637975 2.911615832206512 3.8812343536149134 1 -3.7365421539340073 -0.44539459444664053 -0.00798843781269556 0.000498267621590805 -3.7063692877759826 -1.2578000137288226 0.018230454448482626 -0.027855736540977054 0.420841856179651 1.1963392926244056 0.04099737851902655 0.0025931705104075466 0.7400905282398451 0.38507034864049117 0.04957372628862864 -0.027009106078771605 1.9560408024531677 2.8545247925432404 0.0599001814462718 0.014773051293948205 2.9925689507872297 2.3350375961196055 0.06649575565713574 0.035271110967588976
2.6711161390693507 3.080782778237402 3.8272193402751187 1 -3.688410622727606 -0.3964710106646784 0.02935482231835527 0.03501480664248724 -3.689392320663637 -1.1925797961424522 -0.02202887650714572 0.022218354018485934 0.3608025390213774 1.1070870955161034 -0.04826483856154275 -0.020479644520798708 0.8977002220446284 0.3220176997385218 0.010122927242430656 -0.029554623089011342 2.2075304675219574 2.8181941089861886 0.05247635274735933 -0.01761967507598962 3.2241142526136226 2.4063397344860764 0.02303638632925949 0.01280639009511459
2.8230336774228046 3.064627657712054 3.849772144928078 -1 -3.4451582217086205 -0.21274020517665249 0.020794001501201934 0.018580039674814492 -3.7295837001479484 -1.112621912183781 -0.0017629231734327862 0.027462795008302014 0.24977556436736226 0.9739056778013073 -0.010559880521922006 -0.015772645506960038 0.8716829472544818 0.22465674863785656 -0.013665462325417177 -0.03526546707167531 2.3435529983551895 2.7066455858680243 0.018613525014740114 -0.013779927967934147 3.339291935717453 2.36594464155064 0.00873298714673279 -0.009662236103775299
2.8330642099253756 3.0358587872714358 3.8606760556322626 -1 -3.4995083878814146 -0.11708304602711372 -0.03869607042684507 0.032552799848308736 -3.7033368811626173 -1.032809427098672 0.003493769362948788 -0.0005770083957763548 0.23535531857294156 0.8992270873341588 -0.013601537006517339 -0.0007386799428326721 0.7310815644988198 0.05070109640035847 -0.03253955577438137 -0.0496446824063634 2.3285530428823487 2.5733816561855734 -0.006426493422529716 -0.011520993310266417 3.302950630062239 2.1688530674851467 -0.024347171133351816 -0.04027140843800285
2.777350575453711 3.134734567465078 3.808181712208414 1 -3.681006340163746 -0.03928626906394239 -0.028769125393761606 -0.004516858019202074 -3.694886284940744 -0.9421682854004694 -0.0015900479337424256 0.03426846951528741 0.15186082461633177 0.8641549934853658 -0.04441400457222411 -0.0032208072216310113 0.5387485290101379 -0.08804576395168628 -0.040500121670080075 -0.028176755363096377 2.2129611175822737 2.426792374921936 -0.019467788940030723 -0.01738753352932406 3.1106350343106097 1.8729884771508085 -0.04671801844751841 -0.048029820761706365
2.4918761059010106 2.8638924927474125 3.741085746265558 1 -3.8099182812574055 0.003841449017203624 -0.007754482622934547 -0.008186715285941915 -3.724175229920756 -0.9449149615430266 -0.003738492303987601 0.0005998992188359347 -0.09355906343271503 0.8217788649723412 -0.049890119063448965 -0.0036147971224276022 0.338113330595184 -0.13719673359301843 -0.03560922836644811 -0.002521469315799321 2.024494179885 2.2602401567119323 -0.033482344210619616 -0.03425344836106399 2.8569032312885874 1.5880664008622194 -0.05129625596816761 -0.035846161063891824
2.20916017525014 2.602716158115671 3.709460610537736 1 -3.862373413692138 -0.012851125115091566 0.0029590782644740464 -0.019985300562314783 -3.7851237541225355 -1.0582179248388628 -0.00899207688600045 -0.013337171400809353 -0.37217625541830657 0.7977212373949909 -0.03353681095306328 0.009267771410374263 0.07884840101591095 -0.17962793488247997 -0.04453826462926885 -0.010269348343939425 1.7780508170942841 2.050426089365602 -0.03749755418619475 -0.05404881164377983 2.620987549377655 1.3853645396729362 -0.06534126081193797 -0.024258965490769873
2.1431897667337836 2.5013115454612627 3.7836590471880043 1 -3.899948504945393 -0.05851667535660299 -0.00890191814653923 -0.008436684266849926 -3.852408887971412 -1.2075429115797218 -0.011594196354371311 -0.028714844846910483 -0.5562103090608153 0.7919263562598275 -0.013077376980554348 -0.0013664398525400807 -0.22970373720507276 -0.2586121911918684 -0.04564697479634817 -0.008297642304686947 1.575903371787331 1.8886936239081638 -0.030182299017040767 -0.03142219501582899 2.397475185515998 1.189703833549638 -0.049981032459820246 -0.0428991477479184
2.113303809018163 2.440087253490133 3.7512479812316575 1 -3.933273501958267 -0.10074513803381668 -0.0011522555277983584 -0.008433752813063373 -3.8879898912981985 -1.3179518465740165 -0.0012703046164301603 -0.015311318190271248 -0.7043942289478764 0.7620207715054013 -0.05152905350761751 -0.01182316960470819 -0.4712894741132869 -0.3488408331379125 -0.05181734234898221 -0.022593708343259668 1.4502489398519334 1.763263946239031 -0.01418719405754219 -0.019602205964037854 2.185587760260333 0.9521784162272107 -0.032407239310939334 -0.04096776572301057
2.033728308481789 2.3702300174942783 3.6974047356080444 1 -3.955817577258707 -0.13549706542432582 -0.0063795083236889445 -0.004723535537835617 -3.9084881321344938 -1.389299933370102 -0.0017800711558870318 -0.019649040281618006 -0.8731340715205143 0.7149833701285448 -0.017274132407892627 -0.009539962918066778 -0.5683507303156818 -0.4183440596513086 0.004210674890813983 -0.0015355106905098025 1.3315085735459693 1.6175147731020623 -0.022838368859508542 -0.039358652717221304 2.0308529044214643 0.7521108987998422 -0.03351308971336531 -0.023222790742971327
1.9994921130320715 2.3416675196941386 3.670348143111186 1 -3.952969723024439 -0.19755924303475192 -0.012693164358268677 -0.013662895836236647 -3.9227716954292857 -1.4505230429260756 -0.022435850917327825 -0.009432795020666884 -1.0045985708206842 0.6777824932994672 0.0008498195217541053 -0.001481208139368116 -0.5978595140145475 -0.4596668739961023 0.009537709356686777 0.00018549751393580083 1.2206093502109372 1.4995124414580205 -0.000553180667348642 -0.023360812856944323 1.9504375214662222 0.6403004866288293 -0.018423994026923983 0.005745876336011221
2.0223004103132163 2.3516545855321063 3.650173273353284 1 -3.9173168662742364 -0.2650088752917521 0.02533118576051609 -0.021108700452968174 -3.979538598200969 -1.5020826420845708 -0.00405001517920171 -0.0007070907644650725 -1.015474613239626 0.64693603202525 0.018241334542639587 -0.001035747827160826 -0.61739828757685 -0.4948838405751661 0.011679474104711356 -0.008044949844729346 1.1806503300664328 1.4433528329312257 0.02567967324399962 0.01216147349927569 1.919166754822327 0.5812912826894048 0.01581961972012432 0.01023899983289487
2.044425321470257 2.3660126689848187 3.6120475093480215 1 -3.868025876412417 -0.3410137513069571 0.01616864194537692 -0.021153336030310756 -4.053938735750576 -1.5455787218232158 -0.00631850987658741 -0.00429051803560527 -0.9671800659468328 0.5748342513927946 0.03004669693748656 -0.02139011854782779 -0.5997751957491735 -0.5618507024283521 0.028273482802649554 -0.005028574043888838 1.2135597680646963 1.4124045200297557 -0.011691544528205387 -0.025300743034069567 1.9404275639205393 0.5486224032307143 -0.0046242876725175255 -0.0171067609334851
2.0488997428789713 2.394892350720821 3.5658734674985624 1 -3.8417469755690923 -0.4236790450621426 -0.01614806053591491 -0.012136823224142843 -4.109273560079062 -1.583138333037033 -0.019429714254547596 -0.005763555529136666 -0.9266029129824829 0.43093536512900443 -0.01157511647898223 -0.039876489988979094 -0.516292234071964 -0.6600280230604688 0.002596568293670616 -0.029397930954336526 1.2697321865996525 1.3909598098954046 0.015757551048748018 0.012807552626824821 2.0224866482802906 0.5646405553723879 0.03499639562558603 0.010528836833277488
2.1079933398536483 2.47854524880565 3.5590858419631535 1 -3.8302620287190257 -0.5016508263729171 0.011471456109973601 -0.01864219418177435 -4.143484253202207 -1.6167277797812902 0.001945599894882621 -0.004421281184801052 -0.8731560125665982 0.2633798390611166 0.006958611836763724 -0.027691559529437075 -0.3912107746092426 -0.77039734355982 0.02387407855210817 -0.03212293962431328 1.3078320727313653 1.3922053017964395 0.018189807118251296 0.02433547288991967 2.1227322099619332 0.6487147609567352 0.03494166186766229 0.029190483563168487
2.19749226010235 2.5778499480659507 3.5761835286331203 1 -3.807850656302024 -0.5637743348272979 0.016763620341577898 -0.01663495933180945 -4.1754025194243445 -1.6322549780076447 0.002212112651935289 -0.0001069840092753115 -0.7818543866500214 0.1044602208637262 0.0035873822444939876 -0.038135839604418145 -0.2830014037390223 -0.8858099695181165 0.002014546904914959 -0.03273435673149512 1.3411243118398657 1.4210510755532297 0.027023991605638537 0.033095192139932804 2.1940002185687044 0.7333959900654077 0.02766636496790607 0.033392254324208594
2.22726608432976 2.610482854508615 3.586775809381564 1 -3.7720246147407526 -0.6023606553251096 0.004880727195318753 0.0009315492773360327 -4.202942797657823 -1.6213720869512327 -0.007771594280800926 0.0006059449950583393 -0.6676810761829692 -0.027826642626169407 0.03513323715745494 -0.02137362277287365 -0.19032820760851177 -1.0021766441023225 0.026975081080767793 -0.013638065641352136 1.3749176102084757 1.4436577238559054 0.024098073682687526 0.024048747339062114 2.2294266582238897 0.7765909685044425 0.016983599006914693 0.028885226005080693
2.4037228450774126 2.701665220965328 3.5376268159972413 1 -3.8408062580871927 -0.7363325748006418 -0.011249287768018937 -0.04915131491022927 -4.19481402531646 -1.7264364343427148 0.012156802948936018 -0.030510910545364426 -0.5588534626986181 -0.2232132464186405 0.04133010876434207 -0.04470456571160427 -0.06680533447479231 -1.147026442174959 0.04329962654463783 -0.021812484842628495 1.5988653292673147 1.4383836976191056 0.06558685391039613 0.014463068091649012 2.3520396413223272 0.8108841646023162 0.06240767073482808 0.022526722632737476
2.4875671749814776 2.7398018672217654 3.3496999144007593 1 -3.8816890745333614 -0.9904805025734956 -0.003820827719570894 -0.050815831885748855 -4.30173868739062 -1.8246812976843012 -0.05030684301671566 -0.009108513260031245 -0.3842848807958896 -0.4695554247231787 0.03849279818896195 -0.03150308504535488 0.10843936711404911 -1.2841145301975556 0.04728338499924495 -0.03493684766492634 1.9428087037651878 1.5355511819774037 0.052388390133384824 0.03932021075275416 2.686059738681232 1.1058924818648044 0.08143293292617639 0.07605623191285482
2.5255925911179795 2.79243857009216 3.227629710220076 1 -3.9263014748704004 -1.2408101834832246 -0.025049641119935247 -0.059291479447451174 -4.507688387226089 -1.8388531786763864 -0.0036499197385167353 0.012150818308956049 -0.10605865063606057 -0.6260026522915114 0.077082595424255 -0.04557251031788785 0.3516510131228605 -1.339720523667133 0.035960372246982425 0.028312233716608737 2.1991175383489576 1.770682931793833 0.03849972326850591 0.05161452862549471 2.9690348725674998 1.4960818180661017 0.04114423479928467 0.061411400409138756
2.584208827202892 2.866334409414403 3.213888574146467 1 -4.016895639760225 -1.33947642693587 -0.012897171852262381 -0.011676212447315776 -4.53634240662518 -1.9289713388753014 0.01681705512518825 -0.017193351707767097 0.15137498421614382 -0.6913747022278472 0.0529983020897901 -0.018343917702419395 0.6150267837812127 -1.3151608527014191 0.03639196425527484 0.025659572881925066 2.3481121506690306 2.03214499642021 0.04793929223533372 0.03534997712519374 3.1095571032545326 1.7498190735810346 -0.013517431596501248 0.0542730304622199
2.5613771688688733 2.84889700248545 3.1395044544470214 1 -4.010178918246573 -1.3557507531796529 0.00996679976632998 -0.004606798385858625 -4.435425921063507 -1.9716780000877083 0.030268871202596494 0.013248867945132399 0.32200089298286194 -0.6812748953402501 0.0369178448490747 -0.004857664952550153 0.8062634206543784 -1.2621438850967097 0.017115462818302396 0.023773604988495706 2.384601602865991 2.14366615114296 0.01491080544779453 0.005756515982731256 3.172810398422458 1.9084320662392247 -0.008209330825920128 0.025824285520697186
2.540998994326685 2.8264514340713336 3.0983147873019377 1 -3.9066429951823216 -1.2994198271663489 0.019790108981070424 0.019123451298323615 -4.3154330501354625 -1.878054695688705 0.03116603826966612 0.03287262069086987 0.4239164873482828 -0.6302538765102039 0.02407947801003011 -0.000598327875625259 0.9093833597950205 -1.23539656927116 0.0050646852984232785 0.015442065536126388 2.3912339836917997 2.1877722560007613 0.012217238223568759 0.002732556146334536 3.1810932793987376 1.9357250215527921 -0.017134221446815406 -0.006183823735860145
2.4933625607803602 2.7803731962672007 3.0860847367236697 1 -3.790577750421021 -1.1390512224006053 0.016983696086774153 0.02498733914336857 -4.183219756437406 -1.7452726998906458 0.035165729559032216 0.033375958166019834 0.4638054264510343 -0.6001142380242553 0.008109972283572964 -0.006790103667897396 0.971506022150046 -1.2290691875613453 0.0022658209790025266 0.009559756645158828 2.3770279478222376 2.183090161872077 0.002724572830049645 -0.01665118997751918 3.1522388033202597 1.8615329873865 -0.01783556503550368 -0.011031931446605452
2.39755464771436 2.6941054558472515 3.082901348949283 1 -3.7136853672655206 -0.9823272321296493 0.007944345250262531 0.022106183612013046 -4.05704193396779 -1.6289813228446235 0.024711094651218672 0.027164055676635684 0.4520436027552135 -0.6111247976049154 0.0015233719081278255 -0.00973090551340151 0.9973253240014062 -1.2450605185729942 -0.0061340568334782904 -0.0010840363827217293 2.3274585370172263 2.0896211926179804 -0.0012171334024374085 -0.02324793477993784 3.123829785836927 1.7873095688284009 -0.016684068543209543 -0.015522845175552646
2.3310554919543285 2.6943450182559205 3.1339008215376967 1 -3.6736650667843085 -0.7631807381376197 0.012624479378615475 0.04491373767812691 -3.8359398833975265 -1.6148214278332929 0.07314987734327398 0.004942342142430265 0.5823970150460829 -0.4392281717586406 0.026332755456914436 0.029587433120939317 0.6941969720112207 -1.4114043057019816 -0.09568669512352351 -0.016188953715648727 2.203423227079993 1.992502035489217 -0.0388100632309894 -0.014600517000517944 3.0465244934331484 1.639548212706098 -0.009823266848524881 -0.03698279289671713
2.442578239458845 2.8630485734164157 3.1928633504873996 1 -3.6266535970147067 -0.4871476221653225 -0.004504506137098064 0.04194973672288621 -3.6026691537977324 -1.4710765899991725 0.020253804905497615 0.06455219278482235 0.5438042439007837 -0.30067841693090636 -0.052083612357645484 0.03515226462492475 0.37195668255012393 -1.410625045640883 -0.035448391592882794 -0.0038955912217217056 2.017145917022593 1.7685344745441762 -0.038735803155773255 -0.048071264112385215 2.939850243809472 1.2875843024481286 -0.004263472627175063 -0.09812997251595013
2.4597972225135747 2.8613060190071886 3.0777330991893432 1 -3.7054962412466814 -0.24680409987139507 -0.021934258911282645 0.06280335757539784 -3.6685842510494395 -1.1918375854727274 -0.035011608365141736 0.0316379613770575 0.24703778817912614 -0.21425262957270985 -0.07536304622768067 0.02935510357150948 0.1964507282136454 -1.3147221104822873 -0.025927077471419993 0.0007377805284503099 1.9264619554864453 1.4166728909089654 -0.032694377841262445 -0.07331155090482334 2.8337574875049434 0.8363968341772361 -0.005745049423008158 -0.10135398541033727
2.270294082850009 2.7120711976992307 2.9782571870315873 1 -3.8186544032847856 -0.02004632701173925 -0.0340291621521699 0.04694217098365326 -3.804609997496077 -1.0333861451915662 -0.02900404571817384 0.01807064235399434 -0.06136421438016537 -0.14199970626120506 -0.039864708265257294 0.02460115367478281 -0.026357062913460183 -1.235083186227161 -0.06439567975501907 0.008826280384689945 1.797335708030233 1.0287340333279982 -0.03733939546969562 -0.09461811231321339 2.7221488690768867 0.4311646711542567 -0.04177196845037594 -0.08451056694927309
2.244249324195881 2.6553821291033533 2.8521420684863537 1 -3.9709145688537104 0.18559806619487795 -0.02951645865200363 0.037115143419245315 -3.8320536689226214 -0.941634807976988 0.011955573384115056 0.02059597405018463 -0.1914706941891371 -0.06576744153164005 -0.010763395526320043 0.019953771157595446 -0.4584632819245993 -1.1192269532489718 -0.08913332024759174 0.015491042247446218 1.6693745374559876 0.7329327579377225 -0.015835550899367244 -0.04473033650245388 2.575001464068534 0.10454152144625772 -0.031871059191453624 -0.055367795883218864
2.300730766437735 2.643577228601427 2.7524224954755185 1 -4.155265181615229 0.3461779880300764 -0.022967706508138567 0.030657968997241936 -3.8145729141287252 -0.8194055855361676 0.011088996239725766 0.03567898912108152 -0.2956384898763682 -0.04322582958522625 -0.009557617115576447 -0.013922983764313408 -0.8336757395158441 -1.0146549698258658 -0.03423145061390127 0.010048348567038975 1.5940352767634236 0.49561497047395453 0.0020075056353632704 -0.06058941658032358 2.4119904954618665 -0.2066662601294479 -0.05227024186421243 -0.040627244824045644
2.1801912202098177 2.5382956715639744 2.6949196278450875 1 -4.288062165961134 0.4822463298105937 -0.0189225641311647 0.017904098666563267 -3.8435611796199773 -0.6439154575974078 0.004630211031896574 0.04242810903708014 -0.43710608840684184 -0.05472497933818077 -0.02132599467331747 -0.006699457657071818 -1.0405043468758133 -0.9981379196321518 -0.019818833726824393 -0.0008862553019507065 1.4943254780558348 0.24649549528975978 -0.011820162075981034 -0.05769427634858035 2.2674349384327854 -0.49061434801635806 -0.04939968263710793 -0.029162416653926257
2.0640050438334607 2.4038744940931123 2.689865775740308 1 -4.412408660887628 0.5509912839121525 -0.013287762211914793 0.007970365110140324 -3.8574677416032532 -0.48157336666587414 0.007144081299700802 0.03758491953202442 -0.5746210387557653 -0.030885693762532362 -0.027288934667015784 0.007960566839810564 -1.1642364481272214 -0.9773790638385693 -0.03701590892289564 0.018911095664563185 1.3911161183856775 0.04021910779925153 -0.03578237371334323 -0.029891717187066902 2.131938486785222 -0.7242012066434832 -0.01988396339988969 -0.05597502347771103
1.909298159556143 2.121649069700873 2.709241313404456 1 -4.515406389400154 0.5810893324408646 -0.016674653264812107 -0.003506293581842122 -3.87035304414999 -0.3548761892176092 -0.014783505729952521 0.02103574508554021 -0.7107137087950539 0.06808477017107939 -0.03983491422419137 0.029942186093759256 -1.1571915295213717 -0.9822124013530863 -0.011832000360933233 0.00028894828636876835 1.2858034894339871 -0.07226187415255303 0.014189301782733423 0.01086902816606111 1.960933060575882 -0.9298716601556174 -0.030946055536882774 -0.03025846663904378
1.432090446093692 1.6248580890435538 2.7379129272400857 1 -4.591479075634725 0.6040386000723432 -0.023095507823046122 0.002900112425729037 -3.898322891829708 -0.2649435973662412 -0.01928618563076595 0.0015292094867326127 -0.7882955182425122 0.14368534721661974 -0.022485139287736815 0.014759491087604278 -1.2099382622365895 -0.9451933533887197 -0.03774091923545246 0.01895975228348181 1.1981107312453299 -0.06770536144011818 -0.003271776117114468 0.015836897330016635 1.7224744043125346 -1.1081635212727734 -0.035692405926873186 -0.0058766482625100605
1.0756382839214473 1.1962189338389135 2.5759280269249776 1 -4.659268077847777 0.6510878999362331 -0.014071446359853444 0.008308654709197326 -3.9529302630852547 -0.2278149210271646 -0.018212263714285755 0.002166899116320338 -0.836985088642205 0.1951216896059409 -0.014169575663354226 -0.003931978142999395 -1.3680945331871142 -0.8570777673707785 -0.01674281375537585 0.0281893459690761 1.10165463840418 0.02186807497564791 -0.02804470190951824 0.01911361405708379 1.5438049756009162 -1.060004893833867 -0.03779341361389195 0.01676373888503411
0.8844567301955226 0.9172429867382739 2.2952123672039586 1 -4.725499622494993 0.7159818676417726 -0.013753964584462645 0.009222853923306844 -4.018892699530934 -0.21310430804885094 -0.017040815245326885 0.0007537105915430119 -0.9366634473021662 0.2722626226102465 -0.009910100989729909 0.011727974776239745 -1.4843202460226643 -0.7950020903920829 0.001592546024014721 0.0016469935253425408 1.1097336058462144 0.14255594280550588 0.028583698828687217 0.02635324797696871 1.431056550427523 -0.9634159312005548 -0.003347049555395748 0.017434306416199474
0.7313620341501568 0.696939276132784 2.0925612082371607 1 -4.79980889773813 0.7260610893296204 -0.011938146309925821 -0.004499091323033418 -4.047128308874727 -0.17090898343193583 0.007581031040521619 0.020369087296701872 -1.0554408478369783 0.361660518820766 -0.009118406311321683 0.013687053893081723 -1.4899344367449774 -0.7458728569288942 0.014319280343541164 0.012914020918449814 1.1991624591299601 0.22129669026308063 0.04039313147860963 0.019714226515144682 1.3495605105073256 -0.8901360445848695 0.010513339390516909 0.01054083740587794
0.541523219678325 0.44803300540056934 1.9474755308946983 1 -4.884795230441684 0.6932187185158678 -0.017160279344844653 -0.009217048863366979 -4.05283541218902 -0.11936070453379855 -0.008379740681943495 0.002943339637572309 -1.1118114622542619 0.4676413867625613 -0.012892337402596602 0.029892640354670957 -1.4567509278118727 -0.6407171358026051 -0.0011631958771074515 0.028077927791568296 1.3236465762709981 0.29099444278383624 0.03479725694781598 0.01220283005322734 1.3241042419416784 -0.8209147461927252 0.005119162616920216 0.01770877484772488
0.3479278221409393 0.21224991298467907 1.866236105721855 1 -4.942613436363855 0.6815841701751408 -0.00015295391865345815 0.0025148327996702695 -4.06920954152043 -0.07982875090895569 -0.0005313525382764616 0.016573195086012488 -1.0915271649218643 0.620972903642601 -0.0076251281056715315 0.04463608217636774 -1.4063734324455308 -0.469645956335747 -0.004179483639360673 0.03974136968097373 1.4707153467716578 0.3614879803339963 0.014249749785381863 0.012169756312752245 1.3255963507347586 -0.7337296440721237 -0.014285264540646957 0.02396352344602175
0.1971171873156536 0.028292734690700504 1.7693110155403615 -1 -4.963668158060127 0.6956735066395734 0.014024331752199035 0.008001843797295904 -4.096558687997884 -0.05894947411921014 0.0016917493430353733 0.017023454553287187 -1.038427851807577 0.8245129247608163 0.027166093217453682 0.03832916280697349 -1.3311168856107218 -0.2584303918046067 0.032557993313938285 0.04086300646728737 1.6254843848005773 0.4078672573951523 0.0048725517303662876 0.017155628290881336 1.346855796042255 -0.6503883778633361 -0.023851862486833613 0.019686307006016257
0.05460878192176498 0.15950751923938555 1.2771926652072358 1 -5.08797912701113 0.7331339044133711 -0.05005098502805756 0.012476051110290896 -4.257499343450778 0.13932991219610025 -0.044187692171371265 0.053850671700364304 -0.9763418093845111 0.982699576910564 0.026615019770205736 0.010478326608635659 -1.280589245122293 -0.04144592565086991 0.018506039937879054 0.042919853206116104 1.8151923381097221 0.45372520439748265 0.07924088491061397 -0.006351157973087655 1.5796010282735429 -0.508187428430739 0.10013619280261464 0.03369170935002071
0.1320517038635648 0.192957911081823 0.7264113371934849 -1 -5.299962898755909 0.7245547077861376 -0.038105183509502316 -0.013659424824124956 -4.540825985492784 0.3710649445110896 -0.0618911146044274 0.020510953286907604 -0.922163611347075 1.0301467283518928 0.013392040826167975 0.01678122409284572 -1.2639971423818581 0.15477821503850153 0.0022240979232976033 0.022865321660754553 2.3122137100006164 0.4098303199148545 0.123934183290456 -0.008535772325907312 2.0042907590960954 -0.4003602066737716 0.0783087404287932 -0.0061967827521169985
0.27168876110480616 0.18104151339098304 0.3590639856756891 1 -5.459165071608915 0.67111778469176 -0.04269651056583252 -0.006137159544033473 -4.726002069855248 0.4493362643866876 -0.007280583375878331 -0.0042277189358902 -0.845821946250767 1.0675098118485202 0.025132065692574253 0.01884360348275061 -1.1669830060665567 0.3133458267767899 0.026988326816990642 0.023159458270097556 2.824148553456478 0.24300660835292187 0.055010684160582815 -0.07964340891491635 2.4108674127756924 -0.4457109728027254 0.09611701079748465 0.012133467988330295
10.189066 0.33691597 6.5101843 2.4658954 5.8483295 7.4892845 -1.0978125 0.08624911 3.2077196 1.5483434 9.015424 -0.17049956 2.694282 1.4724977 1.9629443 5.513152
10.812128 0.81114006 6.3044434 2.5289164 6.28724 7.659584 -1.3725946 0.48420453 3.2367473 1.5558661 8.677358 -0.10583162 2.7946692 1.4897987 2.0019703 5.566845
10.770275 1.217916 6.1071954 2.5831912 5.97029 7.8882356 -0.59735715 1.1686573 3.6143632 1.6270056 8.91388 -0.25115085 2.8604064 1.536819 2.0055263 5.4097123
10.742622 1.2312436 6.1003237 2.6154325 5.9134135 7.999149 -0.38336712 1.4350873 3.7287426 1.6458112 8.887086 -0.26010442 2.8365562 1.5567427 2.01883 5.406311
10.6290245 0.3779211 6.7644978 3.0370543 5.6471033 8.051326 -0.39034396 3.9743958 5.032957 1.625804 8.071643 -0.15517068 2.0578728 1.611072 2.2788777 5.2107935
10.471628 -0.4441223 7.2726374 3.3437781 5.574482 7.243052 -1.6301713 6.002278 6.1729507 1.5243558 7.2558565 -0.328959 1.0804015 1.5619415 2.4413745 4.3351088
10.6723 0.6018796 6.6724825 2.9671478 5.668526 8.223693 -0.11442971 3.4842465 4.7686386 1.6501042 8.248615 -0.09368181 2.2973015 1.6283449 2.244364 5.4489365
10.577532 -0.34365892 7.3857327 3.3684716 5.607499 7.1260643 -1.5738249 6.257881 5.97589 1.5293908 7.179628 -0.2327404 1.0865952 1.5671632 2.4471378 4.3731604
11.235275 1.1256878 7.3178344 3.1580758 5.939493 7.332285 0.18553966 5.4576006 3.3825772 1.6620715 7.753646 0.43914557 2.073656 1.609915 2.2676754 5.3189135
11.273079 1.6665533 7.5302486 3.3132515 6.174779 6.8665338 -0.047343314 6.1588097 3.181282 1.6216274 7.6990294 0.6099826 1.6262319 1.5447221 2.3242688 4.923711
11.172095 1.5029743 7.599145 3.3784792 6.157037 6.711987 -0.4106015 6.4641414 3.5869823 1.588911 7.608763 0.5223341 1.3641474 1.5236816 2.3641603 4.670974
10.846039 1.0719094 7.712532 3.597401 6.108692 6.4175277 -1.3126252 7.284934 4.8424416 1.5067147 7.2242427 0.30039525 0.5848628 1.4763871 2.5025847 4.0015817
10.793596 0.17147684 7.2818956 3.4689422 5.6824403 7.765691 -0.0029543042 7.078149 5.227227 1.6545978 7.064113 0.17520523 1.3964251 1.6806769 2.4701974 4.9916806
11.353348 0.23060894 7.091076 3.0682828 4.9081745 8.005999 1.9577951 5.376899 3.89704 1.786415 8.4832535 0.37781155 2.7644596 1.7808125 2.256608 6.072047
10.948303 -1.6882434 3.9705853 2.9245772 2.891304 7.7181163 5.0368285 2.9758673 5.360394 1.8784454 8.941726 1.4480765 3.3118572 2.014557 2.349372 5.8588886
11.308811 2.9427924 1.2155659 2.8688426 2.3378818 5.1361537 3.7952294 1.377013 1.8307493 1.6937485 8.412021 2.0669389 3.020676 1.504195 2.1428568 3.221056
11.065295 1.9832802 1.0591884 2.8171942 2.1809728 5.3538666 3.9495025 1.1959306 2.4029627 1.7179824 8.633987 2.0411415 3.1659174 1.5895972 2.115147 3.720899
10.241015 2.4122052 0.8576181 2.93836 2.962557 5.5751047 4.8449993 1.1343484 2.3037412 1.670136 11.056454 2.6362538 2.7772694 1.5520519 2.1173759 4.30222
10.461814 3.1484673 1.0757234 3.017906 3.2355285 5.426049 5.0181265 1.3072011 1.7528071 1.6585708 10.963377 2.9011483 2.5409896 1.4974974 2.1418822 4.131271
11.182091 3.8005342 1.3424815 2.8655818 2.5505054 5.2479033 3.5989394 1.6562421 1.4287572 1.6342227 9.295053 1.8818781 2.9151073 1.37904 2.140515 2.648789
11.373152 4.113065 1.4303854 2.8539612 2.4242015 5.1273437 3.3155725 1.7259525 1.2908945 1.6321964 8.734277 1.7047371 2.9758992 1.3529574 2.155281 2.275978
11.26948 3.7538917 1.445358 2.8065796 2.3205295 5.3251 3.2795904 1.7426549 1.5290504 1.6306746 8.937646 1.5558548 3.067977 1.3647857 2.1388357 2.3177686
11.043947 3.8348007 1.8533981 2.7263098 2.599677 6.1012697 3.4632888 2.3363957 1.3771247 1.5523566 10.740665 1.3207055 2.956467 1.2356594 2.0943446 1.973136
10.694398 3.2287257 1.9079604 2.667516 2.939956 6.5595765 3.6490483 2.2948956 1.4498177 1.5040588 11.869808 1.3389316 2.8314455 1.2079166 2.0494795 2.1703405
11.892706 2.6540534 1.9426932 2.7218933 1.7998066 5.436602 3.2750714 1.9185634 1.8149467 1.6994369 7.0812936 1.4501401 3.2998748 1.4723386 2.1283937 2.4786663
11.608904 1.8034706 2.0026202 2.5747852 1.8600707 5.6570477 3.1165912 1.920641 2.0937762 1.6513188 7.6440716 1.1589437 3.4815278 1.4660149 2.0696356 2.4506197
11.554712 1.2031317 2.06777 2.4889386 2.0860465 5.7860417 2.9137037 1.7809383 1.9439052 1.6053855 8.220837 1.1164353 3.3952289 1.4299203 2.0079474 2.483377
11.64717 1.7113776 2.138947 2.531097 2.1747572 5.5369105 2.9316313 1.8399225 1.6802942 1.6014545 8.059851 1.2245637 3.3390489 1.4069504 2.0275707 2.3355317
11.613668 2.986394 2.2572672 2.6474721 2.2723236 5.4858274 2.9696608 2.236493 1.3477814 1.6034191 7.080602 1.2032272 3.2591515 1.359033 2.089177 1.9662843
10.916926 4.521509 2.538704 2.7636528 2.7721992 6.196238 3.037319 3.226298 0.8947091 1.5479045 6.356668 0.9962182 3.0371938 1.233274 2.0796785 1.8040848
10.343523 5.5860987 2.94279 2.8245535 3.3428998 6.935996 3.4030895 4.0557823 0.56131 1.4798312 6.6024814 0.9048953 2.8233433 1.1133912 2.079506 1.60846
10.962849 5.60275 3.4697244 2.9617753 3.4333522 7.046055 4.548546 4.250954 0.61163706 1.5447781 6.296352 1.4563367 2.613002 1.189464 2.236459 1.5914798
11.496647 5.0200415 4.4468155 2.9024734 3.814345 6.6825833 4.7089753 4.265303 0.4508701 1.521759 8.464936 1.6780317 2.497649 1.1733494 2.2843645 1.3959064
10.773156 4.6528754 3.1821423 2.6547465 3.5468185 5.498947 3.3224387 2.5608575 0.352571 1.4402033 10.31874 1.4673808 2.8158765 1.1055121 2.1128747 1.2150211
6.1117225 4.7742186 4.7563725 2.7223215 2.957698 4.5762973 1.9836476 3.2908921 -0.5976855 1.5114533 12.020359 1.695164 2.4227557 1.0794846 2.0393367 1.7439356
4.847245 5.2218266 4.409207 2.7059448 2.667284 4.0972567 1.8026006 3.0593848 -0.60749483 1.5080717 12.09732 1.6971091 2.5854313 1.0746735 2.017879 1.6790771
5.489358 5.624426 3.4151745 2.630853 2.548732 3.4812496 1.3812451 2.6141105 -0.5643333 1.4587153 12.160218 1.4545634 2.916243 1.0383724 1.9471307 1.4251566
7.717041 5.808425 2.537231 2.5555902 2.7726176 3.2489817 0.8957039 2.3726287 -0.5485575 1.3939811 12.040125 1.0782355 3.1643572 0.98407507 1.8680143 1.1734357
4.208763 5.9018216 3.21008 2.7097445 2.274008 4.0604696 2.0206025 2.4727857 0.08493614 1.4998723 12.556593 1.495388 2.9262748 1.086249 2.0226912 1.6411123
3.3511958 6.220296 3.4690351 2.741395 2.0926976 4.0402045 2.1587813 2.6537592 0.11450529 1.5247136 12.600157 1.5673244 2.941259 1.0968922 2.0424185 1.7106495
1.177315 8.414793 4.2176437 2.7829957 1.7165861 3.841568 1.8884581 3.5620809 -0.12915018 1.5390077 12.429911 1.378648 3.20276 1.0142483 1.9975368 1.7277412
-0.18609905 10.198895 4.601814 2.7883549 1.7792921 4.1444917 1.4888487 4.042298 -0.32109243 1.5063984 11.87804 1.0477227 3.3349442 0.9056964 1.93718 1.6958885
-0.75793934 11.120441 4.7369375 2.7823288 1.8878195 4.4030476 1.3503517 4.069185 -0.32457763 1.4869592 11.526126 0.8948078 3.4069927 0.85422325 1.9200892 1.66366
-0.8725786 11.311858 4.7569227 2.781293 1.9249194 4.485985 1.3397737 4.0448384 -0.30471653 1.4833049 11.441165 0.8700944 3.4198072 0.845292 1.9199865 1.6599889
-1.0264597 11.530819 4.782784 2.7823606 1.9719563 4.5960298 1.3498712 4.010032 -0.269615 1.480884 11.334578 0.8555093 3.4313996 0.8380562 1.924205 1.6599708
-1.21068 12.808632 5.555279 2.8401682 1.7121172 4.987998 2.0921597 4.200189 -0.42727703 1.4695824 7.5655446 1.3181307 3.0397792 0.891168 2.0369902 2.1536212
-1.0837517 13.221832 5.2093496 2.9176846 2.0481493 5.748335 1.8848329 4.0134945 -0.3640648 1.5069196 5.0768642 1.5249571 2.8416004 0.96038723 2.0988088 2.4685664
-1.0535636 13.238371 5.1932135 2.9267285 2.078936 5.77281 1.9047949 4.023515 -0.3462193 1.5139513 4.9578633 1.5316174 2.8623376 0.96637034 2.1068418 2.4400454
-0.025906086 13.014116 5.750697 3.1829681 2.1208692 4.9798226 2.8011317 5.281049 -0.35399878 1.7121093 3.0844846 1.8278031 3.2781258 1.1400595 2.2798748 1.9224973
-1.6592398 13.413582 4.5667286 3.2413008 4.0753613 7.9324813 2.3582606 4.974231 0.24644667 1.6320108 3.4904609 1.7796373 2.6791465 1.1093451 2.3394535 2.3810334
-2.0810013 13.187222 3.7620618 3.3848042 4.682932 10.40397 2.0494666 6.065907 -0.07997203 1.5594324 -0.48568726 2.2127604 1.4294952 1.1806302 2.3626904 3.7773724
-1.8987403 13.349398 1.0221535 2.3368888 1.016964 12.609279 1.3827202 3.5645704 -0.838655 0.7587844 -0.4607191 0.75835335 1.3080276 0.445611 1.6690826 3.115654
-1.4141941 12.249585 1.2291191 2.473656 0.93225574 12.619021 2.700387 5.6803837 -0.31832567 0.8966787 -0.1430111 0.8707316 1.543643 0.6438104 1.7345881 3.4895954
0.30837584 3.3625364 1.0954565 1.7495903 0.8220434 13.651826 3.016332 5.298293 1.1833701 0.90159047 0.49510288 0.114438534 2.2750874 0.95489573 1.5206441 3.6208901
1.2938952 -0.32402468 1.7181826 1.6602702 0.19991493 13.598931 3.7925622 5.968837 1.2871925 0.9064224 1.9915228 0.606128 2.0124533 1.0803572 1.5774903 3.5709596
0.05630827 -3.6228843 3.194974 1.6480956 0.61168146 13.112248 9.480762 4.237937 0.7116075 1.0689069 3.902423 2.5397055 0.3776753 1.3883566 1.6212662 8.089961
0.08761835 -2.250143 2.6281724 1.5515101 1.1788197 13.606045 8.465787 4.212427 1.0737807 1.0175984 4.488116 2.0400903 0.8447873 1.2976395 1.5101222 7.611418
-0.40859842 0.1502924 1.3324876 1.2090524 1.5463114 13.984365 4.9478254 1.8971894 1.6246405 0.75945485 5.5281086 1.8929898 0.73793787 1.1322861 1.1434829 8.560861
-1.1761241 -1.3697233 2.347003 0.84276044 2.5065548 12.075325 9.617595 -2.0978215 2.092199 1.0254484 9.030235 2.8423765 -0.1458574 1.5275657 1.242774 12.608017
-2.3871055 0.15975046 1.9277116 0.7930703 2.8026066 12.642905 8.048051 -1.2354546 2.0086164 0.8442724 9.96122 2.2862911 -0.3567924 1.3547689 1.0044016 13.072796
-2.0684853 3.5077882 2.754265 0.8425704 -0.5905628 12.552143 9.300425 2.4320161 3.4857435 0.6806723 13.291367 1.8356676 0.023585856 1.0871063 0.89987504 12.563324
-2.1189046 5.235862 4.6395864 1.0951871 -0.41048574 5.235585 10.144087 -2.57057 -1.8372579 0.6616385 14.474192 2.2892995 -1.5400051 0.7529979 1.1590868 11.897083
-0.4534502 5.8945036 7.600568 1.4390521 -0.85662746 4.9769907 10.416227 -0.6568408 -1.0488951 0.8326659 15.704933 2.2316012 -1.7592643 0.83720076 1.3997685 12.176134
-1.6579823 4.7138042 2.7632093 1.3818784 -0.48242855 3.1453693 5.0945463 -0.35695815 -2.1457806 0.59711003 14.146059 1.0224917 -3.0963888 0.8462328 1.2908355 11.348265
0
0
0
0
0
0
0
0
0
0
0
0
0
0
0
0
2
2
2
2
0
0
0
0
0
0
0
0
0
0
0
0
0
0
0
0
10
10
10
10
10
10
10
10
1
1
1
1
1
1
1
1
5
5
5
5
5
5
5
5
10
10
10
10
