58
1.87666165877837 1.9241134860472986 6.040993295808231 1 -4.27 0.3899999999999999 0.0 0.0 -3.69 -0.42000000000000004 0.0 0.0 -1.0099999999999998 2.71 0.0 0.0 -0.4299999999999997 1.9 0.0 0.0 1.4400000000000004 4.45 0.0 0.0 2.0199999999999996 3.6399999999999997 0.0 0.0
1.7839703399890356 2.0297902519142372 6.016333043932198 1 -4.209115496679171 0.43245335852539446 0.03265298067722587 0.018829282938833153 -3.698196239813347 -0.45417905835824135 0.004251280066990876 -0.01399975450612629 -1.012043624962644 2.708557456248902 0.0007157705624125281 -0.00477530176440309 -0.4305084397992429 1.896001830442367 -0.003729745782914757 0.001733261391308194 1.3751930115840603 4.375364792692007 -0.02659648414071627 -0.033991734192241455 2.0162447199624642 3.561439637325287 -0.008625206378553012 -0.03190673855471918
1.8478922334792434 2.206797449138364 5.875199813857189 1 -4.066255402739363 0.4373020375772878 0.024408563141413174 -0.012300127461282478 -3.6915960115202275 -0.5416256722311941 0.009816999701072948 -0.01573811870002914 -1.062060276458014 2.6997669156784596 -0.016176954965662318 -0.006166541404889307 -0.45009180350333455 1.8516431749318172 -0.010087210482561053 -0.013604126416050516 1.2305810294534574 4.156636778057873 -0.019878410135989986 -0.05651723070270859 1.9465761383513023 3.2913135831767333 -0.022589765517449293 -0.06637117437438919
1.9791950301061778 2.2897650425839835 5.607698049349793 1 -4.04619371827094 0.3378246039436055 -0.004859336033350993 -0.01506553593515243 -3.6652740792687335 -0.5953919876332185 0.012449427123074636 -0.0067013059354420305 -1.1738732295364884 2.6577673550284375 -0.000952965719225091 -0.004295441536793139 -0.5302469910006637 1.7399285755815166 -0.006110446989977959 -0.008030088864918957 1.1648831739333536 3.875496820625594 -0.03859174733252893 -0.07549175502988642 1.8021826750395622 2.916102022316541 -0.06660535849251548 -0.09295847506980474
1.9446980700966268 2.2156091071483375 5.412162170234612 1 -4.1306349873899215 0.27338723490801375 -0.01502356925848048 -0.006119290981589601 -3.6340284798412146 -0.6354754786624672 0.007816928913513826 -0.011082358541095343 -1.3089284118228086 2.558336455723996 -0.012930107614034046 -0.01787370348483857 -0.6879515638732108 1.5906074482185222 -0.021625596488357355 -0.01874200048441875 1.0960689923278295 3.6213740500469935 -0.04805840577174376 -0.07327699287967296 1.6250616786446974 2.585436621012373 -0.057334006211104266 -0.06477902289229027
1.7573424749638067 2.087929698408806 5.281059735049409 1 -4.193092890283061 0.24348396774723957 0.007757211042201845 -0.004855309904251426 -3.634684518925532 -0.7411235485650918 -0.0010095082001727324 -0.01927792746844822 -1.4682411253814198 2.4197351793524926 -0.024074962821235116 -0.022466945218331646 -0.868735162278774 1.4353205624693306 -0.0222955397446248 -0.02570843502427916 0.9887215399370994 3.3712268470076223 -0.03364521014988937 -0.05589172771049253 1.5108218454727966 2.354854777299072 -0.031159567368151377 -0.04202171662180699
1.7074664346658377 2.039610437208417 5.133093214180615 1 -4.170522761818142 0.2137880521867188 -0.006324243549900669 -0.016007001965944043 -3.677551977722972 -0.9114311980072709 -0.022558862820327392 -0.040729432896641216 -1.605382303602969 2.2689798427195416 -0.0085365591610267 -0.03620508884966851 -1.0169141935196535 1.2735609462349164 -0.022738991349910923 -0.021488956541376718 0.8858622562619489 3.1701170010366218 -0.03684749973527603 -0.046973133772229385 1.4323797720173719 2.1884116776996834 -0.0333535999433124 -0.03960867076725821
1.7904851530151824 2.0561318589403488 5.00484282522994 1 -4.13373467329903 0.13189058923068164 -0.00771380469972854 -0.024417444411429345 -3.695032464983492 -1.071119297367502 0.001454316904205619 -0.03443392745856396 -1.6431229134348029 2.1433236716836936 -0.0020368573989186373 -0.018381090028540416 -1.084264314851004 1.1088721009430205 -0.003999841480531771 -0.035893990048066246 0.8331947951580219 3.02029573761999 -0.03082804189759611 -0.041255397339786254 1.3560006213128242 2.0418332440402858 -0.03837094936786379 -0.04350254118219704
1.793042307930843 2.057412526380295 4.952117043676657 1 -4.10301761942741 0.021206227750685702 0.01783395251882419 -0.019286931277292113 -3.6670513492721035 -1.171001129072931 0.014248300665382003 -0.008053506767493605 -1.610165948769077 2.0408560884730162 0.002473242605363673 -0.014965681945487912 -1.0675057812988311 0.9757396066208297 0.008780633525223298 -0.02842777134558207 0.8258393412397131 2.9111973263419797 0.015558026389917542 -0.007129838055166695 1.326271865662508 1.9022358629722151 0.020009147321087217 -0.01843289511629574
1.782318349613554 2.081868034265552 4.934813065563137 1 -4.058216894161669 -0.04501924654689626 -0.01950234182756212 -0.018786912573087088 -3.6766483568296735 -1.2121408660050828 -0.028295194557660393 -0.007652052437270903 -1.5614807632928152 1.9549745707003958 -0.006785870182449496 -0.026015629587916426 -0.9920123579974938 0.89595800468718 -0.0015107091172192107 -0.02109799052862759 0.8193181932487059 2.825427213109702 0.020610499343954616 -0.0014452613680612453 1.3841443697538018 1.8267249291679848 0.03637229059458465 0.0025998297451092244
1.8897134148043078 2.198313679993125 4.86506020039135 1 -4.004308825198271 -0.05421716633091689 0.005096274335999421 -1.2005299982223352e-05 -3.730992931210364 -1.2241041438214089 -0.01702583955908935 -0.00125282932998854 -1.4991482438897137 1.8823754998603381 0.03284168252867753 -0.02323299301208605 -0.8987739824713294 0.8468770201816467 0.022016719481448982 0.008376898563058637 0.8607297646423593 2.778638585759435 -0.010158907423306402 -0.020225782625286258 1.4987146278532562 1.828981178899931 0.005347655887941685 -0.011583355418865009
2.0119489796509114 2.3260020365463983 4.815205637309704 1 -3.958926597002212 -0.055430541893866425 0.003922385578533263 -0.004043506447488207 -3.7794387091922315 -1.2308368143558426 -0.010794314574725931 0.0011475460407104378 -1.381603633805084 1.8046906369942008 0.04221466479203511 -0.006662877159335509 -0.7901333783209865 0.7934229651592559 0.04385241726296418 -0.004627399401674131 0.9614745834424321 2.772921929891018 0.0038304148681205345 -0.021681578155126828 1.6296584491376898 1.8661796014893692 0.0038843174047416204 0.0005511027603679458
2.089140492709056 2.4215955690964894 4.774961291251318 1 -3.9254959281569133 -0.07302901628521619 0.017904952760021797 -0.007910866927546839 -3.801860763539481 -1.2393827548729566 0.004738194897183944 0.004437300753750075 -1.2416556921145299 1.6906101608023936 0.019297874791187546 -0.019826706236173854 -0.6595251848157955 0.7070687459491998 0.030296992885502486 -0.030194824640949795 1.0807146032963235 2.7906711428353783 0.01431151069358835 0.010685826653731875 1.7828174101743457 1.9264709481284603 0.03717638432236525 0.004651699121896285
2.1420838361783474 2.505725666492727 4.7776395213535245 1 -3.897167604192428 -0.10305645004304864 0.014714449573706344 -0.013990748445950385 -3.8131200837711874 -1.2478029878950043 0.0028858706602977284 0.012003853798159323 -1.0976737870832296 1.5469411043318373 0.04416825906179394 -0.019147075660995463 -0.4974415329671622 0.6070141539558602 0.05138207452330523 -0.010182180584431648 1.1617915078563081 2.8183075194686853 0.03189287753011726 0.0264390643334961 1.925919053729122 2.0249157355209757 0.041089248141083105 0.03992613162334275
2.204785255005376 2.596989110309761 4.7839168571777755 1 -3.8657124122143496 -0.12113113293951627 0.012828118221276521 0.00018333410083417462 -3.822393189058272 -1.2463210883047284 0.0034902538075559826 0.0008890207002256621 -0.9548915908828381 1.4059930194552668 0.006914080128392706 -0.03178586237678925 -0.334181076656348 0.49590353313563806 0.016735244485304897 -0.0423374837031203 1.1927784655310276 2.8393165465742487 0.02920001449884974 0.02474445863999614 2.0288137110278797 2.11526549574679 0.030051312557594287 0.037610379937214625
2.25586803248786 2.6262536191728576 4.702379467688592 1 -3.838139013478232 -0.11496194347488387 0.014250256721613154 0.0010710602092401233 -3.8238043848120657 -1.221455483281681 0.008163870489008762 0.010005916718553418 -0.8114952903125907 1.2832665233654037 0.03621497316683816 -0.02205776013392787 -0.20190596652691006 0.3747761789013728 0.026520791757354382 -0.01699309669540626 1.233023678330941 2.833770897002688 0.025045145403697355 -0.00852415728178323 2.0824795589217935 2.1282910940087367 -0.001457235843882198 0.013579604408132818
2.1848947814054434 2.5749200163355703 4.600420384623024 1 -3.825276487776144 -0.09342916307398152 0.00913091267960449 0.005602038000471701 -3.8150302736995805 -1.1838332228088098 0.008590381811034054 0.005661931328191621 -0.7012075720906994 1.1688514060339892 0.00035520182536131865 -0.028670374481056714 -0.11455106877074517 0.2472363833329152 0.0022583484735869 -0.0368752661468033 1.2613278003684076 2.7843829860027323 0.013993091635235235 0.0024454780845333517 2.1145648287690895 2.0722120904815062 0.01980238773471475 0.001362679980538517
2.180841084548651 2.576384352066476 4.483599076577143 1 -3.8205378462252266 -0.07610960653780752 0.0003670713457270408 0.006206847199692684 -3.8066347388172628 -1.1565178258575888 0.0012131279875778078 -0.003062971333890916 -0.6430483494554116 1.0593690545822456 0.02105910657994732 -0.012221584242789726 -0.0610574007205269 0.13003207224185398 0.021083258177542464 -0.014015574589419731 1.2566905962858739 2.68204988061144 0.018178624772567147 -0.0009918788819887787 2.1448870318092306 2.0200732086721334 0.017290413721631457 0.014127862475195018
2.3011865688949458 2.6673476907766807 4.379906376879139 1 -3.8199564142863043 -0.07766441942296232 -0.003703856569634117 0.002663997623856435 -3.81197364076512 -1.1607352261509618 -0.0048706953411705375 -0.011250007789274596 -0.6253538620182391 0.9549690678095795 -0.008978167427234772 -0.02398128079154242 -0.040437485784390326 0.022372477252889933 -0.006728770025244352 -0.029825187437099117 1.2636069625032489 2.567509905895432 0.023240241716609236 -0.0206129067346168 2.170546604887117 1.955418301975568 -0.0030461778660092025 0.0039697073559546
2.364042670356243 2.7265848806084807 4.2938197088200205 1 -3.8203017227096745 -0.10173294853142922 -0.016564975744336484 -0.005500407453869902 -3.830480430987379 -1.1967547326891046 -0.018374544727630157 -0.009431070008929225 -0.6042847798415787 0.8636978943206091 0.023312023666823087 -0.009032504661206916 -0.048899737608967264 -0.07921033029676416 0.009394137951354421 -0.008014583987128027 1.2983588575068499 2.4714421981237877 0.01716580816586423 -0.007904660839820825 2.2031723586747827 1.8711585930054646 0.00908912289182422 -0.0013499560883751607
2.365411736365507 2.755094470349583 4.212013417466838 1 -3.817503401071508 -0.13987877860569198 0.007501010287901105 -0.018406464972426526 -3.856709139277771 -1.2467407535039217 -0.0009552420750164638 0.0026448731542237525 -0.5864188700529911 0.789530066240004 -0.008640964343078943 -0.011236221298324005 -0.07511242819195729 -0.17246416881612758 -0.007791811797288058 -0.02662853768529846 1.294096724684648 2.3632990524445985 -0.009434451688355577 -0.036879111002939405 2.222442835714099 1.7926515061900883 -0.00847131959569369 -0.021351358137122987
2.561560631576759 2.8708615655225747 4.049144935041449 1 -3.864911038903008 -0.2821613924156068 -0.008834033162161402 -0.026188920514503267 -3.831835447211041 -1.3890843678240765 0.0026332282602873017 -0.05107691273133756 -0.5360951013527013 0.6515815951410164 0.038462974737720784 -0.03234765214754496 -0.0584077320230314 -0.2976892725580861 0.024316316207038374 -0.01974411819939668 1.4954133689248312 2.2707760776827666 0.06751549732861428 0.003461641929211591 2.329694248335808 1.7508127096505413 0.053909257975688234 0.01103125970362791
2.6309359922027027 2.903040238728588 3.8461713271053553 1 -3.8092567113278237 -0.5168048358952493 0.008497426209198659 -0.05661658048084539 -3.9520745353013433 -1.5326907553948024 -0.05512766987176081 -0.02313760067602675 -0.3441228804006329 0.467106563016358 0.048860732641561155 -0.04320789907741865 0.06640056614199707 -0.42307323521274864 0.030202960104346192 -0.0131710988908736 1.8398462431324383 2.3093030296683676 0.08233478519549106 0.007428388516421362 2.6310529696296507 1.9570825153827176 0.03822701993159816 0.07381739244022338
2.669812862527216 2.9673932227981843 3.7030311800448157 1 -3.787656093076813 -0.8239486775705567 -0.009858037985115536 -0.053193327611340484 -4.15308512645376 -1.6774208252925797 -0.02213531517591287 -0.04271412977389428 -0.028525040355477316 0.3392467728180186 0.05791167767675873 -0.0004536936020530097 0.3563612927845261 -0.46775056176201113 0.07949456895826014 -0.02343387415683584 2.1009244709503614 2.4405827693562037 0.015478183416354919 0.04141134409268485 2.9310391831711406 2.260667766043379 0.08304804370598999 0.04074995094416722
2.759946674847397 3.0651255087686953 3.480504381023507 1 -3.8722102189408636 -1.0498850890170721 -0.007949750357257056 -0.018280974166442827 -4.163335312276761 -1.834580950302867 0.00018544367456727485 -0.038614648316480545 0.2974882925581923 0.27034711696654434 0.04502705915249132 0.016926554092918242 0.7034164237613725 -0.45094898795073457 0.07669637720182582 -0.022492015408929082 2.270397111171876 2.6201676588894145 -0.0031571788849760855 0.033109995876196174 3.117479733880045 2.453050832777909 0.06319719233654708 0.028832973498401
2.7941816123214576 3.098681023211361 3.3320774310845382 1 -3.8604861060366953 -1.1339376433890003 0.017262304388413644 0.016997439752680123 -4.114992009552844 -1.8461531408645917 -0.0013989447720411325 -0.004434646369178364 0.5390218521248205 0.2536310281395011 0.02228204799301084 0.026055741491182623 0.9590042059616817 -0.42761543332935437 0.055307799977629676 -0.026736608536820954 2.375702474320618 2.712854145520224 -0.009932380896436385 0.014266381756031607 3.235076923139033 2.6273475475013948 0.05447806776821676 0.027534145710544276
2.8615468449082404 3.1225824668212407 3.266449355264455 1 -3.763325720550549 -1.0491082268700158 0.027030930220788937 0.051742408875800346 -4.0477314407898435 -1.7102447709661384 0.00706040476208313 0.010103546083484943 0.6833894394829114 0.2502947309278929 0.004805632966453116 0.02336467953126498 1.1125703686459048 -0.4268875120814154 0.04201126852913884 -0.030855047846195204 2.4631353906182083 2.7842053711111654 -0.014139936891743074 0.01858894323776839 3.3166057715006643 2.716206905467703 0.04857210038442222 0.0013347444475684538
2.908388246821737 3.0837314720231386 3.2431158405062206 1 -3.6751173350866666 -0.8594673030060176 0.016382349877121286 0.061466483876935 -3.921380030583153 -1.5428096769557742 0.016825877958487806 0.009050434191427224 0.7551688707677995 0.22572505161320966 -0.00899470476187629 0.016658491350126134 1.2142304445460184 -0.4417681558490888 0.033902136392644604 -0.0314297923285959 2.5214115513035678 2.8291881188437675 -0.022300650559598345 0.0006982949340916054 3.3656011100630714 2.715396619149714 0.04342735861057262 -0.004385885615497213
2.9124601112732047 3.077813720230539 3.2402877455975885 1 -3.635690465642144 -0.6800433249827018 0.010476170615875238 0.051664246233919776 -3.8044297291146 -1.3902100579109589 0.005364654418979294 0.0051933765326503106 0.7743039447638269 0.1829458067725871 -0.014861347517716538 0.012969852969594669 1.2677917890831738 -0.47454797584206754 0.022881360101282035 -0.0349417921360684 2.5459585685646164 2.7868160733706095 -0.026660385633023902 -0.00689727056319344 3.3929459820728347 2.7015639053879994 0.03990046323107587 -0.01368077053719282
2.928905667470001 3.0558979967656033 3.232709524017961 1 -3.6036525343223427 -0.5541781753009611 0.007581674092539083 0.042665667942119324 -3.7714357490967427 -1.2704750445775068 -0.00815888975375311 -0.001584668072446626 0.7810102999323645 0.13610793483761374 -0.015912644929313956 0.009943126108700722 1.2707011319680692 -0.5367189502829814 0.01453406403597887 -0.039061778403780556 2.553923089675692 2.7437470078576234 -0.02798643409214771 -0.0060673372877891344 3.4004961011909467 2.6073421256803018 0.03384870388035249 -0.030905107179024702
2.905899219926209 3.0739874275183414 3.2080452233407226 1 -3.5999086044341606 -0.4583746052003148 -0.0032553638156346946 0.036112018574466234 -3.771458020621972 -1.2008235428930913 -0.005209676908325297 -0.010362264168687447 0.7606528324552162 0.07004265270583487 -0.023993778137930806 0.003534245166538698 1.2476069305271844 -0.6141740137101237 0.010126201859229482 -0.03986024111878255 2.5469637212748486 2.653611808980519 -0.030021473868382137 -0.020786629072774006 3.3932927422094608 2.4844217096154275 0.031891237075968346 -0.028852569110171283
2.8662690460576665 3.106263074724317 3.170433886735571 1 -3.635959400509487 -0.3944722178813108 -0.006772930338874536 0.026756077849120263 -3.757553027772156 -1.1772238922936826 -0.003916088182403873 -0.016021984454222593 0.7075378053325734 -0.013390417813724853 -0.02428082162653605 0.0029771774724492283 1.1979125020328967 -0.7046696486107076 0.0012002069819437647 -0.044148548746422545 2.532046343400035 2.5232532437929587 -0.029942475889548265 -0.01844769250491552 3.3804490983792634 2.358455139211287 0.02914783883438186 -0.03770715126098983
2.8273747012141848 3.1407475837436922 3.126276710105223 1 -3.6537238484905217 -0.3664478944579651 -0.0019403095976683975 0.01934206082027788 -3.765740392769812 -1.1750535945032172 -0.012124580203211572 -0.015131039532063125 0.6643684474917695 -0.08678698010093433 -0.021100006349500298 0.00427778770494394 1.11030584941905 -0.8160439938684453 -0.005008543305376394 -0.04597161800286668 2.5152163925527624 2.406726382009954 -0.031016176291526386 -0.019945316747353267 3.353124420275207 2.1856637880283345 0.026354168206404602 -0.043571825660614134
2.760251522425461 3.0716732359014682 3.079370471792117 1 -3.6514179802839464 -0.35389518530452657 -0.0012565202172310807 0.01695215851845947 -3.791395107055111 -1.179455547606807 -0.008015192931274307 -0.016518818983996736 0.6116059270581218 -0.1647730571774484 -0.023695208168399477 0.0010027297335569764 1.029249010724616 -0.9218050843202602 -0.0007279128090236456 -0.04281761020319713 2.4888691879809146 2.2539619096850574 -0.03249855258149549 -0.02671713432762469 3.326024740881784 2.0228395997461863 0.02753018805957904 -0.039606293748355934
2.692362666755579 3.0085520655762488 3.027769311565207 1 -3.668375610749184 -0.3512572325314527 -0.005918268654282962 0.011785282961689538 -3.7956419427509953 -1.1954362405953032 -0.005675791292254708 -0.016373532134338155 0.560443528386581 -0.25015279001028534 -0.016228087739604227 0.001448058451858105 0.9711993302338024 -1.0216445953282345 -0.00045896004785345775 -0.043448482441855014 2.464196339880494 2.101190457765834 -0.029891747215864056 -0.0199322240285761 3.30166916494309 1.8592412189221346 0.025668919298740468 -0.0443497344055324
2.6234532187690514 2.943628813870731 2.9758344126087986 1 -3.674923621678211 -0.3657974058228163 -0.007136279263410544 -0.001829714215211992 -3.806493935561896 -1.216810738172406 -0.014280606703044471 -0.0038305152323823612 0.5462212326148288 -0.3297772770906905 -0.010041726027716111 0.001615827904158899 0.9167001847760146 -1.1295821304625155 0.0018699853110832236 -0.04441482905535254 2.4478602791335176 1.9684893313688603 -0.028150578407539407 -0.020725205206013727 3.2798636394559972 1.6866632492401115 0.027018986842806878 -0.04078587580069363
2.548208604776262 2.873868779942665 2.910978453061047 1 -3.659123458186227 -0.39292799291614655 0.002784058485634488 -0.020853373648313103 -3.831489137213108 -1.2343792815083359 0.0025432629030594633 0.010367112755085728 0.5384057672473546 -0.4258623877250257 -0.011740688581526748 -0.006561525095394319 0.8982711694769492 -1.236873230853047 0.00790372414333584 -0.04305649153357991 2.439066673653631 1.823841935074344 -0.025407343224128 -0.02039639554649711 3.275742102285296 1.5476893663946458 0.029653719391314462 -0.03491406802282875
2.4916913226557935 2.879224394206513 2.9268904491283343 -1 -3.6861245556708133 -0.3789548000857884 -0.0063251035507505375 0.01807029428570287 -3.7382173766865114 -1.292925685639844 0.04402224402249667 -0.01843789567152574 0.6744728612283035 -0.3653539411302158 0.028312313642558033 0.02140741150246281 0.6134011584772301 -1.3448016586067246 -0.07481469779703238 -0.0011851116893278578 2.3399656678790715 1.7148455281551493 -0.01460998845748624 -0.035856582622491674 3.216890397228023 1.407583631551196 -0.04339077710596079 -0.028240226954213347
2.584393952692959 3.0354680981195767 2.9167756112002095 1 -3.6995446993091776 -0.2814486995828087 -0.003901840338258717 -0.0016394356246945737 -3.5617724055200175 -1.270676314358192 0.01580103850928668 0.04129874345447911 0.6257973088031807 -0.24622744882338743 -0.031062556040044022 0.013344615891369144 0.3346493765568743 -1.2914010054237415 -0.03538807723671856 0.030946833974179265 2.1758324984918698 1.5320636073942717 -0.003382401531553395 -0.050646698968816274 3.1350608620776654 1.1231140580415455 -0.03809371975300227 -0.058233863668993815
2.6003342347613865 3.024429780889182 2.876983213860949 1 -3.725845523098923 -0.18438106012501432 -0.007933050781349855 -0.0022576081747447668 -3.6316506964818878 -1.1434612212425093 -0.023713009212534122 0.038580540666457636 0.3255843789284887 -0.12450611525150534 -0.08962616695256805 0.022339479678185503 0.19651666260546996 -1.1944663405650557 -0.0415778280652127 0.017534099445854375 2.1081194882504626 1.2589286845492915 -0.025531795430203317 -0.06801427155721165 3.0446387694313692 0.7205383545852588 -0.015148101292496642 -0.096374655071051
2.3857412954987973 2.83253505052216 2.827570824424784 1 -3.7813916414310658 -0.067348941747991 -0.0018387979462665092 0.022370432671975107 -3.7673564459094386 -1.0734591298398724 -0.004395251871947826 0.016514877417630892 0.03753117626508029 -0.021509740625368923 -0.041047563776047916 0.021959999318032112 -0.009703317155575597 -1.1081355488401647 -0.05995934366805085 0.009624656942951457 2.0040633725535297 0.9392431450013983 -0.021780505707639303 -0.04847132471624781 2.916280851274018 0.34243258709763147 -0.02752366894145415 -0.05985970280146815
2.2901450554736273 2.712681985506736 2.708874141605444 1 -3.8920384598101 0.09326930551145018 -0.031196142340992824 0.04112723369821058 -3.8082697774086958 -1.0208440266148775 -0.0012660804023176785 0.008008102098105194 -0.09129739202038589 0.026845810277498883 0.008547509703851607 -0.006812084764050208 -0.37687425161631705 -1.0302061143048877 -0.052282398689532876 0.018178001113192687 1.8557574591015786 0.7001147520569924 -0.04323691218807485 -0.06016552678755242 2.724619879978567 0.045977650046870044 -0.05897136020639465 -0.07145430426131182
2.2864978444253747 2.635414048022388 2.6705774918456 1 -4.043677935816256 0.2647409245186403 -0.01974833856729773 0.029870572363970258 -3.7954833116738578 -0.9158030979883993 0.011530739297169936 0.03490365279407157 -0.2078753352895104 0.011352459449163188 -0.02776889179766583 -0.008805492097038346 -0.7023561501446136 -0.9872875884542953 -0.04434159842047379 0.0013453137359167484 1.7356779536664142 0.5331651051145192 0.004076405559053505 -0.01641214843256663 2.5220593276027516 -0.20563804196894098 -0.025517994454714282 -0.02790260002483392
2.1332134894607524 2.4839929053898886 2.6552001378858803 1 -4.183955053001809 0.41233145103051294 -0.03590170605476205 0.022294685971686524 -3.8047268314740967 -0.7548880604694933 -0.015331776503249541 0.029127608305986954 -0.3692105146756903 -0.012419532219311025 -0.051730679457934345 0.009060932314330476 -0.8927018417150778 -1.002128842295772 -0.048649012684389495 -0.002272104895067007 1.6210601895121126 0.3356385224629148 -0.017848448840608436 -0.0463684026522226 2.3498551456871954 -0.442128093294777 -0.03818864981341456 -0.028755933195937448
1.9646860447480734 2.3177875384368103 2.655674205606842 1 -4.3016489901207 0.5049589696673007 -0.011572888202950283 0.008916265893989552 -3.8111753540013393 -0.5869164354307497 0.0021028440448449598 0.04025183865724509 -0.481860797666827 -0.01928169927683243 -0.009965701389894539 0.010358777225317408 -1.0170208863824506 -1.0011505933658753 -0.038902587110627614 -0.0017257388465194406 1.4951292632219415 0.1661076922513942 8.431489705961609e-05 -0.0057903463799787655 2.2207442339874284 -0.6370624961415221 -0.010549247624188766 -0.02304187447991361
1.9388365021987033 2.206436716534385 2.604170178265878 1 -4.402421735204747 0.5585475088701373 -0.025713143298435683 0.003302835897139887 -3.8224245931513674 -0.4473876142977029 -0.025765682468666895 0.014917146548617193 -0.5165500875577957 -0.024892984126390183 -0.016287302555905946 -0.006076673036416288 -1.15656536888523 -0.9285355562047726 -0.019536095548934533 0.027551269286629067 1.430180784800668 0.043679281820904636 0.007357756909032414 -0.03157203368082131 2.092700666865963 -0.8098733433583022 -0.035795816345336906 -0.013037371150140274
1.8557471316157244 2.0927193422740262 2.511190539524415 1 -4.48105926422775 0.6084332384485629 0.005658441474589736 0.007925497775619914 -3.8618122216561948 -0.3379862621024835 0.009679639028706208 0.039331116784045814 -0.5160309934087461 -0.045721488329963034 0.003733975238931826 -0.003396314492198956 -1.2793366952983063 -0.837879236033229 -0.01302138813885476 0.007645421848948621 1.399687071332849 -0.08140480028213193 0.011196921569721224 -0.036824219705994116 2.000750426257235 -0.9823857427109729 -0.02531345577547956 -0.012997591324487938
1.7439131742227536 1.991051290971713 2.4382122472709082 1 -4.5594819949448455 0.6338752549661912 -0.017421260422693416 -0.002145629114031139 -3.8909818711753106 -0.25133869357168925 -0.011167448825961813 0.012066127748238826 -0.5525308020380648 -0.03597511141040588 0.0005702320863071623 -0.0008273485216244488 -1.3718176860779185 -0.7542470264945726 -0.0053893286928091075 0.0068469368971518264 1.3702551994891392 -0.2308394237962128 0.007334838939255857 -0.03467298465813658 1.9418224764618381 -1.1342092448661762 -0.021674757889627545 -0.0036217379125643608
1.7262405448585392 1.9391353940169174 2.333250065129495 1 -4.629919822931236 0.6332417277578002 -0.0026152834633955523 -0.008125993102655613 -3.900258196663965 -0.18898005859980882 -0.003627033531414324 0.015835148549904997 -0.5986060131883839 0.01348186125161388 -0.01700450801082668 0.013642206972520162 -1.4277771583290906 -0.6781655915219136 -0.009341987955979368 0.024662782673655646 1.3211579397243298 -0.34992319588430865 0.0023410055239713365 -0.029044444385659767 1.8780187002358346 -1.2518194760826877 -0.02769897369927465 0.0021600108398826742
1.6268391079805076 1.7011863170581134 2.3146773970549535 1 -4.674211320455821 0.629448416681512 0.009743265536453029 -2.0019806629014477e-05 -3.904189548694167 -0.1661502866797615 0.009969987130999561 0.018033009830376014 -0.7210463646249159 0.20420472239770193 -0.014932988507473485 0.03713586261835689 -1.322241872332269 -0.740852281702171 0.03743054935461407 -0.021661086473371473 1.2785590817727002 -0.3960882824361691 0.005686692927267092 -0.011638467964623776 1.7423673778885433 -1.3739095428298496 -0.05040605867910922 -0.0012676262747581962
1.1684917958764935 1.227237614547608 2.338757308758901 1 -4.684297428697403 0.6337305489284621 -0.0007143894914335928 -0.0011771226905582183 -3.908544804180038 -0.1844939874967635 -0.007281566568307763 -0.009397826232944932 -0.8196432728694591 0.3472379670030814 -0.006823419855748539 0.010732804207280988 -1.2658601813295336 -0.7248016858017453 0.0014639537777351842 0.01940529947812815 1.232006279986586 -0.33391036879004676 -0.04621144966368906 0.016079608466435896 1.5115930180848247 -1.4495002197825175 -0.06606651335150968 0.0031345423904906838
0.7910518217391196 0.79004656185771 2.0806468470227233 1 -4.684696056281334 0.6724667265306679 0.014855656425510273 0.0019376603478651055 -3.938649450075333 -0.2280224107990655 -0.006608391413569934 0.0076609314037244585 -0.8302030847781459 0.4203839649885672 -0.026144429073899578 0.022742400178699898 -1.3742390710315822 -0.624619339914533 -0.04823851407610023 0.03219291403861272 1.2023224120246159 -0.15525960706748487 0.028425787262167664 0.045392989701128685 1.370519583806642 -1.290736280043316 0.0047063044171876105 0.045053291797801806
0.5781286229016868 0.4914541595061246 1.8768548671072152 1 -4.7041984304343165 0.7279126378015202 -0.012529496390265939 0.0028058345292097586 -3.9824431862896597 -0.24377451979322573 -0.010214515141925192 0.0014575011624536685 -0.8760327787860249 0.5032402134473251 -0.03096205571019584 0.021367336520764318 -1.4388888285795205 -0.562105152010985 -0.010790134574757877 0.01683559023045331 1.278919543868752 0.03956982820642385 0.040564514205551586 0.027558393557610035 1.325297057396889 -1.0999296044052254 0.011317567852456585 0.03355869260031814
0.4025212773521693 0.2691778055561913 1.752441486940221 1 -4.897633359898308 0.7070231785578234 -0.06751406804560434 -0.016517042166352074 -4.092981815712738 0.049512084227028685 -0.05557804518612801 0.0645873046855075 -0.8709877567219708 0.40411546900004525 0.004889718792328961 -0.0319811405141328 -1.1744638079752376 -0.5383270547059953 0.047545791129165016 -0.0019257909484098942 1.4768818312880025 0.16499727789956564 0.04021955506049894 0.02035480600458694 1.3891885964207944 -1.004517126232772 0.014218452944291029 0.01102664505585949
0.22017146353543296 0.017293242655756696 1.5686492046032676 1 -5.139100577266059 0.6963857509679705 -0.01825373232276393 0.0035848390722859128 -4.376506971593893 0.35346504724325123 -0.06476766181174119 0.04266262830210229 -0.7207838768529182 0.23923168500380765 0.034473143335513344 -0.0247931434285396 -0.9751562422143212 -0.590629021308769 0.033173016460422214 -0.007041751472814572 1.8003591177147307 0.21626721733013166 0.07536121315823663 0.008774031775026874 1.6236346657946177 -0.9602204087896956 0.06004146149425309 0.005779099474040919
0.12407660829923563 0.1748412757329699 1.181068873188539 -1 -5.243181440328414 0.7899835343278352 -0.027193686650524858 0.02733128809258624 -4.560919819461924 0.4336506157973339 -0.0028925931371535166 -0.004281008589549686 -0.636819486700126 0.24385629004602682 0.018470469611412348 0.04277297258305172 -0.7949925320198394 -0.5438972031689646 0.029907875919457386 0.000825729249868035 2.167194704534313 0.2035089987574772 0.09118519614678715 -0.01016889485245901 1.8759091340644796 -0.8860184802900068 0.06253844153234474 0.006383389590642525
0.09784604796430321 0.24770448056858577 0.8044975335492159 -1 -5.217648264478781 0.8249438080530664 -0.00946574220876496 0.002477389991399138 -4.548074048538451 0.43177358258420995 0.029005951984654096 -0.014150398299515515 -0.5607158874176967 0.4224254990037204 0.030904580608585988 0.06308096759353135 -0.6190413206126095 -0.3639647629059035 0.020284065807481284 0.018688030524428335 2.4994274523768185 0.14610866875252904 0.05327322444427362 6.89511860358736e-05 2.0497315947729717 -0.831928358879637 0.01822517235640299 0.0023303396902138312
0.043309474645053074 0.39759276174783925 0.3374330993708004 -1 -5.158444915883875 0.7584316419822732 -0.006485949668441494 -0.010219048102040315 -4.438026676465587 0.38017578954674547 0.03140248965440219 -0.022710402911610753 -0.5359410799776385 0.696431146841058 -0.02026465414988519 0.05597605914639929 -0.794410746518968 -0.14896215518797817 -0.05770697214990588 0.04719721708685094 2.729546737657996 0.14457253444309992 0.05960851858034712 -0.014420085799630564 2.3673861833504635 -0.7136347528033948 0.10295710969549966 0.025180855103907433
10.400734 2.2221406 6.3555646 1.6010078 5.744014 8.048603 -1.0674886 -0.35106134 3.243047 1.0363423 9.060734 -1.0621879 3.0898144 0.9427779 2.0936823 4.0386195
10.454896 2.5476882 6.438242 1.6031902 5.5401955 7.599183 -0.92681086 -0.12389946 3.1949298 1.0304303 9.221445 -0.84207153 3.2883303 0.9416586 2.0970893 4.132314
10.303086 2.4460254 5.82506 1.5713191 5.951865 8.228392 -0.7294868 0.11887145 3.200199 1.053399 8.960652 -1.3655813 2.9451487 0.92061436 1.9917586 3.374529
10.137657 2.4528794 5.364979 1.5271902 6.161048 8.29533 -0.76403296 0.20771337 3.0505013 1.0588214 8.872004 -1.6123796 2.8276868 0.89727473 1.9132049 2.9142995
10.119955 2.455395 5.355093 1.5282538 6.1611385 8.317281 -0.74353004 0.2252841 3.0618453 1.0585686 8.867802 -1.6177204 2.822323 0.8961073 1.9133526 2.9063754
10.137136 2.4558716 5.4501295 1.5439107 6.115699 8.369631 -0.6684396 0.26536107 3.128747 1.0590335 8.872143 -1.578641 2.8299835 0.9018539 1.93206 2.989699
10.102423 2.4582984 5.409394 1.5378553 6.128711 8.35559 -0.69388914 0.24651957 3.1106508 1.0574725 8.872128 -1.5901989 2.828917 0.89803267 1.9264381 2.9633975
10.328243 2.4197154 6.103549 1.6091079 5.8481283 8.357693 -0.57221925 0.15219975 3.377228 1.0504776 8.948258 -1.2401054 2.9660056 0.93349123 2.0463555 3.62788
10.670801 2.3275642 6.990138 1.7419457 5.521649 8.536221 -0.10600519 0.5679045 3.7352033 1.0614883 8.931286 -0.87445545 3.0388029 0.9953736 2.1979585 4.3267074
10.59954 2.5309963 6.7083416 1.5831647 5.7165866 7.1060443 -0.9040786 0.0072057247 2.9654932 1.0237496 8.912334 -0.6002748 3.3065407 0.94756687 2.085064 4.0778885
10.631639 2.3655705 6.9286957 1.6902448 5.613436 8.082836 -0.38564217 0.35552168 3.4838831 1.0484139 8.891967 -0.78037393 3.1125765 0.98041296 2.1637 4.2530365
8.527534 3.0994728 4.38585 1.5215671 4.7110934 9.013885 1.0413463 -0.10240841 4.072229 1.0036024 9.53009 -0.91433465 3.436772 0.913357 2.0813527 3.8161178
9.976106 3.8041956 1.5670927 2.3568475 1.7803247 5.8521624 4.2149434 1.3294195 1.7935644 1.41523 9.046614 0.9802454 3.2702763 1.1365588 2.6791964 3.3659391
10.206008 3.6266592 1.5920851 2.3403633 1.8618722 5.6931653 4.1625175 1.1263046 1.5316505 1.3903184 9.779098 1.2025468 3.1790795 1.1084915 2.669569 3.2867942
9.979723 4.329376 1.599493 2.428956 1.8709726 5.2529488 4.0065575 1.1971629 1.3433996 1.4007733 9.734265 1.1848185 3.1041484 1.0820463 2.7365406 3.1918964
9.924135 3.9635577 1.5467144 2.3967597 1.7606037 5.3961916 4.013446 1.1962527 1.5925238 1.3977758 9.751395 1.0546169 3.2146657 1.0982933 2.7196345 3.265974
9.858903 3.7744277 1.515245 2.3760421 1.7104144 5.4881625 4.0218687 1.203101 1.7314095 1.3916068 9.830988 0.98363435 3.2696285 1.1028287 2.7080238 3.297814
9.583612 3.0214338 1.3874999 2.2733252 1.5214272 5.928009 4.068601 1.2580612 2.3342457 1.3518705 10.355514 0.6670686 3.4942567 1.1078099 2.64972 3.3757024
9.624605 2.8338554 1.38871 2.2631984 1.4335566 5.9677224 4.085838 1.2496945 2.45859 1.3642974 10.102308 0.6044322 3.5706239 1.1291293 2.6482115 3.4084525
9.562834 2.7509575 1.3725039 2.2495768 1.4148369 6.0221157 4.0894113 1.2575808 2.529606 1.3576554 10.192192 0.5667759 3.596035 1.1277274 2.6403837 3.4132833
9.476613 2.8415885 1.3704926 2.2467499 1.4700189 6.031822 4.0993433 1.2765536 2.4863849 1.3444307 10.41505 0.59658194 3.5569196 1.111937 2.6357172 3.383089
9.273064 3.012797 1.344744 2.236175 1.5877466 6.0724277 4.0954237 1.3101331 2.4153388 1.3100803 11.009171 0.6377251 3.4756896 1.0729307 2.6224277 3.327197
8.165148 5.27602 1.3300453 2.2894332 2.715377 5.8629727 4.204498 1.4732227 1.2432747 1.1079314 14.709611 1.3922489 2.5857203 0.7862133 2.596179 2.8367772
-0.003165722 6.3643265 3.6716807 2.418516 0.84255123 5.2959104 4.975228 2.4133148 0.92743504 1.3456085 14.325328 2.143437 2.5442405 0.8596754 2.583881 2.9999418
-0.7186594 6.4079366 3.5589628 2.4728737 0.94843435 5.2526684 5.296136 1.8605587 1.1416034 1.3947804 14.332531 2.5618038 2.5083435 0.942503 2.5526934 3.7567377
0.041727066 6.325767 3.4057374 2.5008621 1.0520625 5.260852 5.2387757 1.9829471 1.0822903 1.4034758 14.0027485 2.4697587 2.496634 0.96783674 2.5794427 3.7638884
1.3646269 6.461463 3.2237887 2.5241356 1.3291459 5.5863056 4.840041 2.6671329 0.73399806 1.3917189 12.811121 2.0589967 2.4299777 0.9310173 2.6275768 3.3686023
2.0243409 6.5024195 3.0673656 2.515814 1.4982557 5.6885896 4.700864 2.7121372 0.67546844 1.3737915 12.66069 1.9434016 2.4168923 0.9173106 2.6349769 3.2575097
3.9043126 6.3066974 2.608185 2.5066943 1.875869 5.6251316 4.593753 2.4173079 0.6573993 1.338738 12.629789 1.8871955 2.4101837 0.9161395 2.6481166 3.248433
4.2546387 6.4441805 2.4164178 2.48134 2.1430855 5.8939185 4.509685 2.5491211 0.6190707 1.2926216 12.932013 1.7800341 2.3382025 0.878659 2.6284032 3.178791
2.3755074 8.08008 2.4107373 2.4139524 2.806671 7.9234223 3.736326 4.352104 0.062520266 1.1848751 12.33502 0.9772474 1.9342717 0.70531785 2.520822 2.7617064
-0.8962321 8.381133 2.849047 2.4272327 2.2518628 8.287976 3.8850195 4.082649 0.22996518 1.2275862 12.123527 1.3231903 1.8768477 0.7192136 2.4490368 3.2488785
-1.6606808 8.897259 2.9192457 2.3652406 2.1188452 8.092655 3.567562 3.7454944 0.20668626 1.2157681 11.970541 1.2974283 1.9802191 0.6817734 2.3989348 3.2252111
-0.9512987 9.9048395 2.9009118 2.2666745 2.322406 7.938875 2.8783102 4.058392 -0.08443755 1.1753349 11.216431 0.89440745 2.167938 0.60187614 2.372988 2.5899396
0.6130252 11.301363 3.3182607 2.0712628 2.2802536 6.835445 2.2433672 4.3657613 -0.6275717 1.1503937 9.826239 0.62140524 2.6360254 0.5207677 2.315194 1.4272761
-2.5548458 13.482388 5.0703983 1.8352431 1.3599629 5.6400537 2.8892848 3.9290953 -0.54165936 1.257839 7.7839127 1.344122 3.1611698 0.53696585 2.1556313 0.73184204
-2.7842145 13.8209 5.0944953 1.7772975 1.4664001 5.62641 2.7430248 3.4810379 -0.48886567 1.2419484 7.662216 1.4478534 3.163828 0.519259 2.1159573 0.76947594
-3.0291376 13.54953 5.1922483 1.5680652 0.1560955 5.724398 2.240785 3.249166 -1.1858847 1.0595901 7.5460005 1.341939 2.3384528 0.4027741 1.8616843 1.9091339
-2.960229 13.425751 4.731912 1.5311722 -1.0370307 6.774067 1.9549668 3.1320179 -1.5734475 0.9451119 5.3984947 1.1372914 1.6317267 0.3579576 1.695117 3.0521712
-1.3168483 13.383329 5.5519905 1.9744127 0.8001518 4.8120418 2.8441606 3.9240837 -0.9418752 1.4719126 3.6163235 1.6078717 3.276504 0.74816346 2.240105 1.176815
-2.1547298 13.491766 4.9821773 1.9212338 1.252245 6.327175 2.1417904 3.266811 -0.9660932 1.3699374 2.6633801 1.7293878 2.4396937 0.7173736 2.1406846 2.3012848
-4.0739145 13.140359 3.5387998 1.9229211 3.1101654 10.435114 0.35027528 2.4501061 -1.2083842 1.144603 0.32921743 1.8271441 0.32884413 0.7171831 1.9894044 4.6950116
-3.3638735 14.12205 1.1326561 2.001544 -0.97823906 11.744972 2.224186 2.6897082 -0.73590946 0.8013296 1.1204686 0.83260214 0.7742404 0.45808876 1.6027462 5.4701185
-3.390541 14.240641 1.0202667 2.035103 -0.66154957 12.12988 2.0361674 2.8281326 -0.72145665 0.81676495 0.7028389 0.7213528 0.7566162 0.48228776 1.6401644 5.3283587
-3.1261706 13.337048 1.1760681 1.8950598 0.66068125 12.33274 2.278751 2.227599 -0.046781838 0.83044565 -0.8782244 0.74380994 1.603024 0.33681154 1.7028509 3.338562
-2.6153579 9.321995 0.9277421 1.5813818 0.3702731 12.802856 2.8230205 1.6282786 1.7349595 0.90451264 -1.411705 -0.16765213 2.3736782 0.6004158 1.5574837 4.5129156
-1.9451542 5.8610697 1.5892382 1.6537867 0.6479335 13.443358 3.9380448 6.5914636 1.2492363 0.9202484 -1.3348513 -0.71999216 2.0348191 0.79260015 1.5941765 4.1303363
-0.8120408 1.3343303 2.5568738 1.4457064 0.93783665 14.382738 6.1778736 7.803273 0.367834 0.8985921 -0.23191214 -0.44584298 1.5043911 0.90127444 1.5340824 4.1273685
-0.6954069 1.0048819 2.468498 1.3733492 0.9686289 14.684356 5.767333 7.9939194 0.27207032 0.8001225 1.0397005 -0.20817232 1.4049852 0.83682156 1.454846 3.8607507
-1.0760789 -0.7823024 3.4628043 1.3501853 0.41068363 14.015016 8.377653 6.471918 -0.119428724 0.8267174 1.5115137 0.0038808584 0.8296919 0.8438611 1.6238804 4.3542967
-0.46354103 -3.3099294 3.4411232 1.338571 1.004539 12.049002 12.695002 3.0410924 0.5004283 0.98578537 4.4896593 1.5190085 0.1077528 1.147538 1.5646493 8.401259
0.058302402 -2.4829974 2.5161595 0.88054633 1.8539894 11.158898 12.485868 -2.3458183 1.4992988 0.99461293 6.2029047 2.275521 -0.020498216 1.2190933 1.1431446 11.596592
-0.057088852 -2.7672834 2.5516465 0.7820442 1.6662521 11.040826 12.532444 -2.8106043 1.5294029 0.9237765 7.274581 2.4290538 -0.29759622 1.1842741 1.0678245 12.039486
0.531065 -3.0850515 4.4655776 0.4676441 -1.0923638 8.109423 12.284081 -0.35071063 -1.2452185 0.8995458 6.2476554 1.5319368 -0.718467 1.1031561 0.7400398 12.19366
-3.125854 -0.3657074 2.5229423 0.55542314 0.632792 13.053295 12.647152 0.012421846 1.3224955 0.58712673 11.320066 1.3951007 -1.1705513 0.81730783 0.7112789 13.017521
-3.6483426 1.2497563 2.1882398 0.73114896 0.2335453 13.729444 13.008022 1.0098133 2.0628583 0.58421063 12.151203 1.4110723 -1.1137946 0.77412367 0.76285064 13.284349
-3.2134132 1.5226805 2.576529 0.6195909 -1.169209 12.646211 13.299077 1.2351104 2.1309927 0.54695773 13.73089 1.2260307 -0.78422385 0.70174634 0.6682639 13.020819
-2.2555194 0.6250248 1.9926176 1.0978812 1.9732845 10.15638 6.912579 0.88479686 1.0302783 0.7216675 10.32045 0.10747731 -2.9513614 1.3001817 1.0024362 13.061228
0
0
0
0
0
0
0
0
0
0
0
0
0
0
0
0
0
0
0
0
10
10
10
10
10
10
10
10
10
10
10
10
10
10
10
10
1
1
1
1
1
1
1
1
1
1
1
1
5
5
5
5
6
6
6
6
10
10
