90
1.9708734622424278 2.0117940881495486 7.079208995360993 1 -4.5 0.4099999999999999 0.0 0.0 -3.79 -0.29000000000000004 0.0 0.0 -1.67 3.24 0.0 0.0 -0.96 2.54 0.0 0.0 0.4500000000000002 5.36 0.0 0.0 1.1600000000000001 4.66 0.0 0.0
1.8066458914665042 2.079229040773138 7.064843713295137 1 -4.4949775293403915 0.41305873648035796 -0.0069578873810728775 0.006058686692044742 -3.793689582503923 -0.28713729678067423 0.00493150377628172 -0.007121410564037194 -1.6887913758631843 3.2202210224556618 -0.008732529563971124 0.007813929551009917 -0.8651444437147191 2.6287010720948607 0.02813842730592319 0.004766355446835117 0.4738678598066288 5.2961452741680155 0.004219657458216057 -0.004754697664544977 1.1833543895037097 4.581890478550549 0.021739501787554804 -0.03059023708845784
1.593650351738503 1.834596698449742 7.060283065677079 1 -4.478117061505223 0.4124652561147515 -0.001843198076601965 -0.007960389210020662 -3.7945943829575475 -0.26965696922345384 -0.007958208440569919 -0.0019388159784948784 -1.6451268908160839 3.2446762392280597 0.0042367320798451505 0.013635719856020365 -0.8259103706733129 2.634897592292735 0.008565586747334195 -0.009546811990683735 0.5963006211561686 5.250737276374242 0.01796364906207933 0.007496393771987717 1.2656189710069654 4.517275389635719 0.02910006342026822 -0.01878767436856062
1.4580518620912064 1.69015421072035 7.055167071020956 1 -4.461392734143457 0.4184719272144921 0.012811127686504525 0.008590093440215114 -3.798140851366856 -0.25383225643109397 0.005174145111247575 0.013547632188776056 -1.6042853170977436 3.256656263530817 0.019638237452966428 -0.013743051593492327 -0.7961991900895109 2.6610789028843556 -0.0002659159566379167 0.02300022316934764 0.76099691195299 5.252686231234146 0.05172686782695732 -0.01573325089082759 1.3610325067088693 4.478372820374354 0.004341514711076282 0.007875433638117341
1.3658289899429907 1.574608877705354 7.004178869805272 1 -4.469926442074784 0.42830007795680913 -0.01070877776254537 -0.007602617476060423 -3.809001907677599 -0.24097130821732193 -0.012398154033394166 -0.003402077857112464 -1.5469193346375785 3.239619921435538 0.00942340583084746 0.005731234540956635 -0.7131789624894052 2.6909216962314146 0.027586136640347807 -0.010472417487616622 0.9639136102621944 5.266657950770123 0.061718739529049604 0.005834479630535499 1.4615519811222297 4.433798387251429 0.03882690595055768 0.0034202137087240474
1.3757821320485706 1.5534246622191792 6.813080376683549 1 -4.413316292589107 0.5034790456943656 0.0451716885204083 0.027197625757726326 -3.814174941506115 -0.2636733388648119 0.00854484607063472 -0.002831515681392201 -1.3959977308112284 3.2340887195753805 0.047349584195503336 -0.018154834925506298 -0.668220659561034 2.5814394769967155 -0.01071320460851155 -0.015330891451230766 1.1612686810765265 5.175161581652767 0.03565293964302546 -0.052189175818323774 1.5874724812722043 4.275953443836427 0.027024402390615446 -0.03730565075075497
1.5543562681327163 1.8328333668858705 6.3085793194630515 1 -4.220747037675381 0.534317838385757 0.038889132975231354 -0.023764411287154376 -3.769307079009847 -0.36407629681680154 0.002850351015655361 -0.014592650556486961 -1.2992545538258273 3.2104226985707003 0.018522821589496648 -0.021056996625211225 -0.6708493111583276 2.4282537685947587 -0.019765075707594754 -0.013615805039207615 1.1699925541361695 4.857526494943016 0.001978205851930076 -0.09959899654602467 1.656865219127936 3.88239965813543 0.000572981381834925 -0.07231841394614316
1.734905567453135 1.995578244677962 5.958778467244407 1 -4.130396945446508 0.4030740362147891 0.00564423390341185 -0.028937926714989827 -3.7214414459549534 -0.45933192026225966 0.006839650974927871 -0.009648242096705919 -1.3537624445339436 3.1664614982502375 -0.008488496037413463 -0.006702784144216381 -0.7329759053241598 2.280715530539529 -0.0034567556047879235 -0.020155574266207885 1.1542579213006823 4.423314562001826 -0.026472406611466756 -0.10036891602807677 1.629120607073978 3.42433252365964 -0.03687529970030111 -0.1032995500858168
1.7064675679319163 1.9703877796475666 5.725374546519664 1 -4.189186883581234 0.3041998044042231 -0.018299544636396776 -0.013724860974554443 -3.6857025983001317 -0.5147953274465449 0.0043878931626244256 -0.006840129081993655 -1.4819727449949136 3.024015467676116 -0.035069694202044886 -0.04759605538419606 -0.8573850841497697 2.107107504146235 -0.04300050605899763 -0.04814135776941668 1.098584496033217 3.9988552670571504 -0.0416948183696489 -0.09770033410251618 1.5602189248931415 2.988816563354208 -0.0394567276170009 -0.08843804672909253
1.6960054499747483 1.96717771707093 5.467650357926409 1 -4.301867171530451 0.26352682045826414 -0.009216654383735779 0.0005819959845240395 -3.679279300431257 -0.5862488862880284 0.0034583324021622503 -0.013597797604923502 -1.5999618801903974 2.8054042808387343 -0.031836939374505116 -0.054485901763318564 -1.0060602819326157 1.8712371951565272 -0.04289406739853891 -0.05907432009500044 0.9894394900981247 3.671119538433155 -0.04485179339694895 -0.0700420147319132 1.4612676441207375 2.641182767180965 -0.04571091469295405 -0.0647105183913624
1.712944066745549 2.0048084504880137 5.232090924161739 1 -4.349453772372639 0.26461815154761625 -0.018127520801517513 -0.009835430550098619 -3.704717969124933 -0.7163351047346773 -0.023506272398527667 -0.03821694332652448 -1.7038541531674665 2.581765434254608 -0.015247754902170547 -0.058647899746550186 -1.1398195027480424 1.6061400091260576 -0.03519465845960145 -0.043818303745937155 0.884771209182249 3.4085863205103175 -0.01765341444712913 -0.06064385468355604 1.3374815603107963 2.388838344708032 -0.02951976512719904 -0.032435325771232565
1.6967665142713872 1.983915754021677 5.095836803182916 1 -4.331041179398841 0.25720587571513387 -0.015809001395263537 -0.01970038147962687 -3.737767759096968 -0.8670026738224257 -0.020714849791835053 -0.03434290728988459 -1.7714872461006466 2.387490274256726 0.011607011083841753 -0.03131702272196314 -1.2236724730676154 1.3642688340479832 0.008364687341694273 -0.028990752573652925 0.782089709225084 3.195327013202453 -0.03932599054029271 -0.044694071719014086 1.232588986939489 2.1711168256702558 -0.0344455483719589 -0.050953608945931
1.7149646884618617 1.9639068361243273 5.035694595078361 1 -4.30878136397011 0.1813914160770591 -0.003478247411158323 -0.02102288147850015 -3.7173316573461666 -0.9733906882097731 0.009436494046319433 -0.02091337106543703 -1.788253791636616 2.226830583797401 0.017961307765818776 -0.02092763521328539 -1.2286828401738972 1.1744593538101449 0.023310721868953256 -0.020885084237192125 0.701600587819506 3.0304966681783228 -0.028305408837681328 -0.03692834522538362 1.1607780206075047 1.9990985418157075 -0.024060848793222785 -0.03462825625713392
1.7034275023025758 1.970053747352918 5.012322575156351 1 -4.274241792711231 0.0927637441310587 0.017798284381761474 -0.011972660541752108 -3.671505494606336 -1.0385329894216047 0.006507496534436084 -0.007085407473224492 -1.7658990627271125 2.1122654724757663 0.018213526433362763 -0.011745355187256626 -1.187779414810676 1.0428581140075064 0.02023776128567341 -0.01502556123039571 0.6623424182463591 2.9171227042443184 -0.014120473794154587 -0.026058135687737023 1.164253548194246 1.8886558776830031 -0.0005890116819416459 -0.018569163044236253
1.7530071646555065 2.0432368321371737 4.998876367002709 1 -4.207894426809193 0.04879670960986249 0.029051816588291375 -0.0038916443724375596 -3.7016097400208032 -1.0990663947133021 -0.0067409291010944 -0.00251861029929616 -1.699223544581229 2.0449398807750296 0.008058870673316662 -0.016596059427389072 -1.1372561114924307 0.9638062227037552 0.0006551935020794701 -0.01743122971955926 0.6761151353319805 2.843852787482526 -0.004996069376541244 -0.010500852842711239 1.2558782468786056 1.8476101068940247 0.0193642549874604 -0.016764100012911582
1.8867317215324158 2.177510777653034 4.952383923387565 1 -4.131652939937805 0.02915485166601206 0.028311338093024555 -0.003955085803178446 -3.76641468458887 -1.1483927758929815 -2.634575016834009e-05 -0.002700483438636927 -1.589690030487207 1.9928286911661823 0.007876494235801876 -0.01370218863685424 -1.0536349246470298 0.9137819276125698 0.006093817785883406 -0.02256677809586006 0.7608377460090239 2.803995567955508 0.042240296654331225 0.004920995759144606 1.392181403392887 1.855848816435961 0.04325158805117535 0.01786360311440247
2.0081238896949194 2.3133013411654346 4.875453295479782 1 -4.080191751836205 -0.010379633988483516 0.024453173512258276 -0.011240211113780972 -3.7953248442125274 -1.1836997590498617 0.00878126555978534 0.005280788870500437 -1.4560675034569641 1.9167381398563483 0.025230376706987544 -0.011868939262864284 -0.924532914022723 0.8671751882064025 0.03419049630567857 -0.015511023876582937 0.8900457665859731 2.791818531193173 0.049329010816610355 0.01032123710161797 1.5555561592397442 1.88590984262549 0.04736456296962925 0.027333789640777033
2.1043024979900085 2.4319898381174028 4.825688789743344 1 -4.0519912461200915 -0.049416752252553486 -0.013415158721667432 -0.010921024614559653 -3.797057627514193 -1.2011460097329507 -0.014377489429558105 -0.0038729294830612267 -1.3198788244836899 1.8000605828278191 0.03419623775023661 -0.03792680238189631 -0.7649469094177621 0.8042778601109166 0.02815190202481995 -0.003936385406940402 1.019242097544959 2.8044042060626126 0.009145096302570932 -0.003984318022914544 1.7388635473943186 1.957701073293269 0.0281102283108828 0.007608433856041853
2.163683721619159 2.544753534706267 4.8206991496244145 1 -4.015955199570377 -0.0709699600946031 0.0048811482393703275 -0.003971608999656337 -3.809198276250876 -1.202771929980386 -0.008228925358997765 0.0017146607259330036 -1.1708816705319158 1.6700269800696836 0.043715491719465954 -0.0357336326756023 -0.5908308945755261 0.7199230733371107 0.032158845142660666 -0.003753821172238145 1.1112389318238431 2.837729022818842 0.0019138715238175147 -0.006253456919050679 1.902118686317615 2.060806935968446 0.01865855012259241 0.009275722749831593
2.265011677938228 2.6333674613187363 4.8281462863097895 1 -3.9631220756830636 -0.0716692446342041 0.014738026602094475 0.005856089188390795 -3.83342094279972 -1.1905238561514044 0.0005303471061945128 -0.0006631962912556633 -1.0079514558703808 1.5504664364829543 0.03958689042473652 -0.017527843922314077 -0.4266378179590209 0.6145550799783293 0.03933013212098484 -0.018596558254144024 1.1766704069026472 2.8641920899626685 0.024276430019848243 -0.0030935765023161303 2.0121580512174724 2.1378302284995905 0.005951139257504286 0.02442429473267557
2.2594903314513304 2.618112830909709 4.748930510561108 1 -3.92420445027519 -0.06040176999083313 0.01182836230774501 0.0036404750995005595 -3.8426631184747557 -1.1600343923484484 0.007081096437021923 0.006294748996802549 -0.8634261600895217 1.4284593879337075 0.010209599551857781 -0.03361138978548446 -0.2919020430180268 0.49259011198763947 0.00959501035953452 -0.033977648845591825 1.2364501617755277 2.870324122491503 0.024822028055457617 0.014308453234235245 2.0713171788533664 2.136124585324474 0.02054044409208663 0.009813897181624797
2.1521595718487574 2.538951382327574 4.643806880716904 1 -4.000263079834651 -0.010296362677338244 -0.020568592966002004 0.027361686596336525 -3.7560619925425796 -1.0817528074003329 0.055798297606253794 0.023975170261110457 -0.6225855475183284 1.376251578300196 0.05498578740665787 -0.005770587827602877 -0.3429080412234251 0.28390469229483806 -0.013183454466960936 -0.043515459313937174 1.2543776666957225 2.820245421016127 -0.01180574280943145 -0.01447460610886098 2.100509748831678 2.085514614246519 0.008529673873597647 -0.025548894874853817
2.1600341279936455 2.5502247077958726 4.507561048138619 1 -4.138282786271048 0.14145613584104022 -0.014060696110763991 0.03038115565828214 -3.6208476981527 -0.9039864880923864 -0.0003292085462492673 0.047304130565192865 -0.468798954634738 1.2690012532068486 0.024383407095459 -0.030122733027085485 -0.4050735473588798 0.12084706643667187 0.00797245026163872 -0.01810760996882812 1.2719155069255068 2.740027179902908 0.0031286728087679475 -0.010402016570023901 2.1296441448309302 2.0326202029231646 0.020736055684818722 -0.015429928368088559
2.2810589196883524 2.64360370712605 4.346784675365291 1 -4.18380748001085 0.2577517604668478 0.009263753083397984 0.021494727277899132 -3.7553346586943084 -0.7567811915041117 -0.024268599928289405 0.02175028161536238 -0.45189908597107653 1.13378481362626 -0.007713145392459176 -0.03791822079072796 -0.3596314324062604 0.024693444171148604 -0.004590065204149027 -0.0056433537809900125 1.3098951129362897 2.59069024410625 -0.0050045136173037744 -0.054400550837294025 2.1852001816559072 1.9573514778921144 0.0037765683009842246 -0.03610599907213757
2.3480085763199834 2.71688487872949 4.184642071797862 1 -4.180150843031157 0.3471359586964913 -0.020414592203235493 0.005080162305264242 -3.852675190259614 -0.7199681492371307 -0.01965921140618981 0.0010350025098711576 -0.42925935075407207 1.034333974296619 -0.009570149993614215 -0.019273402085552064 -0.36629567040303357 -0.041690718718510156 -0.03251925253732793 -0.014765897938375353 1.3562664882973579 2.4112644067618834 0.0049151389557665175 -0.03627159652953825 2.2745611053396653 1.847510248729367 0.016191442489624695 -0.029402515308169064
2.37173527812363 2.7602473118977837 4.047528698444719 1 -4.176781439080017 0.36818421142107804 0.026985022624086048 0.0023781608289936236 -3.8234129842091633 -0.7297306501671944 0.017473449754895697 -0.011389751963304693 -0.5244508593132133 0.9730504750876214 -0.008841998897459135 -0.0020133971345375704 -0.31282778559771174 -0.06805731561231099 0.03261557817580618 0.0007994668204874176 1.3826174598253171 2.257365003579022 -0.008263744984488551 -0.03632608158680095 2.3246338969273 1.7178243250728955 0.007172862077739355 -0.03877426329344478
2.461791940294984 2.8326648076309024 3.9564626304697064 1 -4.09725837888831 0.2866708799041948 0.015230097882660167 -0.035243905240876935 -3.7968669218138693 -0.8199202645842486 0.003993854287338181 -0.006928153690869981 -0.6076065494125928 0.9663641981927598 0.007571516507481198 0.009411724396423436 -0.2778730826154634 -0.07686247222930165 0.006958335503223972 0.001002561954898699 1.377566534581888 2.110251040435526 -0.015685089547535603 -0.04685111950374476 2.324589249243294 1.5912248733344114 -0.009825080222468334 -0.040921981673013044
2.522657026204992 2.8991829483664353 3.934819034523486 1 -4.11398196953115 0.1651578994982259 0.0011433519852309618 -0.02348481501941873 -3.7619806572535768 -0.8917083480676887 0.007301522269997004 -0.0014946655493997506 -0.6005237128736196 1.009158397617933 0.010042339791799535 0.008280873247380239 -0.3354239987217271 -0.0767636679931929 -0.012081927534968409 0.008841442651734008 1.361316816594539 2.0134690888724007 -0.015175876427696161 -0.03706720729810345 2.313974154307081 1.4752415311296927 -0.012239871373411197 -0.03971426982185466
2.5555386742309474 2.907691050528752 3.942091296316728 1 -4.115505526676144 0.11956084595011118 0.02168281683244625 -0.005160051385072853 -3.7572019430396475 -0.9604161489593712 0.0006674153479779531 -0.010456108212464978 -0.6133476172900001 1.0566020075630993 -0.02940363606389674 0.0012458659073128465 -0.4119730611012349 -0.056581410777642116 -0.02988800589615876 0.0024316224371547807 1.3664140175402695 1.9537872025106067 0.012740479006716108 0.0014455847287114243 2.3030149177219377 1.3883859443164677 0.0010093874622066484 0.00013014018683501008
2.5260483958216633 2.878062049494102 3.935156272500429 1 -4.025313123648446 0.07726908860307291 0.03197267771921124 -0.014518050511573326 -3.8211540406877353 -1.0605938466514853 -0.004824051485704674 -0.020320866843164448 -0.6907324378737423 1.0663204068785257 -0.03573247180837941 -0.010880669310274389 -0.43728114763746984 -0.039383923345012284 -0.01973637207611571 -0.001940815151938856 1.3553886680655838 1.9148887176307263 -0.001217509801370472 0.007614017223159859 2.276462011808257 1.3407685547068589 0.0006034689339172415 0.0050968828070174985
2.472503046471195 2.841850873373597 3.9361360470724045 1 -3.9612827186423765 -0.02657809444330672 -0.010122636785621471 -0.028784522137778025 -3.8753842708818524 -1.1908028621283366 -0.01890928754699426 -0.022872300147308365 -0.7585317770836193 1.022043367245145 -0.023982876093956815 -0.019613137789096336 -0.42528693540921125 -0.059497342600098535 -0.012973822112702937 -0.014217266054257086 1.3162036899143157 1.9069950892771255 0.0028209199562207674 0.01868919791691806 2.2397087766478982 1.3448807792637227 -0.00011376841270737889 0.017254583107039263
2.4546924004320037 2.826683778965403 3.9887314114507824 1 -3.957819009063579 -0.14554945382732665 0.012108166970008445 -0.02131613700535037 -3.88836916440325 -1.305608493703527 0.007151808803141762 -0.01685539717292613 -0.7755288366116582 0.9303252405427722 0.01413225823799788 -0.019099358747164348 -0.3964994320583939 -0.1293371653096521 0.0213819003859038 -0.010636267830812956 1.2818252045012555 1.9375446698459378 -0.00013898550629918432 0.008766475346560918 2.2071753134372427 1.3618761501613905 -0.0114664847891018 0.008002538291345675
2.440108150810167 2.7956002132660633 4.066824076383703 1 -3.9397538297900936 -0.2229973662605237 0.013995697482187007 -0.01044809575161555 -3.9157650912604804 -1.379831084590617 -0.005766042898623865 -0.011842912471061931 -0.775988567980419 0.8044062961250509 -0.005219787624653329 -0.018392061949847754 -0.3480206965663335 -0.2298221593482227 0.014634096992833995 -0.02989436523090433 1.2628826255640329 1.986095206892525 0.012619430612827293 0.014442739667354636 2.1804477951924692 1.385338129118301 -0.01369286408303062 0.026401266906406783
2.377415826423263 2.7460388713487953 4.119268142544752 1 -3.8804745251969135 -0.2745212245144574 0.019744712754967548 -0.009319463983012578 -3.976310273582051 -1.4132466289905161 -0.0070718941303757376 -0.0073736433098337975 -0.7781333759271551 0.6780261510171399 -0.01733794984559512 -0.03282688775054518 -0.2821660264348127 -0.3215601169399448 -0.004059683007601246 -0.023665925635376235 1.2231560264431893 2.043472748187021 -0.0019408479369150862 -0.0032531322731844236 2.13254934129578 1.4308174375093046 -0.0327477829016288 0.023145891116821454
2.3206689889175767 2.702745465257807 4.136680115088455 1 -3.8344856079235825 -0.3268795714449615 0.007694670458194436 -0.01756492184245849 -4.0217666820645395 -1.4396655755520569 -0.0014109841781852917 0.0022564213688667824 -0.7667721609296816 0.5750816575504507 -0.01523034367938535 -0.036046472361835565 -0.22418683273094064 -0.38993093549770264 -0.013403200134088368 -0.0175889943069678 1.1502508742599638 2.0872591194738352 -0.007989572618667224 0.022360947753443612 2.072573416585235 1.4965284065136513 -0.0011768077922624156 0.022054485335609327
2.2964931310277965 2.6704574235256633 4.153176147114618 1 -3.832192974254677 -0.37547581378763695 -0.013119344892483224 -0.005835695249347862 -4.037325505117805 -1.469062934359051 -0.010651787905013577 -0.004246580641250311 -0.7483387213507338 0.48141976097331396 0.012456976624648022 -0.010128047480952335 -0.18020226056109845 -0.4537401876130176 0.020267692076073016 -0.010961799726344795 1.0997844296119643 2.1164960427765647 -0.01868916582202205 -0.011675312365797923 2.025467443649248 1.5462542918958744 -0.013927639884815008 -0.010257301526371797
2.271860646753594 2.6401521966512305 4.170967100137975 1 -3.827901646299261 -0.41518256659636343 0.011184074618035956 -0.00722263453404573 -4.0428634722818675 -1.4902006581486833 0.003259628098877254 -0.006594906521300977 -0.7349412590983242 0.38016258291028215 -0.012645074006532453 -0.024006898099913347 -0.1411710027918609 -0.5260642927607585 -0.0008595783762214402 -0.02606931227750387 1.0653768713692715 2.118939830335585 0.005487830111152021 0.018902150753658347 1.995321826697606 1.563309022625155 0.004519530749651977 0.02230148001805768
2.27714101264937 2.6538355388014176 4.1746314929847195 1 -3.807325977611937 -0.44735404730114847 0.016249645857866996 -0.012892851039542 -4.065114821088546 -1.5029216975280564 0.005082061784981736 -0.0002777874123436209 -0.726839526866871 0.2942180907240519 -0.01081760789439842 -0.028421638612110917 -0.1099777452917916 -0.5954017660938283 -0.012217995437590024 -0.016186995450273144 1.0118404782791695 2.0953404000899587 -0.024151776509562115 -0.020297651630855052 1.9651469655501073 1.5752869929730116 -0.009978080078119518 -0.015076590400389188
2.3131302614303193 2.6907964433119624 4.164017199075213 1 -3.7939996002749767 -0.4752834491706138 0.015041952547641704 -0.013471477271641651 -4.094160136792037 -1.520270301244615 0.008634304264633692 -0.002632426315889079 -0.7300105104717489 0.2391873833201601 -0.019876281043212728 -0.028257745756852876 -0.10455635331084867 -0.6522245545911388 -0.024735081624726846 -0.016995432179526537 0.9552298229132035 2.056043141948546 -0.01962319889561108 -0.005728468645837224 1.9280327897067862 1.5664488945812836 0.0030510524459702593 -0.013544592525490262
2.3452348608802653 2.7215604001827276 4.144359972813828 1 -3.802650170962556 -0.4923815619681561 0.00847747357205669 -0.00368142459992856 -4.108819838954196 -1.5411891347200395 0.006407165118056146 -0.00929158396953426 -0.740920093390701 0.2005896667638909 -0.022974677637765725 -0.023397359231397186 -0.12665367178970133 -0.6987522563499444 -0.025996187292604167 -0.019333179811935147 0.9153019971925866 2.0063420596318413 0.001995730645002275 0.013440369522426224 1.8946454115767972 1.5334585558596667 0.006572570834264304 0.011214865308247281
2.372297833030661 2.7513545809219897 4.113086280446514 1 -3.820729840982466 -0.49594939479642375 -0.004135779110922928 -0.007795168137686149 -4.116369002331856 -1.559629618981456 0.0017596639115601501 0.0072392000191427944 -0.7600131524331735 0.16257884109962717 -0.014490103513884226 -0.00810223771019201 -0.15659486103964682 -0.7452162405406562 -0.008493236315126627 -0.018800609204682524 0.8774048327359205 1.941579841311734 -0.005345579334570544 0.0038582973305465356 1.8731883847675483 1.4902937343433895 0.007958015083447572 0.0020433126514493184
2.403325774037048 2.7855661758157693 4.079297371689545 1 -3.8278959960329693 -0.4964727278692439 0.013870750708013085 -0.006448676124208521 -4.129212975625977 -1.571792902499768 0.007919496482104708 -0.0028962479704288256 -0.7859055310949845 0.12498296038829038 0.009411420358420278 0.0032444157466740816 -0.18797779511663393 -0.7935512550872819 0.006646747590074268 -0.002011988260569386 0.8395254290402576 1.8672605656709789 -0.014901026331711097 -0.03262768754284758 1.8499267629986171 1.4540273103821342 -0.010530238252137567 -0.02219514535387008
2.437913047482088 2.825757759048979 4.053846748326822 1 -3.8250935367828722 -0.5033615509381031 0.013102619889762385 -0.011299359080981106 -4.15098264389477 -1.5832864419896464 0.007936246238237932 0.0003308183997466534 -0.8052247397075991 0.09542605254792869 0.004744815211616264 -0.013894070103988129 -0.22084930077121978 -0.8385642068295285 -0.012190083841295628 0.0042730167254055075 0.8018858891226222 1.796414376263534 -0.008081937748021512 -0.0294876247350952 1.8238877761139625 1.414968160768555 -0.015819681050398122 -0.017400582485623692
2.4780247198284253 2.8609548653130643 4.035899420257827 1 -3.828170265065975 -0.5176280533424413 0.0003936160828084678 -0.011171116615364525 -4.171754520550857 -1.5986613677008832 0.0024340261025759882 0.005201873406593949 -0.8163733555549304 0.06507460593791703 0.013456933678168522 0.002443971601114977 -0.2477274410352832 -0.8862290445263881 0.010324366312923614 -0.002609149581150366 0.7740506581885178 1.742927084214441 0.013510958811885347 -0.009076864690474591 1.7990330713097586 1.3771708753255987 -0.025279865804270347 0.007386955423069247
2.5010212334911786 2.8831707165182454 4.015477412836548 1 -3.834900968471352 -0.5321374435153643 -0.008749287422210707 0.002848383275425252 -4.184023100112191 -1.6173584071501086 -0.009467596416745156 -0.005204574682519631 -0.8212545275571319 0.01934033271722213 0.007929704626564369 -0.004258402364228968 -0.25818267129408934 -0.9340454328693499 0.008242724455507076 -0.005603359778160209 0.7488796914362377 1.6973605385097508 -0.01030116371953477 -0.040206725652778205 1.7822429544112 1.3454733030969095 -0.01693752203736818 -0.025576776299460417
2.512298010805701 2.8975185316440903 3.996202537933852 1 -3.837837898299549 -0.5457856348763201 0.003218668400681979 -0.010199926010707416 -4.195063494227219 -1.627165451486281 0.003275780957958677 0.005835492049705383 -0.8277742376641806 -0.03461580458919933 -0.0053132478186665826 -0.0027661958221697307 -0.25515741972524797 -0.9826549085050956 0.0069711673204013586 -0.019012309869468853 0.721765384183886 1.6537481619244696 -0.003768807843080214 0.013534317083877822 1.7657852868597272 1.3298213920686375 0.006131806546419972 0.01178465037277573
2.527580554413124 2.917197861098349 3.987841321398066 1 -3.8284138670637753 -0.5639993299135684 0.0070371580046362705 -0.016075165190451882 -4.2092777518043905 -1.63084614948345 0.007438192690721237 0.01041916164015744 -0.8297785797915225 -0.08524787124751021 -0.01961630651602353 -0.02420653485482098 -0.24998603652092566 -1.029594643573951 -0.01842515832325048 -0.018618631333010883 0.6888647108012451 1.6155053695537354 -0.0004830938350916009 0.02204126069642108 1.7415835392742096 1.3189219621584516 0.0032110125236394513 0.01908434474262965
2.5393900318754423 2.9319527543820265 3.9827572947672696 1 -3.818536612872042 -0.5837310079765805 -0.008815444256813194 0.0031437108963921264 -4.2242110158716955 -1.6345497428120952 -0.012329440283228136 -0.001491064852280127 -0.821752385768963 -0.13554461535850837 0.011653497419044825 -0.005365689249218871 -0.24436755141496658 -1.077486739468056 0.009201299713757811 -0.004482159174462125 0.6595865681192183 1.5865138604199034 -0.007745175689012361 -0.02434230791166269 1.7174979641057595 1.3023241742612504 -0.01064747204673367 -0.01762946901505673
2.5427182796622114 2.9283103947906457 3.9759992677312384 1 -3.8161882435670478 -0.6015006396033562 0.011769360231583977 -0.011792164069760988 -4.234218121102099 -1.642583920267965 0.009930895652558778 -0.0016340245154336736 -0.8133543681838282 -0.19214645848415135 0.013190251743650981 -0.006112976913883902 -0.2346006841269599 -1.1274916534963915 0.010830316859767566 -0.002130524247080684 0.6385483981814639 1.5649817713050793 0.002642885080334424 0.010370448138428412 1.694676317812415 1.291770293264666 -0.00757807035233752 0.012640785329353275
2.704611301142777 3.0156556817066487 3.8551612990643513 1 -3.8904207417055012 -0.7457147644434372 -0.026564172646748978 -0.04559191420748321 -4.261056766712835 -1.767784877622336 -0.01686609440857165 -0.02953834466745927 -0.7204158046834808 -0.36363052249795635 0.052638342072606314 -0.04439518910113378 -0.16576149260789474 -1.2550793938349134 0.03409252896586874 -0.022732690548020667 0.8488294920403696 1.5813974728895226 0.06641551183510136 -0.002147137428021601 1.790304072036335 1.3267474869210698 0.03125630955714508 0.020448999406249287
2.772750413271266 3.016635268083924 3.6865905488356705 1 -3.926742259123792 -1.0395957997702026 -0.0005868203943673218 -0.05898572971160489 -4.4197714439354385 -1.8530305190923682 -0.05202997023523221 -0.012654750595231405 -0.4759280058840627 -0.6145717333465763 0.07985979433649058 -0.04220990726065492 0.02248524467823554 -1.4152785641516452 0.05975646915951767 -0.007367420199318367 1.168690901143857 1.742628993819881 0.0673443221980214 0.05072313418559531 1.9972275303272884 1.6641404417214933 0.013487741895266699 0.09553917068887476
2.8023687181363908 3.0745237085216157 3.5083633699301333 1 -4.0043826758756085 -1.3092081232329766 -0.023733211415825652 -0.05757905696115892 -4.607608014326109 -1.8921361265757137 -0.001055116334952779 -0.005754238617631651 -0.1669851452882476 -0.8017041796186327 0.05569001705264963 -0.03696632937477497 0.33300568544730424 -1.473294515950082 0.056488287460017134 0.0013968720769003753 1.3212412551508779 1.9602622998595214 -0.0081315433073166 0.032491643555920977 2.12784882634823 2.0563246021078583 0.04944438930515947 0.05490445460765543
2.9038876348754976 3.0969131595913733 3.3346761718595763 1 -4.1004312637702 -1.4094547521643337 -0.01963168682693506 -0.027578866260955612 -4.602527629436056 -1.9971575601645397 0.0393730453679833 0.002419233348803791 0.10792616305283786 -0.8640016877620865 0.06827831423581204 -0.028225204188163898 0.6290282874140614 -1.4336445393867114 0.01908923174069836 0.04469207415011128 1.3636065611835955 2.135164775565834 0.0020173413541680063 0.023313890333543367 2.1883465788469536 2.2362042567765075 0.009886656427557414 0.022383629857256213
2.9707913169201703 3.038428126958228 3.267226168933386 1 -4.064963903867882 -1.4184411092743952 0.01401480154519012 -0.001211022760778285 -4.488358934948332 -2.01074412283756 0.03431663109791677 0.021302211308340487 0.2672596533846745 -0.832992566057687 0.029338181147883467 -0.001989973344932814 0.7982311113656362 -1.3841592157750924 0.009588687502019407 0.021316401945607494 1.3891944074085307 2.1857720599028503 0.014816611910154858 0.00022216140117131428 2.21233861521272 2.3169600561751906 -0.008248760907345283 0.006942768087123111
3.0321553240365593 2.9706951838368334 3.2515057588054384 -1 -3.943325057775459 -1.3182894700176726 0.019288206890160028 0.024513196324891615 -4.354668389598408 -1.8994939644184177 0.036584576757960556 0.03729748058868918 0.3150979622480907 -0.7950878200593549 0.01091949305191421 -0.0031656065671546683 0.8716866796935188 -1.3583761530830205 -0.000550598154682622 0.01272352269998323 1.4096890323880018 2.18011654824383 0.013670902806141298 -0.0020414950919738616 2.236815315185531 2.3151992791596636 -0.007365339527209653 -0.014043728764682933
3.068816103987045 2.9270905972616355 3.2489345613475273 1 -3.818633043360583 -1.157558777440281 0.01683067825272242 0.024249107111957297 -4.21381403621433 -1.7602466206820766 0.03255291354987086 0.033183973754341865 0.3135522285430614 -0.7867405396597282 0.003811378630204497 -0.007172875751904189 0.8961490879843792 -1.3616962393687158 -0.006560697142117534 0.003556840156515211 1.4235421136689883 2.1346921309902505 0.011966731225824805 -0.01709700763850043 2.267537592797031 2.229085693330862 -0.006100079988015206 -0.020741853244975572
3.068233697105734 2.9178544345747555 3.2389946112822363 -1 -3.745210299299549 -1.0066607256696682 0.006932654161872189 0.021558227221266657 -4.112742930576441 -1.64851572825211 0.018473041238359807 0.02408107892405409 0.29628353829922993 -0.8050175768995552 0.0010848022936028445 -0.0110373613037337 0.8847141859979768 -1.4049117556129116 -0.010612421047663148 -0.0066672919379723965 1.4431247844795516 2.0227556676255096 0.01237892917594333 -0.023035952525101034 2.2941490877227135 2.135832861522187 -0.0049398477710417485 -0.022018665978796616
2.9691854242932 2.9322834442936125 3.217718723857004 -1 -3.7247224812633117 -0.8291595392393978 0.006882106007887751 0.03537807360092865 -3.966035026482796 -1.6439433907684502 0.04429653228799208 0.0032043530602258253 0.45755810498103155 -0.6668063233849264 0.03843619940224505 0.014958245928470719 0.6430643423078957 -1.5323132122668712 -0.054733304375189494 0.006811517613012065 1.3017490529985976 1.8579171496809699 -0.03134032338673085 -0.04509684393461451 2.223257772998311 1.9906044835634469 -0.041320711471514615 -0.04460503688946173
2.926174575885123 2.900902469323327 3.1893313503622536 -1 -3.694973288697759 -0.6365915100712223 0.005313652737606117 0.04431679500886414 -3.879010207654835 -1.4937658052273561 -0.009712869434873397 0.044540902559475425 0.3753088143371288 -0.6293345000006545 -0.036862875789311966 -0.005804498042279255 0.5583635252941104 -1.4710810722367826 -0.008711700166575985 0.03206525980590316 1.1168412464538573 1.5941996248714823 -0.015370598849916671 -0.08099727487054734 2.1915671179570966 1.674238275832018 0.001843632123514679 -0.10162718144138708
2.854309622582002 3.018993384051221 3.1242893207624927 -1 -3.7049450691374815 -0.4160172489582271 -0.005602667572696656 0.05668074002937195 -3.9465051344665203 -1.2989061721107007 -0.006032659264846654 0.014525758004027289 0.20628428035771762 -0.5821477801536987 -0.030166503472350007 -0.006479521675919489 0.5079438174783295 -1.4321624879641632 -0.042417716522240065 -0.006747281115385178 1.1009317511165273 1.3352940558838706 0.004339336418358758 -0.07617124215178162 2.2161880091766326 1.2969667400855358 0.009156832335255393 -0.09126317984953095
2.675081124614543 3.0954068848793077 3.1260403298441335 1 -3.7958868955033584 -0.22513956544723968 -0.031063137200802053 0.030877483845913024 -3.8846881572200282 -1.2075536201759385 0.006118656277422633 0.020371478122462476 0.2103745942922819 -0.6253220719020719 -0.002294825477223876 -0.017544877544189076 0.25535359568285365 -1.522773573101131 -0.05328533743325831 -0.039128838698055037 1.1753915871781242 1.1891539696289235 0.034647808244740716 0.001294177426238434 2.2929959499172954 1.0121915444139646 0.0027610512687672936 -0.03552953963087899
2.6495754499829256 3.055865721701533 2.9475203415386417 1 -3.8918554102370475 -0.09128004439177773 -0.018814464598863035 0.032093240469931346 -3.781951189918696 -1.1440714783227852 0.012703178732350965 0.00593910439185951 0.1443813995157317 -0.6312060327587257 -0.0494443434104803 0.004857716310018434 -0.11285992071839868 -1.6159355205280066 -0.07135207234411145 -0.008848893471075451 1.2649353422511904 1.0016123784460058 0.004604149871850923 -0.07134903888531817 2.336586586292385 0.8492639303508926 0.00524733663862742 -0.03690864719330344
2.689401602072292 3.120651185642673 2.9057701419133055 -1 -3.9545963915100986 0.012760429517728378 -0.01406103214276843 0.033722678381237145 -3.7651822703613393 -1.042131067669637 -0.014551639832597042 0.013520330591488732 -0.06665828519569583 -0.5788497129766245 -0.05344291670695866 0.016608211588220546 -0.3661812004374525 -1.595500948898696 -0.042377480511566756 0.011386535128831681 1.2999490007160768 0.7488887338678978 0.0006916009847813074 -0.06087573604684082 2.347420153619522 0.6983816190452432 0.00591134166670634 -0.056611744851438266
2.7267410976888726 3.117719400726281 2.9589498804144765 -1 -4.007172374457319 0.1534076363788377 -0.027543467749160676 0.025595588737236448 -3.8505311235660153 -0.940248283472561 -0.03627989290826928 0.01757586319002715 -0.258568334299321 -0.49698423751407184 -0.04318392976526668 0.02219015769065514 -0.5304528375770357 -1.5222737049496788 -0.04909636274279149 0.018273930458649803 1.3188719521031818 0.5762022328721055 -0.004163706745833443 -0.0431032406196683 2.360696548812057 0.4223328310091581 0.005319261665428329 -0.07683136090841856
2.7298203240737315 3.0797144856075427 3.007715371285628 1 -4.096107042046328 0.2939311913211127 -0.017541698780186514 0.02220994855304863 -3.8858564548585717 -0.8489819641696801 0.010591858143639093 0.021926857627684242 -0.3627556675104966 -0.4070144761726502 -0.02544689188808527 0.006230618354953036 -0.7304506060798577 -1.41237638932293 -0.037298733282685716 0.037195172080023306 1.3567360507124349 0.4464696731940465 -0.005613250856931821 -0.04413107574045933 2.340460296117544 0.09349946788221497 -0.00790814044301083 -0.08210847235887703
2.515423528181688 2.8916585816956757 2.858343662601328 1 -4.229708634298417 0.3832506500950794 -0.010137860876991325 0.007796552363894269 -3.8695077402611684 -0.7469499055911796 0.00919778182612076 0.034102127901763535 -0.4309966977063482 -0.33488934983266394 -0.00654538703026622 0.02491758526694861 -0.9184244807744895 -1.307108314965462 -0.03389356059744678 0.0008320291938935876 1.3590059576043005 0.30971634936581705 -0.013564495749117994 -0.050307555127462614 2.278515679581222 -0.20135164424318486 -0.017428683342864244 -0.06301353589937096
2.3348591612780227 2.7194535934598436 2.806259490563424 1 -4.334847839518363 0.44682145117897454 -0.025800269722245306 0.005538283309546975 -3.8685435881706614 -0.64152429028787 -0.02160679400325285 0.011976530025491483 -0.4930436535564464 -0.27488064434086956 -0.018610044221484354 -0.003494548428929348 -1.0385582927448351 -1.2374275189068493 -0.00816173390132097 0.02817120339924254 1.307089247895731 0.16087057347701283 -0.025812304972472843 -0.05393065750495873 2.198885663610823 -0.3937730112958864 -0.03421240473069215 -0.04352699464749643
2.270591045649136 2.622765392789247 2.789199797519177 1 -4.391715902143943 0.4915434956766722 -0.01510904449763863 0.009221692997108462 -3.8876020574827503 -0.5603155726643171 -0.01227046629102906 0.0057313409327207875 -0.5353354695098247 -0.23276256768366976 -0.013405090706073403 0.004089113269069795 -1.1249133127486508 -1.1648220083541245 -0.016215597745293533 0.02390528949381835 1.2522727975789039 0.05733991466373212 0.008711553177996451 -0.004117350776844393 2.1262051116960192 -0.5355091878939939 -0.009355393544629748 -0.016892322914703134
2.198793689666166 2.5186287886648 2.749540729723418 1 -4.430475988482105 0.5153417984446746 -0.02201485064030033 -0.004290336906285551 -3.894886579322811 -0.4966456884553334 -0.015081430825489971 0.0037706066669766893 -0.5410844776665886 -0.21694709175118465 5.6718138033571425e-05 0.016863107767816344 -1.2236833259868045 -1.0694346644846315 -0.023046782097539693 0.004921875713122767 1.2587618565398797 -0.028517306829931588 0.019055959081966715 -0.0002774691956058742 2.080141448562709 -0.694527359366041 0.0017414322948664587 -0.022313570537810388
1.9836230751354227 2.22013021672775 2.738340364374746 1 -4.482251119500608 0.5207718693473871 -0.01546939088284429 0.0044889965085026 -3.8878090288591483 -0.430774572622859 0.003965197155128546 0.010719262805597228 -0.6625606121089005 -0.0886706276535486 -0.01850516568440978 0.028627766363795895 -1.1597703800822772 -1.114281092576004 0.026485607251141897 -0.020255077582021976 1.2684494844004703 -0.0887622497768189 0.011920177489179735 0.008298478742260074 1.9976189872195418 -0.8879760712826972 -0.021397588038151304 -0.027081913229629252
1.5248526419583563 1.782908182100563 2.8026625516302315 1 -4.539885251648181 0.5182851403102255 -0.00033548046738386076 0.0021276360487812885 -3.877758922432476 -0.3701691709469561 0.004278057684252497 0.017589974643575427 -0.7729394114720902 0.02708735093435033 0.005375243334772057 0.011837978641922892 -1.110393298852884 -1.1113233667453135 0.012784800901096025 0.011671152520536278 1.2016832569674198 -0.045199705169264526 -0.03628390012593457 0.008375126767721158 1.8154848163585484 -1.019290572644273 -0.050239245339148066 -0.008155199736258445
1.1839249659062256 1.3453615094860831 2.729290545653636 1 -4.589284683470372 0.565047703018442 0.0013758274610991116 0.010562971056498185 -3.9269482784625844 -0.3637718377208615 -0.02288889563799541 0.002335351671132819 -0.8082828723906417 0.10313018648707262 -0.021847214414157098 0.019901371184192877 -1.2005100605782504 -1.0104463717851881 -0.04262344378438853 0.025577722129790002 1.1381146700200695 0.11090246274546733 0.011555430709074457 0.04661266369283437 1.6937211745791556 -0.9172501723792827 -0.002216018517701382 0.03258673612251371
0.9948745928878964 1.0722095845436137 2.432473590674622 1 -4.6170239293377575 0.6568193805573617 0.00883128682435606 0.006873646957670983 -4.007201877166385 -0.3686226710173164 -0.01107158896606217 0.01338274932531099 -0.855833973309756 0.17573853204557688 0.002429696291832582 0.003455516788801928 -1.3037460173189728 -0.931242267103639 0.00967328618660945 0.008647055027133855 1.1896197950190377 0.2840175300888501 0.03651600264530368 0.008780092670374984 1.6179067621707208 -0.7905457812211637 -0.02417943317383635 0.044425376795750315
0.8670671022320207 0.8847026549842191 2.209871125646075 1 -4.656229364450195 0.6858629624646251 -0.017598420651810755 -0.010416002835252555 -4.034261792825585 -0.33661215900383856 -0.0062354905851891365 0.007445036431055492 -0.9391201750223477 0.23955629224611186 0.007250648478041938 0.007190361781709623 -1.2812527529285758 -0.8864362107332435 0.03596283831805631 0.005447833427732916 1.3312976773957201 0.3914507468923849 0.046564163449517255 0.02122054740979182 1.5828307498193963 -0.7036141754797216 0.016275219812559426 0.01873129901054344
0.7070433427254817 0.659788958664756 2.0018752108946285 1 -4.718893146757263 0.6361451468432262 -0.018034028991482386 -0.009712476031783126 -4.0040204062352425 -0.27985283864127697 0.0031521005240828133 0.0034990494921574456 -0.9793293668209264 0.32789526186467155 -0.006995630170496892 0.011588696957980439 -1.1764745217555506 -0.8092109597433237 0.02121049137669726 0.03661333453326852 1.4775024792305098 0.4814939371913147 0.05433778046547738 0.021753788020558204 1.5992788411637573 -0.6135606587089186 0.03233129989577124 0.021647097629006015
0.542617808598683 0.43979628781389923 1.8345289492221635 1 -4.762852965110297 0.6064947625458721 0.00517079107640939 0.00324587844006972 -3.9868989377047823 -0.2450883326389952 0.010611887166643127 0.016355101300530084 -0.9297044810486259 0.4644584033775374 0.024196443655231388 0.026257153309513358 -1.0807884393685514 -0.6569376698766941 0.024989370317219428 0.04279512489119218 1.6456956144201786 0.5847537079236693 0.05331958268834794 0.022357880917222867 1.651621710818345 -0.5150757543975757 0.029650929189076212 0.015179955700849767
0.4125581266868078 0.27091228716100124 1.7379491038176025 1 -4.750529807990458 0.622446039169211 0.016757900386056998 0.006591112206601821 -4.0012453525287475 -0.24461129347163046 0.004491387565907799 0.007089411926462098 -0.838420200094057 0.6538090983737972 0.00698348116553256 0.04339587958356174 -1.0008767043173163 -0.45157259108360115 0.007077436338942429 0.04469912735990135 1.8381336765119727 0.6578664381393888 0.012286403824417766 0.00757900698981109 1.7013768283338226 -0.4363834415254877 -0.02018314234909132 0.02253030171634302
0.299777025726722 0.12273637430662054 1.6750039002256678 1 -4.698131424514959 0.6170659601708302 0.01909181391551417 -0.00527064601714591 -3.986674296090709 -0.2694715932042532 0.02024581316897011 0.0033708078366463563 -0.7537560989975671 0.8662135715169075 -0.0016197448597292385 0.04186246014475639 -0.9024245727799092 -0.23147583639281355 0.007624105222523124 0.04762625341260812 2.0191747241094538 0.6788865088189011 0.0440644025819066 -0.0008602463042999518 1.7481109721203412 -0.3863853307320586 0.022584298878074584 0.002087301347405982
0.18820463789266945 0.02661412389435741 1.5521980281017473 -1 -4.634595252027919 0.5445438894040606 0.01146477737007564 -0.02421551425387665 -3.9074746248517687 -0.31545157995478024 0.010603012326085369 -0.016194977111579082 -0.6862362070728079 1.0706175731067633 -0.0006541080574759897 0.039315367241629526 -0.7841720789767685 -0.025002850570026602 0.011080342661994001 0.04100546088992244 2.1573376630693266 0.6739609906923145 0.004994140848181779 0.005427296820370601 1.795771525210693 -0.3519179755892423 -0.01122446344654578 0.015323753827599753
0.10702770344972114 0.13290659396362647 1.3834512728723463 -1 -4.549711676280271 0.4626701700005227 0.014779056765220419 -0.011008510974392347 -3.8122171169583194 -0.3800536387310549 0.014953319595420374 -0.019897726839293542 -0.6173457999519361 1.2505140185929116 -0.002183178012273722 0.039968490231824624 -0.6689793725426063 0.15931370653411325 0.001306936600669835 0.029796054417829853 2.270192773801904 0.6671991562805399 0.01318908305322514 -0.013953494197557842 1.8353093309125734 -0.3207427770966331 0.0044503887246043865 0.017742107249663682
0.027194506875541855 0.22239413837693875 1.25767447469398 -1 -4.445936424771026 0.40742929010417894 0.018534756032755742 -0.009036117245070446 -3.7674262119791226 -0.45698812632834074 0.0026824320237283906 -0.016775923291346202 -0.5400510523618158 1.3981332699828708 0.027797896747315455 0.02905793530405061 -0.5852534826583549 0.3157175996140422 0.026568301316549584 0.024320564942403505 2.3638988622880523 0.6499745032804962 -0.003528334882891372 0.00667558963208896 1.8332989006462084 -0.28942505990291445 -0.026280198277774024 0.020528880634216557
0.10536693785755726 0.3801913894835779 0.9228138894554586 -1 -4.378017487769444 0.45028133703372775 0.013198088984102697 0.017525170560404077 -3.8466723302439716 -0.4581296712413463 -0.007173535962856015 0.025262774276141882 -0.4772925731365971 1.5690437911416804 0.009284889462623912 0.04664541921889101 -0.5233418884419709 0.513670663273387 0.01716393405309443 0.042644346751063225 2.5108109419385007 0.6452396349931586 0.058070639838855624 0.006088886846839954 1.981353259466081 -0.20143975107518974 0.048151241552751266 0.005662809402665935
0.15795874793435238 0.47955309692027226 0.4971981063968061 -1 -4.483607090508721 0.48139357699861285 -0.04240879632306076 -0.008428792584056948 -3.8535452266680315 -0.31415182440830536 -0.004570604761196442 0.030627733353445857 -0.3870083069356225 1.7469084004378908 0.031221943006725247 0.0125888624055817 -0.37702708696531406 0.7716477649765936 0.037439495674196424 0.06545588011777975 2.8484354428919225 0.5269828229764408 0.05860978946755091 -0.05028191394034721 2.2702821810208116 -0.1629501542924412 0.05916663970019534 0.016658892071739043
0.23397081549353024 0.6431976186335226 0.35789886370634255 -1 -4.5898620318025625 0.5082766491949795 -0.011191981614169313 0.02353155757797624 -3.875436549535202 -0.12590762162593538 -0.011302263256574855 0.021802012279483775 -0.14816016063339799 1.885081661863457 0.05878455618265781 -0.0014705039001764245 -0.18461403087981676 0.985911003961949 0.041492341211386674 0.052656282338927836 3.1805653166505827 0.36687836356997305 0.031216671129924677 -0.03593117082276866 2.5130243912729133 -0.20893953554423084 0.05225502673921742 0.0024920746349919552
0.2858077701319947 0.794645836424124 0.3802431704525129 -1 -4.558929716378565 0.6387036172251412 0.02545599639651772 0.022443499741014946 -4.015704276038455 -0.019725552815807457 -0.023771059110087395 0.032253531271291984 0.14776009360148556 1.9924089969060663 0.04974347429201282 -0.008837745379451457 0.0269581952331448 1.147924157329585 0.04773127693885379 0.051496331434036306 3.4233832776796405 0.28156941133341595 0.0208632048153259 -0.04154047243807519 2.774156156382598 -0.2808400513109256 0.07435971900925567 0.004065168448880559
0.24355806928911602 0.8353408265205525 0.47028472715779507 -1 -4.52514122669517 0.6818546305577355 0.018765155131870576 -0.027737681034529903 -4.03723197264678 0.09601779870357574 -0.004099489727284706 0.03464509684614511 0.3671231999796536 2.0679317877059322 0.03438139615252633 -0.019250090790837823 0.24887647809941527 1.2534527235554291 0.04545478877551488 0.03950645406878096 3.6695846710122435 0.12295775229915096 0.01569853712819405 -0.06416574903578993 2.9948481646659095 -0.3536686301946853 0.060177449656769216 -0.002023090470210487
0.20208115248524938 0.8875673163810738 0.6266703433843507 -1 -4.512790721973417 0.5741750011534807 0.023922819186597423 -0.031932377843401936 -3.9652804743617733 0.12985429248412617 0.010285795909827332 0.0048318611658669935 0.5597419731372435 2.0950577916158966 0.033325843620400204 -0.03044995471060505 0.42580218311578566 1.3063702321996038 0.034669018328840756 0.03342888691578788 3.8523282599664395 -0.0879973025391595 -0.008616027866227921 -0.05406070210741208 3.139748059657359 -0.47116375329835847 0.04958743843613214 -0.016110246115123402
0.15114184001585998 1.010646791494372 0.5805899222339029 -1 -4.4142542474857285 0.5205858086940232 0.04800624918847147 -0.018765660461628902 -3.884055210839926 0.04270068761027912 -0.002931400035270579 -0.005057211126375041 0.7356068104413689 2.082241004667798 0.02169920481035721 -0.03752166476055935 0.5523114008633954 1.326720385959422 0.028366280440236175 0.027316310935581754 3.926849758636928 -0.23356917459176263 -0.024977980253377358 -0.04361892997439894 3.2196899522508193 -0.6276424441839197 0.03684025586632297 -0.014360602663216555
0.08341469316145389 1.055312398820209 0.4472721115533194 -1 -4.283796166100834 0.501987613091051 0.03898247245584688 -0.02236717773042683 -3.8471058586071964 -0.057909365038733895 -0.004441972222454772 0.002653266967891456 0.833405838498396 2.053001070704541 0.003881657422129349 -0.03896331265904014 0.6443495702344517 1.3050124711335518 0.021434773112330902 0.02022821323435693 3.958666195114006 -0.36490435370213203 -0.02945837623158918 -0.04042075329189595 3.235996602750191 -0.7283001096153974 0.02917076618723402 -0.001623205677732508
0.00936610570866781 1.1053930456662289 0.39008368129986465 -1 -4.22405523403937 0.4473412109717121 0.02164961495925716 -0.0278139454209523 -3.7921281478634907 -0.11087221350076448 0.0009158411229913781 0.007375060220973409 0.8699463248913846 2.0244452270150424 -0.0033815543233067166 -0.038450612713604025 0.6906878844930677 1.2644681158693603 0.011596362360568848 0.019200363567861922 3.963097015581752 -0.4400257781488265 -0.03624205995939086 -0.023534413903250753 3.244136172098373 -0.8049594733956045 0.031184364164530843 -0.00213561863697357
9.733768 -2.0433106 7.6355367 1.4646875 4.5785956 7.985511 0.17893413 2.581043 3.0156043 1.988879 9.121485 -0.31572795 3.1701605 0.7819922 0.59650433 4.3654327
9.730043 -1.8026304 7.419205 1.4502718 4.58277 7.9804606 0.15170172 2.1681602 3.0629213 1.9688891 9.2073765 -0.29362226 3.2226005 0.77011216 0.5837277 4.3640575
9.718977 -2.1695876 7.6750674 1.4699498 4.5844545 7.9940042 0.2177997 2.7793522 3.0116472 1.9978526 9.086521 -0.32596248 3.1467798 0.79076374 0.653442 4.3525505
9.712104 -2.4279966 7.7234907 1.4774903 4.5196037 8.0173435 0.38795593 3.3042963 3.031907 2.0168097 9.065247 -0.32677233 3.124552 0.8098347 0.73810625 4.3224206
9.671267 -1.8741541 7.674034 1.466638 4.8164506 7.9412565 -0.20594335 1.8956897 2.9258537 1.9729049 9.009248 -0.38199335 3.1204581 0.766219 0.7902355 4.4034266
9.684846 -2.077454 7.710129 1.4737339 4.7265987 7.9678516 -0.008901268 2.3717475 2.9659524 1.9906391 9.013426 -0.36492202 3.1147795 0.78404987 0.8958765 4.3774385
9.812838 -2.355793 7.436206 1.4743367 4.1052628 8.045657 0.8549132 3.7839994 3.281397 2.028521 9.373365 -0.23073998 3.2831113 0.8352182 1.0044041 4.322187
9.835944 -2.8118992 7.56703 1.4906148 3.8784456 8.0796795 1.2139814 4.8896604 3.3356702 2.0674732 9.398827 -0.22250617 3.272413 0.87145245 1.1083757 4.2945204
9.858402 -3.0082011 7.7249775 1.5173825 3.8090434 8.091282 1.3337789 5.5700264 3.3694777 2.0889297 9.407982 -0.22619608 3.200974 0.8856993 1.2070974 4.257699
9.890141 -2.7505665 7.763678 1.5837541 4.1023645 8.055113 0.8766626 5.9929714 3.7075982 2.067082 9.45199 -0.37743792 2.8740263 0.8564452 1.3292205 4.060096
9.897671 -2.6229258 7.769337 1.6166886 4.261907 8.032552 0.5986165 6.188136 3.9141166 2.0543814 9.468043 -0.47693586 2.7039526 0.84124815 1.4125117 3.9563384
9.857758 -2.7719593 7.760624 1.5805207 4.0782285 8.05867 0.9209858 5.9599223 3.6826909 2.0705485 9.449284 -0.36249775 2.8999467 0.8609462 1.4293429 4.077876
10.044937 -1.1204958 7.842822 1.9424328 5.919983 7.838182 -1.898754 7.8741503 5.615881 1.9179125 9.666252 -1.2613122 1.0127993 0.6703316 1.7972313 2.9242072
9.985368 -0.5770693 7.9101305 1.9926426 6.222934 7.8830714 -1.5761989 7.6657248 5.1379805 1.901979 9.7542095 -0.9352045 0.8233305 0.63521576 1.8999723 2.8265033
9.876731 -0.7409611 7.925689 1.921011 5.90449 7.9706917 -0.6210656 7.0139866 4.3243365 1.935216 9.729763 -0.50511014 1.2302351 0.66824055 1.8823323 3.085999
9.864285 -0.6582799 7.931375 1.9356368 5.9711165 7.965402 -0.69241536 7.0678134 4.3683596 1.9300687 9.74566 -0.5172605 1.1631742 0.66104305 1.9263119 3.0464048
9.764571 -0.89786863 7.937258 1.8565375 5.5924845 8.046047 0.22485623 6.4529276 3.629492 1.9662216 9.71668 -0.13239709 1.6049107 0.6998049 1.8929975 3.324345
9.661908 -2.9660106 7.726255 1.5331075 3.9177823 8.104454 1.3820832 5.566261 3.2895555 2.0904303 9.387123 -0.17955223 3.1360388 0.88584745 1.5972737 4.2230926
9.544987 -2.8576407 6.5966134 1.4491924 3.6272244 8.165884 1.924764 5.391916 3.6342146 2.0495806 9.717415 -0.11211288 3.406411 0.89800274 1.5768312 4.1022363
10.347408 -4.314559 0.23726201 1.0799226 1.0839002 7.3438873 6.364354 0.41138577 6.061106 1.677834 9.471 0.8616631 4.457278 1.0813687 1.3862847 3.2188945
10.657769 -3.1021438 0.60257196 1.3788493 0.06580162 5.027525 2.739288 -0.32802916 3.2071972 1.3939764 6.070959 -0.25361216 4.0054436 0.9368949 1.5138502 2.7882686
10.608558 -4.2042804 0.49150446 1.2867146 -0.68697214 4.633521 1.5328363 -0.07099247 3.5112891 1.3973191 5.456869 -1.0920012 4.411401 0.9969585 1.3838123 3.0833635
10.175951 -4.3730264 0.34832013 1.3340394 -0.22826433 4.946231 2.6063294 -0.7210922 3.717277 1.4664918 6.118698 -0.5320276 4.1330423 1.0391792 1.4334366 3.9279714
10.932646 -1.6884804 0.8967782 1.503847 0.014637947 4.445211 1.6419042 0.05893278 1.9690377 1.272633 4.945613 -0.45806643 3.7967243 0.82535696 1.6563116 1.8957629
11.113576 -0.6134453 1.0552928 1.5545002 0.35287714 4.476494 1.6418846 0.2794571 1.4198536 1.2174039 5.022865 -0.22854728 3.5974402 0.74423945 1.7542835 1.2246003
11.179907 0.13146734 1.1372434 1.588883 0.6779742 4.5935125 1.8604333 0.38090062 1.1179261 1.1926668 5.2458987 0.031351447 3.4307024 0.69445384 1.828453 0.8539562
11.200022 1.0120425 1.18644 1.6131457 1.2073386 4.9309664 2.411621 0.62820673 0.9165814 1.1828561 5.802683 0.4522847 3.23664 0.6393455 1.9168316 0.4217167
11.166703 0.59889174 1.1799865 1.6159345 0.8562095 4.625992 1.9676267 0.36453557 0.9189012 1.1799858 5.337191 0.17809795 3.315893 0.67003715 1.8806599 0.72509384
11.020912 0.5032706 1.1722358 1.650543 0.77262497 4.3960032 1.6889755 0.054651737 0.7269087 1.1746665 5.0861554 0.0867887 3.2384176 0.67920923 1.8840134 1.0625811
10.96066 0.47316504 1.1550169 1.655509 0.7764828 4.401224 1.7673111 -0.023283005 0.75914633 1.1831632 5.087665 0.11553338 3.223894 0.68875897 1.888569 1.1811619
10.902618 -0.1637454 1.0541463 1.6000636 0.51979065 4.4643755 1.8591272 -0.006286621 1.2540581 1.2238388 5.0702987 -0.039788812 3.430359 0.7454492 1.8274242 1.4635944
10.838665 0.038887024 1.0610282 1.6354659 0.699249 4.5662594 2.3088026 -0.17270184 1.2175938 1.2365208 5.1704373 0.22661689 3.3029659 0.7473203 1.8690954 1.569807
10.781849 -0.061773777 1.032476 1.6319671 0.7090502 4.6302056 2.5154386 -0.2514801 1.3473235 1.2534051 5.2420983 0.29228324 3.3069808 0.7639322 1.8683995 1.7032356
10.60131 -0.77788734 0.8981296 1.5776076 0.53058815 4.6868677 2.5659966 -0.38920116 1.8107094 1.2975465 5.404685 0.1478384 3.457852 0.8210447 1.8032724 2.1736178
10.03773 -3.3532162 0.42185786 1.3832474 -0.07392311 4.946613 2.8300292 -0.75404835 3.459207 1.4566476 6.0087905 -0.32206106 3.9905684 1.0236435 1.5669018 3.7840824
9.980028 -3.8879132 0.33501348 1.3120083 -0.26517534 4.983713 2.6178071 -0.64836836 3.7967944 1.4761469 6.179083 -0.5569514 4.1735525 1.0565628 1.5002861 3.930345
9.914217 -3.7681298 0.33298144 1.3265693 -0.13555813 5.0499 2.824222 -0.73122597 3.7563791 1.4814895 6.3156776 -0.41680783 4.0935345 1.0543811 1.5219672 3.989091
10.01748 -3.4181247 0.39100978 1.303781 -0.03697729 5.0839286 2.5784197 -0.50154257 3.5903757 1.4487792 6.537517 -0.45821765 4.092098 1.012958 1.5329874 3.5657444
10.023273 -3.273611 0.41199738 1.3067472 0.0054068565 5.089429 2.5602012 -0.46702003 3.520588 1.4406588 6.5663824 -0.43697977 4.0706625 1.0018859 1.5446441 3.4671054
9.998204 -3.2073321 0.41868016 1.3134096 0.026520252 5.087061 2.58501 -0.4824314 3.4886813 1.4395685 6.555274 -0.41234657 4.0514264 0.99966717 1.5532383 3.4619513
10.439481 -1.9179015 0.65987337 1.2801175 0.31653214 5.108588 1.830261 0.23386359 2.802576 1.3230426 6.953059 -0.4944036 3.9975624 0.85691404 1.6104472 2.0270753
10.797253 0.046501637 0.94193363 1.2843467 1.185338 5.4556723 1.8223097 0.7483094 1.922214 1.1999893 8.08523 -0.016431332 3.6344914 0.6681701 1.7517798 0.49966908
10.897957 0.71938705 1.039887 1.333911 1.4816339 5.5956397 2.3921409 0.7140484 1.7735631 1.1892927 8.178469 0.3690282 3.4739156 0.63350034 1.8304268 0.18317986
10.636978 1.3675499 1.0395862 1.344026 1.9622576 5.5232983 1.7906072 0.5752034 1.2669866 1.1414464 8.910566 0.33046812 3.25344 0.54655814 1.8702252 0.06584835
10.809818 1.9380279 1.1532652 1.4411688 1.8792636 5.33377 2.3534741 0.6681683 1.13761 1.1423002 8.176855 0.6435195 3.1320267 0.55964637 1.9457474 0.039180756
10.5948715 1.6777873 1.056689 1.3324537 2.1491728 5.6169977 1.9232477 0.6239853 1.2431799 1.1303601 9.3127575 0.46676534 3.1800117 0.5227771 1.8908128 -0.050434113
10.845652 1.9687636 1.143602 1.344168 2.2774854 5.9654837 3.1392043 0.70872664 1.6185166 1.1602452 9.354347 0.99377453 3.1629684 0.54224706 1.9420016 -0.32928658
10.391524 3.137476 1.0946977 1.3700407 2.3192677 4.9452367 1.073107 1.391988 0.76725674 1.0710601 9.8448715 0.37021375 2.9474187 0.45024872 1.9487022 0.11832619
10.262577 2.9449782 1.1177173 1.2827206 2.5725017 5.2265277 1.0340184 1.1340828 0.9648503 1.0645854 10.90341 0.37501496 2.9719353 0.420305 1.9157693 -0.0330925
8.648012 5.343975 1.9460285 1.3942307 1.1412191 3.4961498 1.1927102 3.283939 1.0130546 1.0194889 10.980886 0.37586626 3.0281422 0.4443301 2.0145712 0.63742924
5.1973443 3.3989751 2.436099 1.3178688 1.225806 4.7772894 2.13724 1.7996905 1.1769332 1.1016502 12.549991 0.1281588 3.4278774 0.42591894 1.9718235 0.30141544
5.296274 3.0519786 2.3247101 1.3068757 1.2923045 4.996947 2.1672454 1.4235628 1.1992662 1.1103611 12.578336 0.11799112 3.474747 0.42671847 1.9547615 0.24385357
4.881939 2.4725842 2.4268036 1.3491589 1.02404 5.0703354 2.3496017 0.76621985 1.1341671 1.1283119 12.044086 0.05117163 3.57531 0.45212483 1.9472915 0.31176472
4.5020037 2.5092854 2.550198 1.3653573 0.8541534 4.9889417 2.4474192 0.7397578 1.1326149 1.1312115 11.988308 0.035107523 3.6154294 0.45831287 1.9533352 0.37077332
4.6792145 2.4968858 2.4428296 1.3211955 1.0782719 5.147123 2.384482 0.86123085 1.2089827 1.1288576 12.454638 0.05112365 3.5945756 0.44255877 1.9429091 0.2652855
3.6898117 2.795152 2.773543 1.3527796 0.6895714 4.9259787 2.605213 0.8570292 1.2297931 1.1312559 12.514899 0.028253645 3.6942897 0.4482386 1.9581187 0.4092512
5.928708 2.6637578 2.2809684 1.2799662 1.6358199 5.230289 1.8712339 1.1239657 1.1439974 1.1111474 12.509363 0.09914541 3.3853052 0.41730762 1.9341989 0.14949226
1.9535074 9.2483015 3.294145 1.5679522 0.9112804 3.8358047 2.653692 5.04304 0.63792706 1.0820383 12.5012665 0.5821347 3.3832414 0.32670915 2.2193446 0.8122015
2.0984163 8.507069 3.0999396 1.5972618 0.8777008 3.9354558 2.75231 5.903551 0.61090535 1.1110044 12.49115 0.47228992 3.3684673 0.35414422 2.230115 0.7234249
9.2786875 7.3152742 0.7923415 1.8152953 3.4516506 5.9106226 3.4922106 6.798982 0.13149919 1.2288454 8.282377 1.4856896 2.5914292 0.4325843 2.352333 -0.37190056
0.5953126 13.590013 1.4542346 2.5760145 4.4838543 9.738574 2.5260625 3.4885435 1.3298563 1.2492083 7.483408 1.5897642 2.7280295 0.42829132 2.611465 1.7431765
1.8781357 13.876629 1.9769207 2.8095837 3.1332073 7.609815 2.7061386 3.1258674 0.7556205 1.2235961 4.672616 1.6268711 2.7147846 0.5017109 2.64602 2.2475214
1.342308 13.820122 2.3555403 2.9226851 2.145435 6.6929736 2.1974797 3.2631464 0.28489292 1.1836312 3.6845427 1.3836731 2.6510818 0.51095366 2.6379774 2.6602945
0.70506907 12.407899 1.5601857 3.1236784 2.6162739 8.76394 3.8732593 6.582408 0.8133317 1.3418643 3.2660098 1.6531341 2.4804385 0.64283717 2.8197956 2.3288221
-0.22137594 12.983416 0.93602324 3.0552309 4.3747683 10.534004 2.091569 5.0617766 0.9662156 1.3009429 5.3394794 1.2658484 2.4326355 0.502802 2.738883 2.2569304
-1.5221806 12.040414 0.55863 2.6942198 4.3691015 12.068419 1.7803476 4.477326 0.43705738 0.88863564 4.946185 1.1696959 1.6959656 0.28430915 2.6094213 1.4327655
-2.7610488 11.710768 0.36355236 2.4099345 1.8233061 12.82824 0.47802964 2.4165049 -0.64375365 0.2545526 1.7794905 0.38592726 1.5252973 0.059536934 2.4007378 1.2627659
-1.7915535 13.8064995 0.68113977 2.3811085 -0.63994026 13.236388 1.4906273 3.2027867 0.4900893 0.25747192 4.9854813 0.85154176 2.6078315 0.02089715 2.3188117 1.7160892
-2.3286247 12.861456 0.5353789 2.3349183 0.06361961 13.07199 0.75239974 2.347941 -0.009371802 0.17790401 3.4725268 0.61548877 2.042854 0.020319462 2.250078 2.0704494
-3.0662465 8.27412 0.010737151 1.9185759 0.47038746 12.852929 -1.1884267 1.3104994 1.1832657 0.18332219 1.401932 -1.088744 2.3209655 0.21935368 1.8272321 2.7735877
0.1146307 -1.9365392 0.5727303 1.3407831 -1.7441044 13.221941 2.5075707 6.864073 1.2506282 0.3185773 1.3127916 0.2753342 1.1220573 0.99205756 1.4010588 3.2459288
0.18967533 -1.9572144 0.56195426 1.1367128 -0.9526105 13.789372 2.699479 7.099948 1.2557075 0.28944087 3.5832477 0.6433382 0.85288143 0.975258 1.2855244 3.4700928
-2.874792 4.0395265 0.096766174 1.0578766 1.0097237 13.15505 -2.4793515 1.944701 1.192898 0.03285861 3.1742501 -0.99012244 0.8648474 0.4088949 1.0718945 5.7966633
-2.9062304 4.0641875 0.10268581 1.0471865 1.3605561 13.117248 -2.1709425 1.9529781 1.1982524 0.05944383 3.4550128 -0.80202377 0.7206491 0.44532216 1.0417646 6.340801
-3.4109678 3.2378163 -0.046582073 0.95876133 2.5678287 13.357402 1.0272864 1.1153374 1.8268808 0.22250748 4.9551535 0.585938 0.030965477 0.71511126 0.9167132 9.793662
-3.6603055 2.7964292 -0.051567703 0.6471932 2.8478055 13.968144 1.8577468 1.1217363 1.6992568 0.1259687 7.0496874 1.3319019 -0.7660582 0.7266537 0.70690906 11.399832
-3.207726 2.3297582 0.102528095 0.5302732 2.8418994 14.132846 2.7820828 1.476407 1.3008455 0.09843063 7.650429 1.8120806 -1.1670761 0.81087697 0.62359476 11.903445
-1.1374688 0.65629005 0.46754804 0.5147636 1.638557 13.558311 5.1564865 0.04660511 1.110807 0.2269311 8.304467 1.9256108 -1.5774877 1.0926298 0.6250446 12.8378525
-2.489067 0.7510357 0.37659085 0.43506408 2.2994657 13.677324 7.0095997 -0.10656023 0.36240944 0.18967533 7.7623014 1.7048035 -2.2590222 1.0011632 0.5917642 12.052062
-1.2105932 0.20048189 0.49902228 0.5128579 1.4945245 13.126318 7.3823986 -0.8721695 0.5275827 0.30907643 8.224318 1.4355505 -2.2336898 1.1482782 0.6517321 12.912924
-0.26842737 1.066855 0.067843795 0.78665555 1.1494927 12.506663 8.415888 0.76334786 -0.35341597 0.64301205 9.166082 0.26801845 -2.588029 1.3478972 0.93551916 14.360472
0.7213869 2.8092833 5.1022944 1.3616407 1.9939566 8.874626 9.434972 -1.3746572 -5.615711 1.0247562 12.19137 3.7780478 -1.3937868 1.1052196 1.5104152 13.190872
-0.646091 2.9133625 0.4517048 1.780036 3.5662537 11.394871 4.018764 1.0111303 1.2244667 0.9494637 12.867971 3.4213872 -0.08673948 1.0681881 1.6482127 11.211836
-1.8557405 2.5433364 2.6841977 1.6440418 1.7199063 8.144513 0.12236562 -2.350493 2.619229 0.8426719 12.714804 1.4179718 1.876257 0.6927599 1.3469007 9.797988
-0.27138138 4.601982 5.174769 2.3152206 2.6487784 3.8383465 -6.5386443 -2.3828363 0.73801786 1.2990285 14.575226 2.9947844 2.6620479 0.26144552 1.7917199 7.4350514
0.30167913 1.3126707 5.4273086 2.2156942 0.13618755 3.4311047 2.0672474 1.7982442 -0.5913259 1.6102142 14.164556 3.3994439 2.8084977 0.5863893 1.9462332 6.2435465
1.6565604 -0.39850712 6.5014367 1.3955904 -4.0696735 7.599824 10.411702 2.7380886 -3.6850505 0.894837 13.926289 5.8560743 0.71632224 0.73718727 1.5186192 6.9179554
2.5154443 -2.0018463 8.12768 1.2180457 -5.185699 8.019027 12.144279 0.5891619 -2.6359372 0.599951 13.719957 4.583009 -2.0282068 0.6339598 1.4161687 6.750352
2.2026114 -0.76432943 8.571695 1.5219831 -3.4244199 7.2280793 8.0041275 5.21671 -0.56667805 0.6603998 13.772701 3.337503 -2.6181717 0.59014595 1.6330892 6.623025
2.033133 -0.3961749 7.820011 1.5165899 -3.4121542 6.8986363 8.072812 5.892608 -0.8049827 0.7258315 13.92104 3.9554806 -1.512125 0.667668 1.6324762 6.786459
14
14
14
14
0
0
0
0
0
0
0
0
0
0
0
0
0
0
0
0
1
1
1
1
0
0
0
0
0
0
0
0
0
0
0
0
0
0
0
0
0
0
0
0
0
0
0
0
10
10
10
10
10
10
10
10
3
3
3
3
1
1
1
1
1
1
1
1
5
5
5
5
5
5
5
5
5
5
5
5
15
15
15
10
10
10
10
10
10
10
