63
1.8508384228114678 1.903058623383455 5.5945151711296655 1 -4.18 0.3799999999999999 0.0 0.0 -3.65 -0.47 0.0 0.0 -0.7799999999999998 2.49 0.0 0.0 -0.25 1.6400000000000001 0.0 0.0 1.7699999999999996 4.07 0.0 0.0 2.3 3.2199999999999998 0.0 0.0
1.731766973331651 1.9756629691339291 5.5904164882507486 1 -4.174122810166577 0.37886728513371515 -0.0061175604405100115 0.007229181114155657 -3.6507639734343487 -0.46929771591607194 0.0031827227325816904 -0.009974289010845816 -0.7799578054994729 2.4914951321486947 -0.007063986844725912 0.012123190776991338 -0.25014068058914773 1.6389461490586474 0.007081248433503277 -0.011757342598745396 1.810450128502386 4.017435782438199 0.038329314361281834 -0.002066306593861679 2.3394986205794615 3.213415029069412 0.03200418112989023 0.006406282048137962
1.7514810954086117 1.9336305527094515 5.5952804572981565 1 -4.171230528356679 0.37611733587182417 -0.0076262406119694225 -0.007476930242817332 -3.6500874082440937 -0.4678410234956749 -0.00874879044182009 -0.0032387875111185077 -0.7547737519373965 2.497140926293271 0.03439761808234512 0.0038748985735491716 -0.2389794699004364 1.659706419923583 0.017480546617730592 0.029498629827882417 2.0598261389611556 4.015654922683271 0.06656759451391533 0.00815380375563185 2.495715969239339 3.2403299923487765 0.04326321724568592 0.012967871131474157
1.7272788918365658 1.9043456290369354 5.565953857872059 1 -4.16368960162511 0.3724359463135478 0.016434101304937276 0.0030804751962430054 -3.6444077425734744 -0.45997465779238345 0.010224631324475531 0.012564297182810578 -0.6420057146303519 2.542111949809443 0.03176896255173047 0.002442969736172737 -0.15937564072390575 1.7523408945964554 0.013661778501779673 0.03154763722822147 2.369643938490409 4.060607490600728 0.06341036678745313 0.0010521810348921266 2.752818803384322 3.284619211840477 0.0535204616170102 0.015814097990639035
1.6872170571575438 1.8616652799942899 5.514227723755778 1 -4.132996261301871 0.36555864775977254 0.00012025151971456136 -0.010150748351834311 -3.6391445355267305 -0.4358304813289101 -0.009444006265173287 0.0034929409825188024 -0.4563943030606925 2.6558371221299524 0.04370811218080109 0.003339538617878529 0.00855361631816276 1.8952867580783077 0.017618627057304142 0.04282070110071691 2.668722421519071 4.097568411336815 0.06559665140884591 -0.00021366893515769106 3.0254368466538963 3.3134142409782834 0.04753083377272176 0.010782798312098413
1.6599139654220267 1.8232974610941417 5.460347355632453 1 -4.080692270878506 0.3547936845039348 0.01943866196413232 -0.00853761299360926 -3.6233382659822655 -0.387261401237908 0.002158918041979374 0.021122010738095363 -0.24824941630953212 2.799189178697146 0.04428904211816451 0.025773935412626934 0.19771160104853713 2.043105381044387 0.03570142869491279 0.03294252899982884 2.9922522714320134 4.130262411265318 0.06761037377587738 -0.003951339712183578 3.266286783023105 3.3191488926724775 0.044879512499940086 0.00886868284089777
1.6450037484063473 1.799507482650259 5.408821252046946 1 -4.026813926000343 0.34442284838810866 0.012217015102992992 -0.00375996687833291 -3.6036904709397395 -0.33531180288934304 0.002428278053219184 0.012185701849341814 -0.04946833594944522 2.9375568481369587 0.04075534116399927 0.020337988796824545 0.3776039549738135 2.1883099706472366 0.03167460137675659 0.03341994428419261 3.3050078189901857 4.13984921365244 0.06327348791084474 -0.010798002049805501 3.5162917490287686 3.3186149901610484 0.04937515296688822 0.00908447993511332
1.6671183690709168 1.8181132925836987 5.353453507672501 1 -3.987199866182295 0.3398033117508952 0.010116626771728992 -0.005419103992484648 -3.59129964067688 -0.30067909505918977 -0.0008567824855098948 0.011083644965474655 0.12423507666624811 3.0512847530758007 0.03736170960123548 0.012435923416986426 0.5328190041849332 2.3170950886976747 0.02390573861414005 0.030034326537917787 3.608973757738651 4.123143971661482 0.06246689834975021 -0.01808105494212099 3.766170550339714 3.3029198369975656 0.044568869490513835 0.0058077075486719955
1.7038067415401459 1.8420388263014893 5.284186789717057 1 -3.9670126233223133 0.3383549238008752 0.008079591112901338 -0.006609763602016316 -3.584369434157061 -0.2812242124249532 -0.002149873443494493 0.011023731316837227 0.27660170522205973 3.1370175529606907 0.03375260755360777 0.0037261792010944185 0.6541658283301377 2.413422160192343 0.01659798022102504 0.02573460451381728 3.899973696996982 4.076635938231648 0.05476171088244208 -0.026572641526028958 3.9822956793775734 3.258765279514682 0.039387192679815414 0.0026117159475026394
1.6963761879115624 1.908779790613382 5.174797962607105 1 -3.850510805269459 0.4569483107257313 0.05567078904500339 0.03896024460376318 -3.591285832304613 -0.29169714661404744 0.006248257892014017 -0.001943682515659486 0.4261323607993823 3.1522363653236614 0.03221274133167843 -0.009310102917505968 0.7643794879186316 2.429433651012913 0.02252654308483318 -0.005822679130389287 4.051638715723801 4.014136142498675 -0.007431292939822205 0.00470375982739147 4.158679383802371 3.1635292379109385 0.021131345924298182 -0.05145203055371837
1.7741949006040687 2.1317276046114917 4.884760450645412 1 -3.6238752266470726 0.5596711702619739 0.01584999761989287 0.009875176063092277 -3.495302757378882 -0.3359895955496941 0.0320470799811632 -0.02697209303118408 0.5408629718131568 3.075591459047569 0.02363403195463764 -0.04415141434110531 0.860595287999165 2.3252873770265152 0.005547486843326771 -0.009699229976673883 3.866373699310458 3.9124377928517644 -0.07151563415205439 -0.029690865294175223 4.1110139966962045 2.9483795702131275 -0.061650493111656934 -0.06485204204437582
1.8522564173836704 2.2069905446990625 4.6952839416583405 1 -3.562720811963357 0.4963820786206341 0.004952465942505067 -0.008853475874173731 -3.440021005161766 -0.32152806312612703 0.008727888316773244 0.00847276887322747 0.5378990957880285 2.9476060229037375 -0.003272730736772096 -0.023562724451031067 0.8741049477093439 2.1169783849188106 0.0031670688552995208 -0.04518984988385154 3.590606077801665 3.697662715912367 -0.056088230477050846 -0.0681823738578045 3.8248559557160586 2.680304541729975 -0.0674790323154101 -0.03065874325450778
1.837410305117949 2.134521203572531 4.550241879095798 1 -3.6256264574184707 0.4759008949532859 -0.03127010783538111 0.007419692338734036 -3.4409238392203614 -0.28623168767922025 0.00039886552342161333 -0.01134387942742155 0.38290990748091414 2.778072884084897 -0.057340323941411434 -0.028574656967907272 0.7443685106942306 1.8512236476699946 -0.04184512863583202 -0.06869220642525545 3.236341746943997 3.4795932819918134 -0.07054729052241238 -0.05582955034846805 3.4620341270012043 2.4302740326944905 -0.0686638599368169 -0.020064786349551746
1.8164573876097252 2.1100378292808886 4.479946767528733 1 -3.732717373794594 0.44073062573892563 -0.01657414010032998 -0.02083847032747472 -3.4840294447617763 -0.3183557116288094 -0.01846794062986456 -0.007817156397603867 0.09220160778169895 2.544335307698932 -0.06313089049090652 -0.06962317381860914 0.49281594465960676 1.5871893028393402 -0.06656652064558548 -0.038095429496406485 2.816227995096501 3.3097428764166965 -0.10472239584542695 -0.03400089274098589 3.1449360674260554 2.27009657718984 -0.07267512425244915 -0.03199824385856568
1.847932650480598 2.1651174607123975 4.47864782193949 1 -3.8579310979639363 0.35581772752562246 -0.022308168374933168 -0.022664184436219537 -3.575510701234552 -0.47699380984537953 -0.020553492393049544 -0.03546143335808328 -0.26594617253179464 2.2666193673410384 -0.07039617134075493 -0.0746638008920961 0.16790042123274418 1.3160618151394585 -0.07972338238671524 -0.04586240787038995 2.3851498345388906 3.1489488330061732 -0.07009761231536801 -0.022899853153015917 2.8499332523047594 2.1636001298292076 -0.046368963711977906 -0.021505901587534834
1.867162968389046 2.187500280476714 4.483160657790482 1 -3.987771319475042 0.2674214916050157 -0.021989002407689317 -0.014523928888450804 -3.6467721345157873 -0.7097122423858555 -0.005386864844544863 -0.0495903081768602 -0.5992420904014542 1.9741468704046974 -0.07168633049861235 -0.06888810377039131 -0.17429709054632792 1.0160654188255194 -0.08130633954616553 -0.0626940474000113 2.0021046839066816 2.9671785450632693 -0.05577576727566366 -0.02467227599458186 2.523500999023085 2.0239509418850576 -0.05065321494709725 -0.025039174609979148
1.8597341384979607 2.1615515300741768 4.502338733992186 1 -4.072554107937404 0.19245465564130493 -0.003624268290715314 -0.006921536713714559 -3.667834973175404 -0.9412913414721884 0.004087225194441185 -0.046323681360441085 -0.8815898576643 1.7048414815445367 -0.07223989550788282 -0.06051878496562939 -0.4670332358750571 0.7157588031563227 -0.07293576361093146 -0.06187635203770403 1.6483767507610372 2.7866728661567772 -0.051927067347534356 -0.020462239264265998 2.183927308198477 1.8609404763473898 -0.04743338765932022 -0.022562752377371202
1.8403906233717569 2.131096235644644 4.5399346310978705 1 -4.061761572990891 0.11995756962202986 0.0233836801346864 -0.014205066282034414 -3.7033425558640936 -1.1198123495673264 -0.0027823863676810757 -0.02565654953967492 -1.1093887990432205 1.5107907756449221 -0.057118354537521836 -0.03958924260719254 -0.6564491042935603 0.47032324847528395 -0.0457965576154579 -0.04893286773246509 1.2904608099162687 2.618163828082094 -0.048100202754503926 -0.014862700138490987 1.8697787707330118 1.700397646166559 -0.033766484168793263 -0.01999673991865312
1.8136660020859574 2.1275930871388358 4.562018669590633 1 -4.006149120617187 0.0151099289003922 -0.0003216292618549721 -0.017982125084985374 -3.748673613771368 -1.2565902016258512 -0.024582142773931677 -0.031266942931228434 -1.249439569542389 1.3922332028848854 -0.038244686124907785 -0.03172905990200549 -0.740171212597664 0.2972235051885921 -0.03183848127570797 -0.03686828183370572 0.9757926927922762 2.466278154890089 -0.03148864876176467 -0.009840517958770854 1.6348053125888553 1.550024471031775 -0.015071292540106744 -0.01429297490654858
1.846289993536829 2.1762946429593084 4.546026763979743 1 -3.9528840653492554 -0.09245687551079784 -0.01801577837547521 -0.029478721135417107 -3.8026513827224595 -1.363331026408279 -0.02087413663377817 -0.017964031375319506 -1.2950174303811255 1.2966143129299081 -0.02128199139647149 -0.032059059493657824 -0.7576204446126291 0.1706381141665847 -0.01905401917107444 -0.030740449633789836 0.7863655767462099 2.349141742272824 0.013318350035811305 0.0029686327247811367 1.5160830633001128 1.4296645686853542 0.01483583248375622 0.010270494792591841
1.951094052286707 2.2843198305934194 4.50188762271025 1 -3.9210409540754796 -0.20280529072619702 0.013047164209975235 -0.025294143967607957 -3.8438311713340454 -1.4559606209162383 -0.007392550284987004 -0.010102171283478598 -1.2876248921989477 1.1784092311354746 0.01899466875602691 -0.01941138800142458 -0.7195380811933632 0.06700988070986624 0.02734861112093976 -0.011685858129017575 0.7504750961990405 2.2659074079516657 0.0279289934521101 0.004482292736089764 1.529493786628299 1.3827629245680018 0.03175431824459467 0.019440725960286183
2.0796798745815295 2.4267900209424798 4.462449340914119 1 -3.878469325109883 -0.29984885951869356 -0.011721125820163155 -0.021757174824075305 -3.9166036728219407 -1.524267137216572 -0.03205562437177793 -0.006862565483860503 -1.2473490893454304 1.0268457841108156 -0.013775604333034912 -0.04905061215037149 -0.6390650209019357 -0.024519681109947178 -0.00828175918329524 -0.03379414009839038 0.7952413670472467 2.20643305571074 0.0286924892482232 0.004724583846059595 1.6362689409176197 1.422352778640998 0.03370896922799081 0.029167438748070436
2.219781022298917 2.590052383890172 4.452231504241623 1 -3.818944078929547 -0.3936167963538074 0.005399475119467083 -0.01118814428008572 -4.005797489168003 -1.56006675000822 -0.024203769586888548 -0.010588389130122288 -1.157994014580067 0.8609074801163876 0.013377003993856267 -0.04416455344628835 -0.5191781729310909 -0.11797809104793577 0.011899185207197347 -0.02521147632991196 0.8736165174504764 2.191524158371255 0.004524729842393674 -0.024931580290921143 1.7693330579233395 1.5165072755237299 0.006676168700679611 0.008145572529279915
2.3606108759126214 2.7324227488983897 4.412854132899117 1 -3.7676513414535413 -0.4755137475075901 0.013259105749567013 -0.015086514784445448 -4.081663679296534 -1.5758725822828838 -0.01100479150448851 -0.0018628441227313696 -1.0231447437196044 0.698033744730274 0.023446434669799763 -0.032718878318849655 -0.37963291539291255 -0.22410582737520968 0.026259150574084063 -0.028824065657378967 0.9556622276025788 2.218779701830526 0.0003009490480948094 -0.006199451027701249 1.8807265085726854 1.6293276075553003 0.014070428215126558 0.00573325824716904
2.4321411031914892 2.8095269694102636 4.355450567677715 1 -3.7368314693192124 -0.5273611749137169 -0.0050867122975674535 -0.0010517785557832005 -4.114792141247347 -1.5769429788185634 -0.00801111073313424 0.00153722274213609 -0.8685175762413171 0.5404684435504006 0.02077024234154995 -0.03661139591371213 -0.23198409463934588 -0.33773168736941706 0.020155412018429533 -0.028583619456513693 0.9988426974976141 2.2589319684628055 0.017843109113747826 0.03301452616227186 1.9485336716108828 1.732276940846332 0.020201247353422623 0.0399915121539081
2.6163363948287777 2.9169577087618888 4.235420529789831 1 -3.800770075037841 -0.6967734064604176 -0.00718585545925334 -0.05871837801087226 -4.097088678068574 -1.697878978599627 0.009998371980759254 -0.03114776183892231 -0.7094135726175579 0.34306185443859927 0.04586442190745564 -0.056010939233255924 -0.06527181740152077 -0.4640221871093567 0.024678803712621995 -0.011551627465353924 1.2376072147717405 2.309382103721297 0.08901401304680441 0.0357235012696029 2.0813662003059727 1.8207448788955718 0.047228383366741566 0.05251463588652996
2.661136231782269 2.9311109610015396 4.106392195941941 1 -3.835286200650811 -0.986866188461069 -0.0004538324630020702 -0.050741476818131466 -4.21089396995543 -1.8010962992443647 -0.049036778487761785 -0.015320883676140405 -0.5009622432667706 0.15007979932692428 0.061206817136588335 -0.0328948844007864 0.11152563143704874 -0.5670929290016189 0.03792458741400908 -0.0012433477453755587 1.5684378104371124 2.4313010496099614 0.030158524342472973 0.03860059306759791 2.3796879309373846 2.1252441654969494 0.09186380820421991 0.06915352201862023
2.6889200855626787 2.9775863740329704 3.9904591585259808 1 -3.878624052916857 -1.2115034684913342 -0.019944116876752918 -0.043107208166596384 -4.402166879929625 -1.8200473549233227 -0.008178252317637913 0.009386979834799095 -0.23772214274364067 0.028518968716606974 0.0320234653747357 -0.0017860775455751585 0.3291164423778783 -0.5973390500026445 0.0626119136186527 -0.022776597589628658 1.7869140063495967 2.628809883471248 0.0016564870903612097 0.05243235304846493 2.615152972672491 2.476785769493618 0.07109837937268136 0.04296806923061617
2.7630826430717383 3.0495795201206546 3.847496435085921 1 -3.94340203029601 -1.270235515702269 0.0009199972721912397 0.013135109974920456 -4.425671687606546 -1.8909934194285776 -0.003902749096122841 -0.030694656522897004 -0.00578221391618694 -0.02776304421068343 0.012871996407459015 0.01880493596791901 0.5442584959190722 -0.5816241449929451 0.061988777442040253 -0.02378790098225435 1.8918804059007401 2.8270601619310196 -0.02168853428219382 0.03185163182777813 2.718367594422257 2.656161716021128 0.04930436696278982 0.020980580849157847
2.7614344812352223 3.042616632560109 3.7728421257176334 1 -3.921761020588089 -1.2594899861632378 0.02292679566719446 0.022783628538616135 -4.335798751410622 -1.9054028401284309 0.004241015713512961 -0.007334989359278468 0.13489923380591762 -0.0393639908099378 -0.0074795910716483095 0.025170682580091693 0.6842433142003852 -0.5759955120188737 0.04818021301919936 -0.029922088677969392 1.911850889540946 2.8853431258623785 -0.03341585707579817 0.006312913723231996 2.746772381119195 2.7718307041054757 0.04135170598915215 0.006486935398674257
2.7600629310171407 3.0338635077709215 3.7296045713677404 1 -3.826766949641616 -1.1855304140798775 0.030067500357437674 0.04091282326997716 -4.233156363447464 -1.806829449485566 0.005488950128988037 0.005329914850341339 0.1998945473810405 -0.03777130437731202 -0.015040119470290006 0.02185117958600707 0.7631809029845966 -0.5953459842011983 0.03738491685525919 -0.03099169409040847 1.8985289049255156 2.881341239374801 -0.03580631393311085 0.0023543954205983483 2.7349438270322777 2.7347771193566808 0.029032780392531814 -0.027893472186976513
2.7043716198216172 2.988603155513853 3.691946700504167 1 -3.732860262584556 -1.0416879581022425 0.021585901948419695 0.049029428832238486 -4.1162540678706065 -1.692099949212636 0.010860019315138058 0.0017424365239553895 0.22396008962775493 -0.048604922353138846 -0.018712313801649977 0.013381153676677473 0.8138642333799249 -0.6307108357279458 0.029333594201871017 -0.029952737439210467 1.8628029168304172 2.8129162890263237 -0.038730248835011645 -0.01754020653955456 2.6958646918452276 2.6200024667732906 0.027989151438506887 -0.02942615283995138
2.627466881766771 2.923496358254502 3.6560308967808535 1 -3.680593007202787 -0.8954178916951404 0.013948512409060282 0.04264675422660201 -4.004857511864259 -1.5977734485314041 0.005033324278751976 5.27170900901236e-07 0.22195915383700804 -0.08905316086721904 -0.0176512072312157 0.005331763580820693 0.840252797911937 -0.686024199117645 0.02131271407191135 -0.03373794515274843 1.8209141372681703 2.687583827773447 -0.03495728312368505 -0.016346756890529036 2.66922629078685 2.500392150208804 0.027205171342951733 -0.03598724284404176
2.5672497272185963 2.8708571140531864 3.6076117255343787 1 -3.643075580681963 -0.7857901781656457 0.011273815877193902 0.035026576460599444 -3.9568975775338755 -1.513864756579527 -0.0071518259015449824 -0.0010733097941309552 0.22734258849501376 -0.153463039166031 -0.014244254276467819 -0.001071645398067758 0.8385126898383142 -0.7798760662257354 0.01556697460385592 -0.04052336864952717 1.7933220327465014 2.588263409148082 -0.031137690420891817 -0.014155684290770756 2.642680502492727 2.347493417197349 0.02469190159178061 -0.037616715412062345
2.487738614055751 2.796519949648286 3.5460989183029423 1 -3.622697217095254 -0.7032772067846212 0.0048257412785808786 0.028744876541807227 -3.9527123343860606 -1.4576428722706507 -0.008031491156436187 -0.008053081665202064 0.22611174428685565 -0.2546178714059577 -0.017246543170571955 -0.010019640673019843 0.827660526446822 -0.8982098395970236 0.015058296431393628 -0.04293130885429924 1.7724683540363193 2.467155081919637 -0.02954251433579652 -0.02005091440765601 2.6249330771744184 2.2249079362192195 0.026898743837832098 -0.029084870877008787
2.4296248248065533 2.735156156903861 3.4747056322599534 1 -3.6311187094620943 -0.6549199296858306 -0.0008923523407000675 0.017867521352066547 -3.946252978443182 -1.4438352002757338 -0.0076123161560004895 -0.011891246049239685 0.2184163268788657 -0.382423663446659 -0.01399678308035553 -0.010614805545096435 0.8152419360486416 -1.0301597592741178 0.013076915146653684 -0.04734655488240165 1.762389725504236 2.3506820770383006 -0.02808121481768847 -0.012251459569805426 2.610895966845055 2.1127730822706114 0.025482413509047137 -0.034132914107373506
2.3794535233668093 2.671822822375602 3.3992201708523 1 -3.6350505677936975 -0.654551036863625 0.001941290943144255 0.008589781317306191 -3.954938295474196 -1.449868338644557 -0.01328187842758834 -0.012310416178174738 0.2307419645838431 -0.5016407750225762 -0.011229536458715928 -0.008771807351140262 0.7963572533480976 -1.1757510963954805 0.013667551606288394 -0.04782265001558017 1.755349350864015 2.257355135744441 -0.030400980692602317 -0.01319879063912208 2.5894577304606736 1.9856225662875273 0.026043565879762205 -0.03247672202818998
2.308400712012165 2.6549827960553496 3.389262478926675 1 -3.64749290071816 -0.6076726291515626 0.0028681596974464004 0.04122277733291606 -3.8581435216041196 -1.5065070142695403 0.03718668131689659 -0.030067440731454658 0.3501099168316575 -0.3885163964136855 0.038500609195370586 0.03317442833871821 0.4988631172359206 -1.3899698110987395 -0.07557992835924525 -0.014395378775145122 1.667535041556258 2.1262435242139803 -0.019187215728038325 -0.05396101859991351 2.544725568244326 1.8307109866212037 -0.029289542071470286 -0.04636475693713505
2.4097098336809912 2.836519006904622 3.451185091207674 1 -3.65265732356199 -0.4415291907000519 -0.0021616734765457237 0.05203408959867693 -3.6776975282540065 -1.4658511989363603 0.005630865493261637 0.021184084983302598 0.2884621642410705 -0.25770838667716744 -0.04129638976023903 0.007569646643284404 0.19259232605720822 -1.3706716093758087 -0.054405548930096165 0.03680018570408064 1.5169492845964712 1.8381591211753556 -0.022311640826791067 -0.08064086224579928 2.5138262828135804 1.475638890806621 -0.007355030420532983 -0.10635995035820177
2.4996794166579837 2.892192796858615 3.333155617946876 1 -3.6994403454695273 -0.2508840574881396 -0.011671966143421716 0.05268571737524953 -3.7333484735235 -1.2674128907948092 -0.03208471225085269 0.026481968991253435 -0.01825424078803728 -0.1925801266571877 -0.052382624104176795 0.010021689021629166 0.06563597048168557 -1.2727915271415666 -0.015843124513517437 0.016950145518247764 1.5113704897684839 1.48281592005954 0.01415638158036028 -0.08197864672127449 2.497593256317159 1.0186840362816807 -0.018735103083355308 -0.0823852831162914
2.378933985570155 2.813547421230685 3.1869785987772117 1 -3.7576514683420954 -0.03029164491927383 -0.01843109068828888 0.05400954395553576 -3.8450504986746283 -1.1268703285404171 -0.016480754005546362 0.013625598348378402 -0.25059777947755 -0.11588476315303586 -0.035894472140244285 0.01802157889175507 -0.14571226101031165 -1.2174606262106715 -0.07488347823196319 0.008920621912253728 1.4895556316782113 1.12286967471205 -0.019888565350291532 -0.06131179779933189 2.478710729836515 0.6152587120085424 0.006775993388891859 -0.07588092708886
2.382658472521253 2.799195786785983 3.1078384371250665 1 -3.88290757835659 0.1763301962200714 -0.05296179904582554 0.0369050545276148 -3.83874967174072 -1.0289173378925118 -0.012189216716013019 0.018221174823821382 -0.32433224786157044 -0.04506207003699092 -0.02194781629457944 -0.011342739525180149 -0.5055628964184309 -1.1407574314471414 -0.06978587093128966 0.03339251763660388 1.4633873858045483 0.848376637834946 -0.016181999990837824 -0.06798307136523242 2.4171918332678484 0.30663605535546723 -0.02133201811403215 -0.0815028287381104
2.449153397185657 2.8145287237517085 2.9679530896293973 1 -4.049604005417252 0.3416014959790288 -0.014246545808155164 0.029604450601928414 -3.7883172670783933 -0.8871557527770755 0.012592048764893879 0.042867226350456894 -0.3507216947806775 -0.06938818341484032 0.006817026198866953 -0.016133759648589558 -0.7966012153955306 -1.1079431795431938 -0.027544514117382363 -0.005389607582507265 1.4455522662471205 0.6344819607088457 -0.002968910159649711 -0.032007186225515384 2.349690859066974 0.045706758228206024 -0.004607950709498043 -0.041309408677931814
2.3609437569124174 2.7537156769102986 2.8595588869946753 1 -4.169716332599066 0.47758013579469916 -0.020220124571840192 0.015156186253298244 -3.789015636873078 -0.6933016651972368 0.002918793576585728 0.04184802588911933 -0.4291651381520474 -0.1302807749084388 -0.017530247894732984 -0.001842661917018205 -0.9215703958888981 -1.1448032472010454 -0.02207109531087858 -0.01384731348824884 1.4167362919275188 0.41716177584041425 -0.002982038266008314 -0.02395372672431863 2.2952169350330456 -0.1790088784881052 0.0034782797083252933 -0.03482966992438177
2.2625181247334867 2.6657229653720957 2.7713219248742527 1 -4.273043888698691 0.5450432414042266 -0.01805827246393083 -0.003271295141310698 -3.7856050708512035 -0.5274159695170317 -0.00903806778972362 0.031997453971839146 -0.4751722755733869 -0.16349464853909557 0.016510833496251796 -0.0062598499231775705 -0.9950310521002543 -1.1342917451841146 -0.0020720576650043836 0.0041770428442887775 1.3721593171668083 0.22623513510025406 0.0028347123622545828 -0.00739563987976217 2.256295739841642 -0.37334195227270695 0.005165004203766938 -0.0332145534262092
2.2252651894232365 2.585375138040647 2.706282631879627 1 -4.355360125973569 0.5739928548083983 -0.013796201308093552 0.0019010481322298232 -3.7834198819169083 -0.4076061895130295 -0.00886740957541277 0.018587952504903874 -0.44310050598387196 -0.1766709877070548 0.016668788758686204 -0.0031713399891981128 -1.10126611358141 -1.0383030437440024 -0.013370319667624201 0.015577102387035267 1.3628720863956998 0.10440055850035623 0.01441783973586337 6.516638068294368e-05 2.203990039141713 -0.5674135477211679 0.003466085035179714 -0.03033072115992194
2.138134395516903 2.477546449758096 2.6557810693908683 1 -4.408860199227083 0.6039902532634822 -0.020473964432684722 0.008929944366415733 -3.8031320324028104 -0.32452403789063466 -0.010940761028331992 0.0032796690000622703 -0.42548164703453484 -0.17412980166071723 -0.016964761615025917 0.016024496508199763 -1.1896100795375966 -0.9429630469749286 -0.03458863848891282 0.023995549836605738 1.3739172045777437 -0.004988419121153109 0.026779888091036437 -0.002515086674602122 2.1570989030710175 -0.7494051261324175 0.0006202522605782174 -0.016148021588555522
2.0252634287932643 2.3719256492189302 2.630611413016073 1 -4.4523274495807685 0.6297820702829824 0.0010529624058198024 0.0032668230432532416 -3.826070960858696 -0.27007440145936557 0.007656382895186834 0.018605864235771916 -0.4607600303416728 -0.14646835909939948 -0.023051809927664244 0.02445907126274087 -1.2634752528699185 -0.8762061883652202 -0.02447453437713735 0.0146859967977175 1.3581657787622516 -0.1342717797402011 0.019776606072163524 -0.002128788664969728 2.1127486691479946 -0.894944576215406 0.00549450890542004 -0.008732266551700785
1.9756003419071733 2.296509782568255 2.6243540929709526 1 -4.498248642593923 0.6384713432495719 -0.016892328077523163 0.004437724766639749 -3.835200790542012 -0.2537562808144953 -0.007314369981208918 -0.008893301036616801 -0.5142971205056477 -0.07662737879670423 -0.018531679641396306 0.02875524358299328 -1.3120266213930512 -0.8140435155394712 -0.02178364053196167 0.01812293374917553 1.3316067916193628 -0.2395449934107794 0.022190093847421453 0.003196762229463362 2.0600614428195927 -1.021993431773946 0.0005223852507671113 -0.009144729200517452
1.8390296626254494 2.0353214278487606 2.517274991028819 1 -4.530435973354347 0.6380297826100039 -0.008129097172730167 0.0012980089817903571 -3.835400382160024 -0.2530822167900051 4.942730910186856e-05 -0.005044172077191189 -0.641733995528996 0.11554316727253822 -0.01947657765135401 0.03407560063801714 -1.1922432162607808 -0.8876020113426984 0.03836902702457229 -0.018243142214578695 1.3073495758113474 -0.2697206554614737 0.021371460615597696 0.022888520296209115 1.9312810592674667 -1.1721256398603492 -0.02619656461049739 -0.015818151328987173
1.3765229747143262 1.5443854336671379 2.564579071153892 1 -4.541082212722099 0.640133819717585 0.008595847413615116 0.004323983456970025 -3.836368864752941 -0.26683429288031246 0.004611823178641311 0.0052675488848477215 -0.7414573976233823 0.24050067074514336 -0.021830928962702667 0.016939621088870947 -1.1464962612165546 -0.874109307049693 -0.022778884027005883 0.018296847299828493 1.27365450830729 -0.18388153862423284 0.005754010077370385 0.02667747405437772 1.7056881804386945 -1.271358613038448 -0.03121228654229126 0.014048546865781834
1.0051324627154787 1.0971780529589323 2.348304083797674 1 -4.548528634988926 0.6796599687748777 0.011004331585155501 0.003447703704830594 -3.8739925795968793 -0.2944727605908368 -0.006278507531655651 0.010556928792583808 -0.7544524471378864 0.2922795921168666 0.012745806916117576 0.0026701390538282233 -1.2553882025571155 -0.7967081254754393 -0.008698194945894112 0.008366077171170789 1.238499706789617 -0.008462591526684493 0.04786382336025213 0.04633907921511606 1.5729981505307062 -1.1366398384973673 0.012793770327412569 0.05373979565181679
0.793046826729107 0.7967093023896901 2.0646276992781494 1 -4.56622091719714 0.7417324133704004 0.005354439719118306 0.007287561521997573 -3.923425772429903 -0.2926552138610806 0.0014496126592931334 0.016333476597922524 -0.8090847370402612 0.3492237012923505 -0.0060034155369139315 0.0035719685154618677 -1.3176173516820717 -0.7542216390919391 0.015942386788775548 0.004161770385574781 1.3080967547583464 0.1826174286858402 0.00905358940779842 0.02656180561232217 1.529736223797074 -0.9548407275162492 -0.018895578379458766 0.03186249341901678
0.6428594559729797 0.5825276738992754 1.8440769401937187 1 -4.7698957580562755 0.7451273723239185 -0.0614023615731107 -0.011674724303906129 -4.017483189097486 0.009537506186342082 -0.04955905850958785 0.0773908169554567 -0.7926414941217979 0.20220205321080242 0.0027753184874288878 -0.04315948609384943 -1.0426060836655364 -0.7580020963638894 0.04960714801687938 -0.009905770817055569 1.5129272936954372 0.32831200391194604 0.07843745421133412 0.024395951725979314 1.6137593484985322 -0.8484282617482868 0.05698980102870667 0.01614091434928037
0.4958069848173233 0.37156863546111396 1.5756004491379305 1 -5.021227063476812 0.7507287343339704 -0.04126182344628762 0.015642201440920645 -4.280209894892906 0.34427246726549354 -0.0508971428365542 0.04004762286415271 -0.638870362602014 -0.018558668051861127 0.0029399158035335604 -0.028924710683541268 -0.8095256367004877 -0.8662947283894273 0.02823185310856101 -0.01067190209870543 1.8321986252762885 0.41605347451364993 0.09091762977155697 0.008201868013202378 1.8582458712756234 -0.7702704308206163 0.08295576839099712 0.020761196502593324
0.4302110290629466 0.22103368381583746 1.2905888125206888 1 -5.1117794125117575 0.8474130602288752 0.019746064101936238 0.008567307618520977 -4.463710718183851 0.4451260652756719 -0.026655344666229 0.015169490718897432 -0.5460679443338412 -0.049399835691795735 0.009699902020716262 0.0005140244692077578 -0.6071916727208548 -0.849534678089219 0.05223320829090975 0.05233741069121409 2.1882801092304573 0.44886597752033874 0.04848697553990959 0.0031757445145855477 2.1211765231958424 -0.6734732245600811 0.01464539414233628 0.02099215624134475
0.4352754466942337 0.1793267031135131 1.0995299944047856 1 -5.080301878177341 0.8892187270169467 0.03406949848001059 -0.01639295413240118 -4.447781351151655 0.4343261638046174 0.004106355875181711 0.0017844095077092503 -0.44868455638061544 0.13439565479826499 0.019016792995749383 0.02617513253135241 -0.4314747238160024 -0.6525572626935411 0.033213931583733786 0.07249158521742219 2.533941188090438 0.43679395768733986 0.055654118494642094 -0.007900831433847625 2.297060343067086 -0.6153830308645257 0.02095331636941727 0.009529951025007206
0.409658223036201 0.09435517457815203 0.9479791261882634 1 -4.906514775968628 0.728887223905101 0.048301649261214205 -0.05189943851059485 -4.123589240511578 0.24499235574801825 0.08552346573681707 -0.03395150628139761 -0.32640003023292863 0.5127385632458026 0.031384366286086526 0.0779872425384696 -0.570001446937694 -0.3396886012190218 -0.02061519519128724 0.07508015648392925 2.7805417452093684 0.3764398537950311 0.009194856703250407 -0.012524009571855416 2.41639862828424 -0.608542619174482 -0.013524551728170298 0.013112789181148594
0.35965385323340254 0.004942030401472237 0.8864595727796551 1 -4.749940748242915 0.6162977288849516 0.0534934250922743 -0.013176801417451013 -3.862663156347385 -0.004498717050814394 0.01836003543973535 -0.046108954395090114 -0.27967789903462403 0.9111316953420154 -0.0052261057597292136 0.06105653771225128 -0.5841927319928946 -0.00396910345897572 0.020309986214610817 0.06486358682168189 2.8381482102844657 0.29002152844646445 -0.028747295104112107 -0.008268520214368774 2.3856942773598675 -0.6278625210797042 -0.04370456186636166 0.007572337551595129
0.3023541936105198 0.03559028529608692 0.9649538595582862 -1 -4.463373443241394 0.5771780075931043 0.08300332968845045 -0.023912015507805716 -3.7785914005648227 -0.30812084439153153 0.0151648421904086 -0.04633065501255411 -0.2835493218633687 1.2054389631379094 -0.00737179401107965 0.036090758299485756 -0.4227818534864616 0.18502742746110412 0.028777514755181463 0.03282865882207999 2.711316913233752 0.24501940797097777 -0.06008387523559834 0.007227042290941793 2.2456138814223907 -0.6717068087851704 -0.05151297156087626 0.0070919672209320845
0.2080788893767971 0.11965605933173504 1.0134387321293072 -1 -4.136714589618101 0.4167636646049384 0.05924288407262341 -0.05211656899108021 -3.7012528944233023 -0.5610653253999244 0.020825817192738755 -0.029305110450786678 -0.2714296877638951 1.3491378999650991 -0.0047395746808766605 0.014668167064529065 -0.3308628647398404 0.26567343928282416 -0.011547160028389562 0.010910690220923171 2.5412866544621426 0.28341396202778113 -0.029523625019593283 -0.003218775139393802 2.101792951960226 -0.6902807617946911 -0.02196419067678345 0.01702847444387261
0.09334020252495168 0.21136660330688448 0.7921528443973834 1 -4.020370185736322 0.2754912853622782 0.006137054311110316 -0.008398195848969482 -3.6713274160024074 -0.6890573782701711 0.005463776382042331 -0.03302471337334913 -0.19380521480370927 1.5014204944148415 -0.002509857722345351 0.02732820029532643 -0.3464572529474932 0.42797406093754886 -0.0013100196194350978 0.07397175726163283 2.5661651199805915 0.32726022117219666 0.046523080725225006 -0.0009734769809250055 2.0551696272066176 -0.5501878293084528 0.014528712638199883 0.02090508637165124
0.19936594013328654 0.23231263848505004 0.4048973896247165 -1 -3.987871362362875 0.14046287822582104 -0.0016475612970846057 -0.04204761896861538 -3.620236554904211 -0.8261311629519594 0.008151181157209128 -0.02971670963809416 -0.21303292464740053 1.7856609329563486 -0.009280733081460144 0.05698126370738366 -0.21316475098498788 0.8002040884309578 0.01895064456755055 0.08569610802014847 2.870792972967955 0.17155035798265783 0.07100483133910794 -0.03777131105680895 2.3010422533549404 -0.5181238516843365 0.06418314457869383 -0.016436117542317028
9.564255 3.3953404 6.0627403 2.669273 4.8996 9.175868 1.6931257 1.1298163 4.6683598 1.3331072 10.6619625 1.0146884 2.8538406 3.8151166 2.519794 7.096691
9.481142 3.1946683 6.1913414 2.6476731 4.735854 9.08411 1.7640405 0.9718193 4.6784096 1.3349456 10.82007 1.0025955 2.8284218 3.8413923 2.498798 7.0697036
9.039396 2.8851035 6.3933783 2.6342416 4.5352745 9.051105 1.8468219 0.75508213 4.7054133 1.3396163 10.965124 1.0090268 2.7676783 3.8742998 2.4789906 7.0677104
8.762409 2.7876458 6.468487 2.634924 4.481147 9.053225 1.8676221 0.70845735 4.7040024 1.3427095 10.980901 1.0188466 2.7443364 3.879972 2.4752228 7.0694094
8.9634 2.7179084 6.4773655 2.6580427 4.465959 9.118761 2.1312013 1.0168642 4.7098 1.3552818 10.889204 1.0513804 2.6997004 3.8976588 2.492614 7.0379806
10.782528 1.337765 6.8707952 3.05505 4.1111326 9.170502 4.2762566 6.3656735 3.898441 1.4793798 9.83289 1.5540879 2.2550988 4.152998 2.71562 7.1059904
10.848521 1.4670367 6.903141 3.087729 4.115718 9.161286 4.394646 6.575536 3.8269954 1.4827185 9.835877 1.6127764 2.2086668 4.15723 2.7308328 7.1110177
10.852772 1.5529191 6.9085846 3.1025999 4.1423926 9.170623 4.426759 6.587121 3.7964032 1.4820054 9.8340645 1.6460432 2.1797283 4.1560936 2.7391524 7.1156626
10.8523445 1.8212819 6.9268365 3.13453 4.2344174 9.161361 4.481099 6.60424 3.6752698 1.4779327 9.859951 1.7264601 2.0932455 4.1439753 2.755149 7.0920362
10.858614 1.9501948 6.919036 3.1429372 4.2815228 9.111224 4.4476843 6.677119 3.6029034 1.4775703 9.834132 1.7379822 2.0926595 4.1304116 2.7586932 7.0726757
10.003496 2.5062447 5.201659 3.1359875 5.8237443 10.40952 3.8524394 7.1425095 3.2952695 1.4576111 8.766098 1.2012808 1.7042419 4.004349 2.708766 6.387128
10.842814 1.690422 6.905545 3.1229048 4.165395 9.185612 4.4437766 6.63245 3.7620888 1.483547 9.728989 1.6765654 2.1733117 4.1512876 2.751607 7.117114
10.067725 1.6094251 5.7743254 3.0216753 4.102742 9.73948 4.372267 5.802835 4.260356 1.464504 9.629064 1.5620873 2.4311738 4.1307535 2.6947112 7.0787945
10.037373 1.9924879 5.903596 3.0635672 4.719133 10.140614 3.730892 5.368872 4.323932 1.4402289 9.34491 1.4872286 2.34443 4.07117 2.7425733 7.2639294
9.350784 1.5037501 4.54198 2.8816898 3.6334596 9.707317 4.6504445 4.66348 4.586794 1.4476601 10.10874 1.6220324 2.6797643 4.142727 2.5853536 6.866203
8.357426 -0.34541082 0.26246023 2.488811 1.1607666 7.9456773 6.2510853 1.4001262 5.243925 1.4761641 10.846671 2.6170032 3.627741 4.333918 2.2582135 5.8433723
9.34308 2.225821 0.5840666 2.7452385 1.5353827 6.1866813 5.3439956 1.1483346 2.9218311 1.4638422 8.890306 3.340271 3.0187893 4.2386503 2.3093483 5.3157735
8.97415 1.7285793 0.5504286 2.7060566 1.654336 6.750407 6.709593 1.1892904 3.7540202 1.5018592 9.416277 3.6087174 3.0517037 4.198637 2.352798 5.6495695
9.402107 3.1307638 0.91429925 2.8041987 2.0979135 6.277845 6.6793604 0.918399 2.7397609 1.5196681 8.992154 4.090657 2.6861367 4.065343 2.3664641 5.435068
9.833172 4.632541 1.4688824 2.9894052 2.6076624 5.8872533 7.710268 1.6881387 1.7682629 1.5611534 8.176186 4.81172 2.1549563 3.9215362 2.4941308 5.081022
10.432611 5.043534 2.250359 3.0547364 2.9280307 6.2681103 9.178883 2.752566 1.3762901 1.6794217 7.301204 5.3639317 1.8810375 3.7447603 2.5640678 4.7397814
9.704744 5.2046914 1.4865079 3.0566955 2.7174745 5.6857324 8.203246 1.8356204 1.7470069 1.5475051 7.76911 5.0031853 2.0160942 3.9045124 2.5827162 4.9783325
9.452156 5.103998 1.2430555 3.0334754 2.7099566 5.6415215 7.3827534 1.6713266 1.625493 1.4898574 8.975715 4.7140064 2.0413966 3.958013 2.5213244 4.993844
9.31359 4.8278494 1.0381118 2.9996936 2.6117125 5.599819 6.6085105 1.4892285 1.5720552 1.4518385 9.690196 4.432341 2.1301935 4.016425 2.4584165 5.0453324
9.237364 4.5093975 0.849939 2.9717894 2.475393 5.52479 5.95711 1.293561 1.5634599 1.4261849 10.028411 4.209325 2.2335305 4.077182 2.4064603 5.1434927
1.4585252 7.2858467 3.7668724 2.8652549 1.5679727 6.3350554 4.7919064 3.5262837 0.9936765 1.2978687 13.105297 2.8330688 2.3577695 3.6182458 2.4036152 2.636076
-0.22607899 7.513214 4.244652 2.860947 1.2126927 6.2147098 5.041464 3.6877124 1.0717517 1.3146156 12.994793 2.933202 2.4449975 3.5484953 2.4020286 2.6644335
-0.2991252 7.682535 4.2531247 2.8319066 1.2825022 6.1874657 4.980732 3.4771097 1.0938423 1.3046092 13.246967 2.8960068 2.4699087 3.5155537 2.3941453 2.5963511
0.12683535 7.5426044 4.110334 2.8516862 1.2971082 6.220983 5.0388026 3.544612 1.1002853 1.3107363 13.059541 2.9268117 2.4450736 3.5524886 2.4006734 2.6583033
5.077408 7.0363445 2.5672193 2.8375254 2.0398962 6.1872463 4.5693893 2.7622395 0.9806978 1.2880968 12.587576 2.785213 2.3669028 3.7469544 2.393341 2.6731024
7.4310975 6.782957 1.8443583 2.8281877 2.3794 6.065631 4.368904 2.2682436 0.9277536 1.2844634 12.1865635 2.7826147 2.3513098 3.833868 2.3876321 2.7638335
7.663594 7.0349407 1.7832253 2.7889004 2.5077345 6.1473203 4.107642 2.231728 0.8789524 1.2564118 12.740845 2.5638576 2.3726969 3.808036 2.3759751 2.4758663
7.0331326 7.1201963 1.8982368 2.7909732 2.4975646 6.1898837 4.1285734 2.2403026 0.9090253 1.2535671 12.924407 2.5936348 2.36965 3.780888 2.3733375 2.549871
7.3730984 7.311103 1.9694743 2.777707 2.456313 5.9361515 3.868925 2.1728346 0.7597325 1.2718487 11.869537 2.5626473 2.5008903 3.7499146 2.3743541 2.5098705
4.9188557 8.842772 2.4843066 2.838495 2.8230839 6.498816 3.4609098 2.6501646 0.66346544 1.2985581 9.394009 2.5353334 2.6880603 3.4752054 2.4474604 2.7989712
-1.6647544 12.812373 3.9602027 2.909492 3.7935538 8.56255 3.5234323 4.232407 0.73167354 1.3105615 6.325662 2.2107859 2.8497248 2.7805307 2.6083474 2.98006
-2.1304774 13.794847 4.371266 2.8371687 3.88103 8.354148 3.4354515 4.153399 0.6052065 1.3217329 5.5395823 2.092183 3.0503354 2.606999 2.606766 2.8008056
-2.2180004 14.10631 4.2551064 2.8373654 3.9522033 8.671365 3.2101002 4.0550513 0.57772833 1.3114516 4.357051 2.1017773 3.0059404 2.5133908 2.6235003 2.9959273
-2.2034612 13.801846 4.462674 2.5938144 2.7559984 8.405793 2.7704515 3.6795683 -0.0040549636 1.2004333 3.750772 2.0331419 2.5831819 2.28344 2.4513102 3.6042767
-2.0611033 14.014678 4.3906355 2.8088129 3.7422745 8.341579 3.2106733 4.036476 0.4778133 1.317919 4.270132 2.0893054 3.0811872 2.5116732 2.6033201 2.9120994
-1.3977389 13.594715 4.9264154 2.8109622 3.2303643 7.45409 3.3684764 4.6392097 0.047757804 1.3844216 2.913128 2.1976705 3.1837082 2.5750067 2.5950346 2.868878
-1.2534347 12.893591 4.845271 3.1213324 3.620834 8.414158 4.23479 7.3838034 -0.22045499 1.4464169 1.2810645 2.5717773 2.7190802 2.693397 2.790224 3.2444563
-2.3022346 14.125653 3.6419513 3.1211374 4.6038384 10.498835 3.3690503 5.8526754 0.52659756 1.319807 0.8945651 2.3496072 2.572391 2.4309468 2.8331447 3.6122189
-2.326994 14.326813 2.2909012 2.446078 1.5376925 13.435725 2.523469 5.287237 0.14636731 0.6075741 3.6214607 0.6390419 2.017445 1.05318 2.418013 3.385149
-1.6472878 13.457698 3.056578 2.6445417 1.520505 13.334096 3.0999808 7.81406 -0.39901888 0.63874817 3.7039106 0.8256961 1.663168 1.1456608 2.5320885 3.5238843
-1.1506085 13.421311 3.5154705 2.6542988 1.7725253 13.107999 2.9611137 7.640987 -0.31915545 0.64852285 4.0376883 0.8112941 1.6656613 1.1614672 2.5457916 3.7002783
-1.4450917 12.823519 2.5530143 2.6364772 1.3998785 13.209831 4.2766876 8.998528 -0.46395886 0.69042706 3.6803553 1.0175233 1.6794071 1.206905 2.5177476 3.718154
-1.2973275 11.260595 1.3775315 2.4315603 1.0799193 13.204009 5.5380535 9.587345 -0.21103466 0.7641591 2.996049 1.1134114 1.8938437 1.2907368 2.3858023 4.2047424
0.048763275 3.9119034 1.6004068 1.8597486 1.1161427 13.626285 6.3012676 7.9319 0.7961697 1.0149372 2.171321 0.5230365 2.4583426 1.4719014 2.1893592 4.693697
1.5794268 -0.03944111 1.9254212 1.538994 1.1022906 13.2503395 7.1188774 6.4352922 1.1248176 1.158336 3.520288 1.0068915 2.474103 1.5040288 2.0352142 4.8869247
0.91274023 -2.8627086 2.4651728 1.5339788 1.0488267 12.526218 10.93389 4.7360015 0.9791804 1.3739836 5.0112896 1.9613388 1.6447341 1.513248 2.0948553 6.9834385
0.318954 -4.303653 2.3070803 1.5002041 1.3076105 11.752747 13.395418 2.258652 1.3648927 1.5025243 6.218996 2.7543695 1.2789066 1.5471686 2.096428 8.983885
0.575078 -4.0502887 2.2171032 1.4188114 1.4992557 11.871047 13.389183 3.1202533 1.2484004 1.4819093 6.4719925 2.6735816 1.1240649 1.5470469 2.0075324 9.555944
-0.56648207 -2.4985423 2.1859803 1.1659101 2.1651237 12.83311 13.174522 2.8672783 0.7366629 1.4361879 5.815839 1.9755346 0.5648534 1.3469203 1.7933737 11.402641
-0.1590519 -1.8967686 1.6860777 1.3383031 3.1769443 12.784667 12.449764 4.0012283 1.4159107 1.4384224 7.3342648 2.1027896 1.1316812 1.6113948 1.8525107 10.785401
2.8917248 -1.272932 2.6079655 1.6664768 5.7436686 10.655598 8.522114 5.478365 2.771081 1.6316352 10.671822 3.9002635 1.743293 2.7227614 1.9073949 9.457224
0.07683802 0.09706783 3.2875628 1.5157586 5.2717175 12.806316 9.096264 6.640707 1.1435924 1.5444586 7.9127493 2.076849 0.8206433 2.2180274 1.8884246 10.114251
9.287567 5.927858 1.9726597 0.4769627 0.16922331 7.0143642 5.469902 1.2699649 -0.34225833 0.9941598 10.171945 2.0423682 1.2666826 1.4519486 0.83027554 9.383215
8.285526 0.25588322 0.29689717 0.46325207 0.64208937 12.585702 9.364703 -0.47456884 2.408269 0.9818462 13.218988 1.0015757 0.3878789 1.5093269 1.0375966 12.625359
2.1877913 1.9159255 1.2443166 0.751369 0.7075243 13.853922 7.7784953 2.1429398 3.9523382 0.8799219 14.605181 2.02436 0.76475716 1.293264 1.0879244 13.326455
0.7524481 -0.23366356 -0.8301256 0.5953698 1.8228421 13.148917 2.3582993 -0.4141965 2.757989 0.61792004 15.29302 1.890414 0.5056716 1.4631952 0.78682303 12.804483
0.44383383 -2.7174916 0.32608247 1.2435877 1.8636909 6.8374443 3.3467278 -3.9845397 2.9021182 0.82298434 12.747669 4.3591857 -0.13224685 1.203468 1.7020802 11.625567
2.3640318 1.8885682 1.9448882 1.0024022 0.17786074 6.76852 5.427475 -0.96837926 -1.6751757 1.155489 15.250124 3.8254137 2.1928506 1.590956 1.2906983 14.005065
10
10
10
10
10
10
10
10
0
0
0
0
0
0
0
0
0
0
0
0
0
0
0
0
10
10
10
10
10
10
10
10
10
10
10
10
1
1
1
1
1
1
1
1
1
1
1
1
5
5
5
5
6
6
6
6
5
5
5
5
10
10
10
