58
1.7797524974002739 1.8248558639979895 4.649817200708003 1 -4.01 0.33000000000000007 0.0 0.0 -3.59 -0.5800000000000001 0.0 0.0 -0.3700000000000001 1.9900000000000002 0.0 0.0 0.04999999999999982 1.08 0.0 0.0 2.3600000000000003 3.2300000000000004 0.0 0.0 2.7800000000000002 2.32 0.0 0.0
1.6651560554345335 1.910005207553109 4.633903417057196 1 -3.9400288405375705 0.36003448197660015 0.036101482651542206 0.012340097221947326 -3.6053766430508563 -0.6135775921782857 0.0014261814811245676 -0.015170887714935667 -0.36724011653157973 1.988512443130113 0.0026193359142134606 -0.00510923502674248 0.04957031325814665 1.0773235004254111 -0.0024781110593370824 0.0038616496818512976 2.3051570483973114 3.225263896516047 -0.024965508170370115 -0.01159252261209391 2.7584246692262155 2.294179344863758 -0.012813215921468023 -0.006463051859628043
1.8101746028597168 2.1466208445464807 4.572561211234346 1 -3.796127890040516 0.33773639304338743 0.01996844158972044 -0.02054038802512883 -3.6154710854647893 -0.7012874332542542 0.0006112157929421803 -0.011766021659044421 -0.3899298375070712 1.9931466282341983 -0.007873724672903292 -0.0025643125125194358 0.03928926653604847 1.05437094654391 -0.005991720477864504 -0.004088028981905051 2.1424172247959747 3.1478392166685563 -0.028076373717809334 -0.02822286334786001 2.6808858423722626 2.195132859875028 -0.02238477902495561 -0.023154322828085237
2.004177680887332 2.3199446413628797 4.472539268037971 1 -3.7891413871360315 0.24182789515837766 -0.007428481532139308 -0.017202254374815304 -3.5997874915174295 -0.7499995654306935 0.006134356211477942 -0.000878000280094212 -0.4604748061915318 1.9838530261227074 -0.01688772714250393 -0.00794128081915167 -0.003797156088104714 0.9993493918740457 -0.014266082190063631 -0.011907164120839572 2.0243414555218484 3.007356474508307 -0.02025340299336324 -0.0319346928317276 2.5610481893575026 2.030393700390547 -0.027109333653874017 -0.03129623095945211
1.9848225811061972 2.3262574782183294 4.394536203870208 1 -3.864682517905016 0.19963413155430154 -0.011867847732056205 -0.00358156979858165 -3.5730858514848602 -0.7702462128001017 0.005162529503713541 -0.004228956721971783 -0.5684253848347147 1.9265008438917617 -0.025580962809035046 -0.01699743144416823 -0.09773612121971098 0.9199305587643396 -0.02394771998306986 -0.016974833405881393 1.8887910572598763 2.8712522290945732 -0.031923141594961894 -0.02734523408468387 2.4347756823709217 1.879020103711695 -0.025045205501381125 -0.01869720905017511
1.978135550857321 2.329322537981564 4.3911969102162045 1 -3.9114185630632754 0.187208604082316 0.005437321689484305 -0.0004060347143431866 -3.585448520967633 -0.8282670452004737 -0.0013595185597950615 -0.01606936531903997 -0.7171340261395676 1.8330693979491768 -0.03907184450863209 -0.013100824353106316 -0.23065288097305991 0.8204375076998427 -0.028555317647415496 -0.03238901166653864 1.7018839072133929 2.759639483231907 -0.041015746458755165 -0.010223758525525664 2.3207263968553846 1.8122666311433973 -0.01550672921443643 -0.01648941257464315
2.035408140384321 2.3713477852692386 4.432111104365123 1 -3.903195237702166 0.16597059688565974 0.01890170355722935 -0.014889848992584316 -3.6445141803119077 -0.9470638747239457 -0.0071284071238349195 -0.01094822245354943 -0.8539093257210983 1.7202373719576527 -0.006986165229038208 -0.014233575303168823 -0.37363399009995035 0.6979837962705253 -0.008677910823061304 -0.02274941396310415 1.5280739338527063 2.6702327446338083 -0.012807615372519 -0.02176083020299656 2.195735073076853 1.786023241871145 -0.028575848172202885 0.017234396237166202
2.0463141675380907 2.3865853808035586 4.4570345125384945 1 -3.8961838927530916 0.11640611483838548 0.012664775368662642 -0.015606932314989148 -3.6939766701759837 -1.077199564319621 0.0028337806520031448 -0.015276956762273667 -0.9192980226746497 1.590941338892078 0.006929238723022216 -0.02379455377993229 -0.47211471615747147 0.5460838522116231 0.0014335047656704458 -0.023431848673783996 1.3966864956106946 2.604845878915115 -0.014482174830611297 -0.022619959795173172 2.0771235989002568 1.7409659970324793 -0.030958335565923138 0.004362227379625288
2.049136550442842 2.388394279963554 4.466566031252436 1 -3.9031642247511176 0.04794721256310974 -0.013349566992249873 -0.01689974670993798 -3.7014102388357015 -1.171529010482853 -0.009849915205809136 -0.014926510590621046 -0.9552476249602373 1.4452368198591214 -0.02056456644050131 -0.033555378746056 -0.5017172919779695 0.3905222521694016 -0.011557038476314755 -0.03536701975822996 1.292220950605107 2.5542478205547456 -0.04692206173793718 -0.02543665570621898 1.9939649252011327 1.697296352122179 -0.027778731433071566 -0.02842050744127316
2.0751641659516222 2.418454069371648 4.480039002888282 1 -3.8890810880903275 -0.021103603788039882 0.022046298721321356 -0.012158910136603227 -3.701884788387686 -1.2348748773350002 0.005316032140325569 -0.007672609593185055 -0.9716205041251005 1.3206599064875215 0.010697176207463542 -0.01920374119298274 -0.45870559505539 0.27733501811545325 0.02021339253955482 -0.010209702335389884 1.1950669710521673 2.509442892592962 -0.03129566489897227 -0.023354453808569473 1.9519283795987121 1.6848447029292553 -0.018560975461797358 -0.009349379467952418
2.1169142514929327 2.4758012889561543 4.500085329700079 1 -3.831772283421037 -0.07630121539074364 0.02704641145373636 -0.012881553160245751 -3.755655126551038 -1.277497453398144 -0.0028660246239660993 -0.0013331321285731633 -0.9568580438830487 1.2249078547654086 -0.007812201935119555 -0.026644816956194323 -0.4050248556072411 0.1945484002922051 -0.005830796064022819 -0.024120354453767624 1.132647730732912 2.4789046370552357 0.012877220838937522 0.01530905393083743 1.948211144787595 1.7066348097695885 0.018012649219800777 0.025902937097934578
2.1797913414830052 2.551357776864405 4.472877872627189 1 -3.7709056351038646 -0.12468703412535898 0.0054906007172905065 -0.009227744220865558 -3.819878312446094 -1.3102027043508224 -0.014060071727854593 -0.006456462060296673 -0.8955573023647707 1.1304667421952908 0.028046895410826667 -0.01512804357066164 -0.347370256129949 0.11365720786766964 0.02640826553311832 -0.008764247448197883 1.1202149242295745 2.457302352216821 -0.0011710844027964136 -0.019108086698829123 1.973952266153817 1.7315708960403922 -0.006444825142643714 0.002346072767445067
2.2607071248811454 2.627212257519321 4.421951590082419 1 -3.7369498791424185 -0.17959715960102562 0.013722261196796409 -0.011804895005949795 -3.8495648091756864 -1.3367502683582007 0.005290851912451031 -0.006854865382118575 -0.8285361359637791 1.0063796987168145 0.003736438792546891 -0.03950618045358768 -0.26566947210896874 0.021483109132651057 0.004309515447922414 -0.020542485313501335 1.1459444707146726 2.4479884049169 -0.0031658804722173427 0.0018532059561918723 2.0280078846668035 1.7723543805285606 0.01947955479236168 0.001994895639642136
2.338066434975957 2.711583821285782 4.37322919090685 1 -3.727694530345274 -0.23092509872435762 -0.007746988304668604 -0.008589709860169891 -3.8588337328043805 -1.3632242184234211 -0.00949702642900845 -0.003326023847519108 -0.7604461416085901 0.8663610831446142 0.029340294168011094 -0.01689924113512814 -0.1581504389649222 -0.06662900042481568 0.03670038638278079 -0.007350810920774258 1.1570671768295684 2.437931443855593 0.012762784761587842 0.019982957888667763 2.0798120702237073 1.8365322615378346 0.020236858393070933 0.03119750514240356
2.400649751819716 2.790102604237149 4.33982029321013 1 -3.7050622605630634 -0.2745659673050107 0.013372265888409637 -0.017730664734683585 -3.873291054171331 -1.377650213109384 0.003931145409844927 0.010547704564538022 -0.6931696631926632 0.741568119553492 0.002469258152978864 -0.026856151159205997 -0.06294870694099153 -0.15693774432168273 0.008875180838704384 -0.027887568599502893 1.1467417798014443 2.4260396421864834 -0.024377053440545735 -0.02231463916124514 2.1058591181306667 1.900436841294975 0.0010839504917807847 -0.015811395623729692
2.4447668929748754 2.829586276804638 4.307470556043398 1 -3.672659059456901 -0.3008964672244402 -0.0005619156358458617 -0.0045250834318006665 -3.896577718507031 -1.3798323945223225 -0.00820419939183278 0.0050859526698422315 -0.6123771841537167 0.6474413098008576 0.02787910645539697 -0.007625904896361325 0.013182719016139544 -0.24366759102933067 0.024347064978561782 -0.009759607725358556 1.1212223657804854 2.409062965075434 -0.012722677865786479 -0.026112481740012634 2.1002514696905417 1.9207258760128463 -0.014885970915945984 -0.018123804451742012
2.402812327929077 2.795775490591905 4.259723608617138 1 -3.648714055722913 -0.3108918226202927 -0.006886716838913289 0.0015007249544104519 -3.9023253318729663 -1.371142518230454 -0.005611372052376377 0.004951211318660995 -0.5563958417858501 0.5606950078057715 -0.007843952925322802 -0.03058316067333519 0.057226382958535105 -0.33577835973955417 -0.010339340746000888 -0.025709344989635365 1.0892877234881464 2.3776348285626465 -0.015686252039904945 -0.010247798683869016 2.081077493632529 1.8943015924970976 0.0024083501230334754 -0.01254642587715921
2.522625756038757 2.847675454894537 4.138523633681301 1 -3.7291873149993684 -0.4159957841041918 -0.01615915078925994 -0.030600123284995916 -3.858093807913133 -1.481208281290717 0.004692888747820953 -0.038135670017090645 -0.47756078451709794 0.3861335002944728 0.04446490391412511 -0.03827386841735169 0.13041034467497425 -0.4829182260843117 0.033179189231748854 -0.023384244489656734 1.2565051688426747 2.330124501967852 0.08796055042862842 0.0007480062864976458 2.1511602264938876 1.9045065333000508 0.005944702690307828 0.04324185458472281
2.5591358763573675 2.8412555898957916 3.9682798692541223 1 -3.7013083968845852 -0.6448750686491358 0.014175223982993597 -0.06575491197746236 -3.977219797353185 -1.5795358461593367 -0.043869638952119684 0.0048686686056466436 -0.2813752927426876 0.14663375893714425 0.045794829680783716 -0.03509743346155358 0.2693799614689478 -0.6527838574628937 0.04496608951587067 -0.03618190156294078 1.5473722115248156 2.4155406619516544 0.08205190738967995 0.031499574317917535 2.3791906093795454 2.1606228230092097 0.017039343166814325 0.08460537792001786
2.606041747506126 2.8916754575113535 3.7400795801890974 1 -3.6848097047755815 -0.9042798530785359 -0.012133469563960868 -0.04166485060828531 -4.189347776677447 -1.6500890841156557 -0.022400965966753793 -0.0283395407157067 0.007395315806170366 -0.026951641629644363 0.07918128199060295 -0.050359131885408595 0.5247414289737042 -0.7287103135029036 0.03774804793106096 0.02665257597131294 1.7523740909150964 2.5862475377768663 0.06968964556960631 0.03489127845953705 2.5840856916974824 2.461566697549726 -0.01580902423867598 0.054139201253783825
2.6750342387522004 2.9632369410237707 3.5784589153593607 1 -3.7913546167285768 -1.0663856985516025 -0.009565182035872663 -0.025952530284836853 -4.188908737797728 -1.7911038881877959 0.01599405348577157 -0.026874426692168385 0.2711561672279448 -0.11219340839792569 0.04897059147004672 -0.019990981624223463 0.8149478871894758 -0.7104514728237112 0.0392029371437103 0.015554234825554451 1.8572303272089776 2.7637870343850977 0.05073585316817648 0.02419608733423217 2.6945578757148745 2.6338457529074226 -0.02669296502865833 0.03633987808035019
2.688500191345998 2.9737374602989326 3.4963254143771025 1 -3.7943682747701066 -1.1504078117202408 0.008899380191731043 -0.0137166957001113 -4.117450637930141 -1.8275699149331603 0.017925637729512646 0.018924007363728238 0.44718088493009134 -0.11635442151311959 0.03458113472172869 -0.003890986678116293 1.002494844884132 -0.6793720481309247 0.015591376323470303 0.014407731594857524 1.9083462437725363 2.8327243497757544 0.018984777876694545 0.005823592896722599 2.7505069538861795 2.7604814130239874 -0.004566513782245908 0.01823955864559086
2.723232657455717 3.006620478722601 3.460471853283433 1 -3.709257068339295 -1.1005060300810612 0.013449835732266527 0.019008090689377467 -4.057727247055465 -1.7185002934635345 0.02124984320674593 0.03800799408321116 0.5386954698689923 -0.0898953669711231 0.019069498609905297 -0.004349299191917816 1.092379521951501 -0.6718536845843393 0.004363428697440339 0.010028607998897817 1.9428635712257751 2.8733176291760327 0.015900755924563945 0.0048415731707762335 2.7838539662046866 2.780275654735997 -0.00777543310929258 -0.007033827219580902
2.7197378749656287 3.00523905758152 3.4423463394436054 1 -3.6215058335920283 -0.9375757054935019 0.010790003144776135 0.02557935692454473 -3.9587012784121187 -1.5858921689664767 0.029077698152469474 0.032292617492100814 0.5611781920180299 -0.09819497285469658 0.005731495878872258 -0.012328482408089453 1.1428752746533135 -0.6730027439539348 -0.001757694504412377 0.006056212681588166 1.957383613378032 2.8583520295897347 0.00961138055700676 -0.016391122739900853 2.798967406724554 2.7282655665852844 -0.009124671830543472 -0.009593036941671386
2.687717124864631 2.981916702014461 3.429761879904791 1 -3.576891782144827 -0.7851516522687935 0.004446083700024353 0.019851644465742405 -3.8582031104834833 -1.4779220399554394 0.018132995799532068 0.025306848888958258 0.5452618387695036 -0.13092744330865536 0.002451351004899306 -0.011680863113475097 1.145880145108075 -0.7083032488199215 -0.011607753071200884 -0.005781330905895771 1.9538194512459581 2.766427336768603 0.00777686943694942 -0.019838016511782842 2.805331378647141 2.6614543911534025 -0.010289762820758264 -0.019420583168843104
2.676013783888432 2.971959453433579 3.4005225273612805 1 -3.548493898508964 -0.6750037904380457 0.003732607774295092 0.0142274457534917 -3.8243615538834645 -1.3941012679148654 0.003849842044714358 0.018238056153444815 0.5289931645292878 -0.169887866460376 0.00017150321878623212 -0.014971656977974644 1.1059505174461908 -0.7915276252433668 -0.014200353274553563 -0.012831929193215397 1.9488246504778877 2.6831921302990414 0.006942563395576806 -0.02051999332526265 2.7992628644481163 2.5225504519319046 -0.012043803532595512 -0.029625864133394523
2.6327552687566826 2.9291485786978857 3.3562786868363483 1 -3.540913706606692 -0.5907278631188813 -0.0012185923948078844 0.01291897104195901 -3.824100354497207 -1.3445494157304614 0.0023746979287578383 0.006251795349815768 0.49028374086761684 -0.24723533081617344 -0.0061444437282545585 -0.02201388577361609 1.0656078230664194 -0.8850742802116496 -0.011510287863244689 -0.014059875561163702 1.9378990282153268 2.553788287386639 0.00507188278791534 -0.032576476391567806 2.7905093052101186 2.3837560059529204 -0.010467379691458594 -0.023360375300015182
2.58761259465321 2.8947392226932376 3.3003731731786776 1 -3.5602926364194123 -0.5377754158665758 0.0010116452774899245 0.008973225832741922 -3.818319622967231 -1.3341522124271283 0.0019128455383693923 -0.005377409218978307 0.44908013000018077 -0.34042718227210456 -0.0015817984704727308 -0.01962032953395603 1.0196296353279877 -0.9944812010701264 -0.014381750813578998 -0.02057209810559539 1.9263436905784763 2.408324856167296 0.005589239518649959 -0.026869603549434393 2.781757908421601 2.2425573453473913 -0.011411360592108837 -0.03166547067081423
2.550096726675146 2.857991081028277 3.2354949788108325 1 -3.5653707196899496 -0.5277218702342701 0.006757645828410061 0.0005942222237306644 -3.83003827443439 -1.3381041820079898 -0.001613578080460764 -0.00556596772145421 0.4349641606036885 -0.42682254317539614 8.099834631053807e-05 -0.02047540204720452 0.9610384894986259 -1.1264858385692567 -0.011941997810158325 -0.022191888149455795 1.9181727681677803 2.2864083532023307 0.005238924848244838 -0.0286480284164046 2.766606700309545 2.0712620799438755 -0.010864761874241076 -0.030216293699361473
2.4929536314929934 2.802420766092659 3.1654088850203728 1 -3.5618365419438365 -0.5401846712410602 0.0013120019606656956 0.002990441795124879 -3.852996005826946 -1.3493642903858256 -0.006016882325249207 -0.01087705030153763 0.41350526921267594 -0.5352239525829259 -0.0019999047952472 -0.024652228963599514 0.932484491354252 -1.247870470795625 -0.0034178181232991066 -0.01993619211253489 1.9081195959802741 2.1338265636530185 0.005347375948986096 -0.03288078371250237 2.7604226092144204 1.9314319341043644 -0.00857770200066263 -0.024410825484349565
2.4478359950250357 2.761348811670281 3.0888898749972995 1 -3.573418763486437 -0.5679982351380841 -0.0033373711125479545 0.0019268447726437246 -3.866913430845349 -1.3773461526555 -0.01068583744526708 -0.014232237998786071 0.4104231795776627 -0.6496621476774886 0.005327260848449417 -0.022264172910835833 0.9262213218350475 -1.3692320946673897 -0.0023428564885835668 -0.02343456982890229 1.9044085430135507 1.9986725324327206 0.007023588823819284 -0.02440743956887882 2.7571866935104694 1.787757782368279 -0.008627251666306228 -0.02889071132883235
2.400991726813798 2.715607128309354 3.010402088177968 1 -3.5732891348593916 -0.6184250219124167 0.0059179688818767895 -2.6134457604003875e-05 -3.890735078663194 -1.4099705907194926 -0.011857195216007328 -0.017663580861260735 0.4377813059560385 -0.765557294671119 0.017425953324600257 -0.050548503655314964 0.922058148183023 -1.5011249396019046 -0.02106761388382811 0.0013732400333411818 1.9076820215790633 1.8836843965478707 0.008923618400693771 -0.028204557436986112 2.757659219803898 1.6473703231411503 -0.007877490397913182 -0.022332688706570243
2.378106899429408 2.6819902848911963 2.924021227595822 1 -3.5706122389676955 -0.6780490031584664 -0.00750780177185849 -0.022064123747901045 -3.920470254542226 -1.4366233935992072 -0.00017458725565702368 0.006607328203661271 0.45128217987092434 -0.907357839557006 0.010232437120690914 -0.05008365691619578 0.9371834254126687 -1.634921326292071 -0.014038885221739138 -0.004748164866767971 1.9205785277673995 1.7605798753160702 0.01206165854774122 -0.02211936183693298 2.770466107877012 1.5535146261633446 -0.004789279859832581 -0.013462884674835588
2.4221567799169974 2.7717417642569275 2.9511840645755734 1 -3.589462626750633 -0.6515534072111511 0.0067711233408309125 0.04025010809401662 -3.818101220431269 -1.5239657134772417 0.038141869822081786 -0.03924434360868731 0.5697242539011391 -0.8157457615050417 0.0036737916244324346 0.03524198598839396 0.6357416235226605 -1.7988834633686799 -0.09044314811216643 -0.017892227423967764 1.8883576763570815 1.6577057125682568 0.0007779704256632436 -0.03534138424933961 2.7670599525936774 1.4290447519723877 -0.022255717574785745 -0.03356006622826846
2.5737024616424753 3.0017499933422838 3.038699340693801 1 -3.5629020895286616 -0.5030750928078898 0.007633872236265684 0.052704891587787045 -3.620433096108963 -1.510359040790629 0.005965708797419837 0.015373241024167034 0.501280592124993 -0.6389775695986364 -0.02423390204223693 0.026899720504808815 0.31638425206571696 -1.7336719509894967 -0.03604784693334209 0.03727127432100365 1.7947728978905628 1.4421454542314827 -0.015128097544262094 -0.05198607395543647 2.7787282822910786 1.1187847510687825 0.007558763127852926 -0.0804091556753897
2.613327387608245 3.0390641489000787 2.9357019001296285 1 -3.590391543797786 -0.3369030348079973 -0.008615608590790127 0.0495127225734419 -3.672629343893115 -1.3174551949114472 -0.03499003100592554 0.024877802433508196 0.19040781293551667 -0.4976773023089537 -0.06924924729139627 0.02474833374362434 0.1591954509490927 -1.5862010287525372 -0.014309192136324773 0.02071936447537944 1.7690429741596638 1.1178504745889364 -0.013050786014346127 -0.10085244963759461 2.768389521655764 0.7063897933824048 -0.017833773289922333 -0.10341243020975349
2.461741063388637 2.9165222311879075 2.8513760600065625 1 -3.6468288562559152 -0.136828086516672 -0.024439091179459034 0.04762802651076434 -3.808949524819698 -1.1808860759077313 -0.03140519808841266 0.019095684482394994 -0.08643819722563784 -0.38886516291004913 -0.020407390019421837 0.020278838954168345 -0.034374079502671684 -1.4773563180329372 -0.046964337391368946 0.02610480310109773 1.7093108703107553 0.7773511037062713 -0.025677287121579143 -0.09370359068529596 2.711916861335781 0.3191086613049985 -0.03360646284274035 -0.08473544072802715
2.4165409394116413 2.8326364458795292 2.765672139473721 1 -3.748400871815591 0.08737353124997083 -0.037869725152141584 0.04298296154989788 -3.8248347006241046 -1.095695386609607 -0.001032997035996715 0.017829021277794163 -0.18737243099378897 -0.3017023813407912 -0.003949961828618157 0.008284208608295922 -0.39198365802924773 -1.3839265984466462 -0.06446244861348452 0.01702098193978417 1.633969665476819 0.5309880137506064 -0.02317417820388936 -0.06820879151932835 2.5846896910480783 -0.004873737458292227 -0.04470333526682202 -0.07771813604569927
2.400546840008193 2.7585459914909127 2.6730715626696715 1 -3.9067727036146134 0.27897266963402667 -0.032294212826104694 0.040083157018484084 -3.7652719435989597 -0.9742264742743736 0.00828715734961496 0.027472159925582315 -0.2559590181633924 -0.3023928233940223 -0.02216187920986609 -0.00836722463626225 -0.7151456459912491 -1.327700845167372 -0.05470334078679154 0.008341580108423424 1.5857004774739902 0.3513714780821011 -0.028316218435161862 -0.04904833485610661 2.449284820866774 -0.2853925133646883 -0.019207142117913897 -0.06187316455895883
2.2318496894919044 2.6303914530243997 2.6209466846438048 1 -4.021833725493321 0.4344466195992256 -0.024630817467992082 0.02400091679178886 -3.7517752483970437 -0.7864961084285101 -0.0026975197152395575 0.03737241167051915 -0.34540116901509776 -0.34776183689356843 -0.030100701555440527 -0.010736977476689995 -0.8829962509855505 -1.3363255295963823 -0.01792223249919555 0.0036837453038477876 1.4995659314625485 0.1517763162990362 -0.032527933937926176 -0.03819952227127741 2.342866500124819 -0.511330598332322 -0.0004996355040780276 -0.0541044043854871
2.1438231957366747 2.513575974233113 2.583420715114612 1 -4.121653569943801 0.5279632598166062 -0.023613120469538937 0.0159392285494159 -3.7395163925965 -0.6148077457082886 -0.001777676502512475 0.026278187327174254 -0.41601432401747385 -0.3616663870250456 0.016473767201193944 -0.011001051825752511 -0.9618449319842899 -1.3332330047416323 0.0004916307792483324 0.005688709089050945 1.4370520446008115 -0.02735204147195125 -0.029759341887879535 -0.056084673633822364 2.2662764630901764 -0.7021010239859347 -0.031799734606217094 -0.049097341830096786
1.9998180545272461 2.274218482266038 2.562203851121746 1 -4.2076927443803935 0.5688613873330655 -0.02528710954711527 0.002580124596440035 -3.721293474780206 -0.47307725025607017 -0.00771286959652775 0.018754220225456766 -0.5106709325360859 -0.27945916207867505 -0.027375617604810693 0.01530912592780264 -0.9158495613228959 -1.354378165788615 0.008148438058892253 0.0018204547925883244 1.405509269688797 -0.12544124391955513 -0.027886812529057104 -0.036836084693232574 2.181372452619226 -0.9096537837777745 -0.04020190708160147 -0.058831640969718525
1.5470386575969586 1.81340409315194 2.6262150301617524 1 -4.278702558844957 0.59236836327509 -0.015628029840133964 0.01023461254746582 -3.715692378521213 -0.36915645952213394 -0.003833488660999319 0.011471716814928904 -0.5602009663753709 -0.22243019879470516 -0.031453198055380265 0.012791805770157382 -0.931515452980777 -1.3393039028916434 -0.03669190702875757 0.018548349932769482 1.353080897032 -0.13936261462220045 0.011676963322179252 0.023844911868272933 2.0337680282719273 -1.0973897594898692 -0.019432335594460257 -0.005132425693226257
1.21480563290375 1.4104286931134877 2.613421506571016 1 -4.3295190748211745 0.6393921388180175 -0.014004880746027421 0.02462531458556572 -3.7547622040361683 -0.3219880647683363 -0.008252342306088352 -0.002074462581074566 -0.5972724669864511 -0.17681729666142298 -0.03850420278905388 0.02167985090947817 -1.0467502079506428 -1.2644137931884976 -0.04703667058014608 0.02446590069936184 1.282850922754534 -0.05520002628444998 -0.00334748755614884 0.03441794884536441 1.9036610405102543 -1.0702400066310738 -0.002520113129966652 0.010457908326777565
1.061150783923251 1.1689478473438815 2.3138675915154563 1 -4.356330444975857 0.72676275231309 0.0030941426105951866 0.015015052295266108 -3.831492127569806 -0.3125410006456836 -0.0036496343182714983 0.01012595022826108 -0.6782373897775731 -0.10309356490359833 -0.0392886959128291 0.022762442349050005 -1.1470986356121786 -1.1969435895018605 -0.027705126981860256 0.017037670932182024 1.3124425384975886 0.05216251716774578 0.028446420587570832 0.025691483680853278 1.8175427344602637 -0.9999115847326118 -0.0036018820486655653 0.014230391367322376
0.9551982966193012 0.9863190797109409 2.06554702861169 1 -4.403786425638104 0.7669570226658626 -0.0042092685379400505 0.0011623755245354886 -3.8626612232859534 -0.29463769671113693 0.007513366301780244 0.013106167131469256 -0.7623041416064225 -0.029641926153868292 -0.0013368316820408094 0.008993890603808742 -1.153877917561894 -1.1526356653586314 0.017788352762631156 0.009533999833015524 1.4151797139898195 0.1274103025448834 0.03628882793011306 -0.0012238166545741926 1.738678103943741 -0.9467736138758462 -0.011172754857830206 0.029107731561409726
0.7916757392205673 0.7495725464171343 1.8376737969158607 1 -4.475197785983133 0.7449224437063637 -0.005631566995569 -0.004918498573812946 -3.8452551263011556 -0.2551097840698736 0.01281950934957492 0.015468139872507582 -0.7952871388649632 0.05465860823496316 -0.0164244962953318 0.024062609098873977 -1.1011475118232923 -1.075179012628753 0.0008607192732492329 0.02582613207654487 1.5511239859866706 0.20839792477197316 0.04924519025935768 0.01722041150972795 1.731240041305277 -0.8905075259169277 0.02143358873342698 0.018567434918335603
0.6144098419146578 0.5150194028083711 1.6527192517523888 1 -4.51872160002218 0.7287999008312944 -0.00391930332675337 -0.0005062946673278397 -3.837691338911606 -0.22518158299530966 -0.0043827380640287855 0.0013082193033509392 -0.7514277883504419 0.18563134919252477 0.030275235544250635 0.026879018708872958 -1.014547490315174 -0.932236572185695 0.032792139487980154 0.03399394796296915 1.704888740740219 0.30071163545616386 0.015835334099674574 0.014951054266762697 1.7606217305531855 -0.8160987504326838 -0.01012052375573199 0.01822509975717841
0.4874444223484813 0.33617015009583445 1.5239158221241873 1 -4.511186940700562 0.7319699966693658 0.0071767095351074894 0.002903468264068003 -3.8409947750274127 -0.21603128740850874 0.004185010891949798 0.0025163190089186292 -0.6799025594590145 0.37152197132448395 0.0027000115448391933 0.043511971822320784 -0.9216530054012431 -0.7404674234201418 0.008747179910967927 0.0418150752838011 1.8860996463450652 0.3736801206803566 0.01066339799403616 0.008173946055802066 1.8179533217343211 -0.7409751818136578 -0.017760378656455862 0.020304205756358915
0.38117613544273055 0.17664249759290826 1.414145084750437 1 -4.478420746242934 0.7156220372186155 -0.006459375501472698 -0.008908109131270025 -3.8248892961775267 -0.22461946963011536 -0.00051639422372646 -0.01605339152662568 -0.6012677325990103 0.5734165349202958 -0.007995266646274493 0.04548938074369553 -0.8168946820298548 -0.5341006071167773 0.00029651337547077425 0.043726953342452614 2.071871582572058 0.40372719201290175 0.058599548523802995 -0.010582128038162886 1.8791764606709664 -0.6840334094752824 0.039352818533345296 0.01035625703005066
0.2813245349358647 0.028069743539325134 1.330875525400921 1 -4.445383859241476 0.6574882338588914 0.011583780805327158 -0.011244434295608553 -3.765427326773454 -0.25802071577109753 0.023203887626956413 -0.003756067554939716 -0.5159007245318739 0.7704763901323914 -0.007801857521618936 0.04011376518847806 -0.6982625761554653 -0.3352183940841764 0.0016016919554879099 0.04490726154938912 2.24159865815247 0.40597846135368676 0.055683466737038695 -0.005880442892790293 1.937366563986437 -0.6440606703529221 0.03700552145322495 -0.0035767808737552026
0.19184931944451755 0.09756926686330537 1.1669901013967474 -1 -4.392578925305073 0.5846048565995237 0.02386242836294611 -0.008495298524900222 -3.68900220883214 -0.3176322693055347 0.02153867782442003 -0.004843717958837975 -0.4268118321105572 0.9576033237014305 0.014882990510476203 0.04962698589748585 -0.575624598495323 -0.1366174190852767 0.016371592792704195 0.02767772424463003 2.391039925886317 0.395219366176514 0.04716514686096223 -0.015819622143835445 1.983648700293207 -0.6130602419585136 0.032188552956730405 -0.0017941570325596002
0.09625322230362678 0.21452123644018442 0.9983808104898688 -1 -4.296758846164289 0.531590441666318 0.011780352789241132 -0.01411340055252359 -3.6498623618282053 -0.3877829309098011 -0.005420396490215868 -0.02187450561815022 -0.3358260962229389 1.1312951521558023 0.03757414378626704 0.029400971040698942 -0.46611122984369846 0.04934771928220094 0.041293627708094124 0.03349956195229816 2.5160688450421125 0.3753980659788063 0.024468037730813425 -0.02079910409237158 2.0071838030313263 -0.5839638256832151 0.016244581132229572 0.010509092382258767
0.03552907161607046 0.38351620759803223 0.6110308823340392 -1 -4.2304040596474035 0.5734589448268745 0.013327097902184603 0.01791050297589335 -3.7167125452644507 -0.3618614683111291 -0.003538201873792609 0.031025292132778298 -0.24602240118779228 1.3209182795567638 0.019952476404341467 0.04900385602249971 -0.3693480562988718 0.2627118673521214 0.02334647348811999 0.04014960018420376 2.6781296266069328 0.37295005185446484 0.06482588612729065 -0.00795229985203224 2.177299943274334 -0.49776964421841097 0.0677509510801023 0.006787576306743603
0.05199586640117389 0.49000961636946255 0.13473862016396998 -1 -4.334445641371691 0.608831890751786 -0.04235805727507885 -0.006589905368350489 -3.727971771537153 -0.1995112258360553 -0.007632791240615257 0.03180138490400442 -0.11998080870261507 1.4931436306943282 0.034925059164606774 0.00926858788797235 -0.20405770026502346 0.5107935059587603 0.04344556101390487 0.06282191969423244 3.0554868153519115 0.2566053951932177 0.08959659232808548 -0.02816477740571565 2.4839182774248227 -0.4591143128948574 0.05139743062637063 -0.006060288716081757
0.0718171026043092 0.6626979853646883 0.21152714328943686 -1 -4.446501771202759 0.6341147253888111 -0.010889367270423347 0.020049899293110757 -3.750952185748385 -0.012035860252414987 -0.009961699801498195 0.022315821530251554 0.1321565953327637 1.6133172603616428 0.06088478749366219 0.016562588914258346 0.01739735805289566 0.7096089637880203 0.04675152992773166 0.03419856287712385 3.4156568875960778 0.08750802931500834 0.06888519516725779 -0.008948632623012973 2.752710287775927 -0.5170264502180726 0.0356167325217962 -0.02843602964709792
0.07000354814829954 0.8117877574823128 0.42477186509435283 -1 -4.403661037435421 0.6864645054616205 0.03655030946991856 -0.013692675773225173 -3.804877555082678 0.0722917236400551 -0.007444845957489761 0.02750931014063602 0.4173706569947555 1.6732795752705925 0.046016159650446774 -0.023461018057125964 0.2345110894887803 0.8301768114569863 0.04766338990387376 0.03853533021545247 3.6430777029187382 -0.027086639386833755 0.026999361598451482 -0.01943731411161786 2.9602016881825994 -0.6094728014578017 0.026063401935336763 0.0018759364373210382
0.039076179820341624 0.9378524584642636 0.5981684913998676 -1 -4.327462638925409 0.7034942512832718 0.039634058240847446 -0.01383890846190927 -3.820499900946288 0.11297574097771013 -0.013338651945136283 0.023766008224371693 0.6114473448188278 1.7138541528808222 0.021608467333304324 -0.029241378555773266 0.41846873606811563 0.8850914112190014 0.0402994139086303 0.04247904315152812 3.8373170375916708 -0.11330142404765375 0.0017504268312197903 -0.03732903229260137 3.1464100710934098 -0.6461615280368911 0.062430908340848024 0.018081430834462328
10.693349 1.9263716 5.853118 2.651979 4.4942465 7.8690805 3.5592666 3.480427 5.764839 1.454953 9.7737 0.28734922 4.055092 2.113747 2.8195815 6.5385475
9.237787 1.3465436 2.84226 2.4577227 2.8734996 8.250388 5.2205353 3.7657447 6.010287 1.4212437 9.426811 0.2736448 4.8586226 2.0979247 2.7455354 5.122755
9.313293 2.7416205 1.0604033 2.4367008 2.1235354 6.848687 4.778241 3.1399596 4.5750837 1.3997574 9.128623 0.68832505 4.9016128 1.9595551 2.675354 3.5172038
11.103064 5.252832 1.4082972 2.778806 2.6763759 4.657789 4.500173 2.667962 2.406519 1.5328801 7.257324 2.0374975 4.2910647 1.9908637 2.7465966 3.1916432
11.706966 5.266935 1.581239 2.8162117 2.5205083 4.0671024 4.1709895 2.478205 2.1668372 1.5897281 5.9259434 2.2431958 4.304118 2.0489175 2.7370558 3.1563373
11.805225 5.1540875 1.6357665 2.828761 2.4779825 3.7650454 3.7630274 2.5254788 2.2559319 1.5848823 5.5006957 2.2088578 4.2263665 2.0524077 2.7340589 3.021636
11.776958 5.110217 1.6304712 2.8159134 2.4617002 3.8115091 3.7849817 2.5338802 2.2867742 1.5818293 5.5173054 2.1807358 4.2517085 2.05223 2.725822 3.038135
11.818307 5.189086 1.6242423 2.7951794 2.4409444 4.0151663 4.153921 2.4542532 2.1510289 1.5992522 5.589653 2.2387865 4.373489 2.0648246 2.7127662 3.188498
11.481569 4.3013587 1.6030166 2.6433458 2.0748909 4.5846977 4.186328 2.6261342 2.6671882 1.585838 5.7854524 1.7774091 4.764042 2.076268 2.648605 3.3366442
11.73971 5.8170214 1.830626 2.830429 2.684076 4.271517 4.8384123 2.9976857 1.9664129 1.5985343 5.514795 2.269571 4.349196 2.0636134 2.73407 3.0990567
11.594073 6.184166 1.8721731 2.8930826 2.937744 4.5029216 5.3389006 3.1161785 2.0094442 1.5911846 5.499013 2.4064822 4.1861043 2.0691593 2.7814057 3.0945086
11.195989 5.446032 1.6417458 2.7497597 2.6430113 4.6190066 4.699664 3.03746 2.2898135 1.5421574 6.596391 1.9817615 4.40376 2.0102048 2.7035165 3.1392107
10.94502 5.700426 1.582208 2.7738876 2.8337312 4.739078 4.861657 3.108727 2.2731981 1.5150814 7.180132 2.01776 4.2727113 1.9783642 2.7221763 3.1252131
8.960487 6.076996 1.3706982 2.752842 3.1969903 5.4600606 5.149934 3.4740453 2.6021965 1.3802254 10.275209 1.7854878 3.949079 1.8168607 2.759154 3.1441422
10.090351 4.0378046 1.3260747 2.4906006 2.2498605 5.4535685 4.2055607 3.192354 3.2237751 1.4387999 8.572464 1.1292616 4.7915096 1.926362 2.5914366 3.3126163
9.386087 4.7764606 1.139072 2.5529473 2.7690675 5.8004937 4.608724 3.2244906 3.212407 1.3631878 10.090329 1.2312531 4.416728 1.83686 2.64644 3.2344813
9.189144 4.9541016 1.1058576 2.5645192 2.882421 5.8623443 4.6869893 3.2272782 3.198647 1.3460121 10.457758 1.257978 4.3333106 1.8151727 2.655676 3.227139
7.9103613 6.439266 1.2297182 2.67512 3.4667685 5.5178175 4.6557994 3.222601 2.3742096 1.2762136 12.113832 1.6191308 3.6983666 1.653068 2.7185855 2.9096103
4.5374317 7.2625084 2.4388018 2.778716 2.9323819 4.8594 4.72222 3.8752894 1.7117 1.3451377 11.972287 2.048059 3.3846447 1.6194391 2.8162498 2.956799
1.5256426 8.365682 3.475176 2.873543 2.2364368 4.3857913 5.034063 4.6015096 1.4741267 1.4236119 12.015768 2.3645198 3.2775578 1.6349552 2.9029508 3.0915976
4.0992312 7.398658 2.585193 2.7877808 2.8475816 4.7863564 4.7428126 3.958048 1.6590871 1.3537647 11.965004 2.0909226 3.362704 1.6176519 2.82463 2.9700527
3.280975 7.782757 2.8578782 2.8262997 2.6018853 4.6756144 4.930102 4.2620926 1.6715987 1.3823512 12.000523 2.1746454 3.3708189 1.6371719 2.8557138 3.0360985
3.368956 7.812699 2.82874 2.8328009 2.5876381 4.6945977 4.986436 4.310843 1.7190365 1.3852692 12.000204 2.168575 3.3948224 1.6466349 2.8580697 3.049902
6.044803 6.9641776 1.9143772 2.7663958 3.1772437 5.144129 4.8277087 3.8126597 1.9854125 1.3204014 12.046156 1.888176 3.5077522 1.6442045 2.7905314 2.9487972
5.581443 7.0629244 2.0944793 2.7651167 3.1283896 5.055475 4.7520638 3.814744 1.8704697 1.325375 12.005468 1.9319592 3.458026 1.6304722 2.7935534 2.9403887
3.4274113 7.7050667 2.825929 2.7795706 2.7527802 4.6383915 4.626302 3.9653523 1.5176107 1.3613286 11.926792 2.1352777 3.327261 1.5989118 2.82009 2.9511976
1.2194514 8.729763 3.5475793 2.7830865 2.3651466 4.215061 4.4173646 4.199182 1.159776 1.399797 11.924927 2.2908745 3.2543728 1.5583574 2.8356802 2.925259
0.10213423 9.578394 3.7862568 2.7513058 2.307359 4.187774 4.0502334 4.3633747 0.8930894 1.4088876 11.8384075 2.283166 3.2356505 1.4937468 2.8240128 2.8329859
-0.18600893 9.877876 3.8341088 2.731894 2.3178654 4.1842623 3.8713315 4.410469 0.77370584 1.4071982 11.792089 2.2568376 3.2343583 1.463716 2.8120623 2.7775564
-1.2144604 11.131035 3.7882347 2.634143 2.5527804 4.69452 3.1121955 4.563131 0.41213346 1.3817742 11.416122 2.082439 3.1874013 1.3101324 2.7660427 2.5611053
-2.1664872 13.134794 3.7878127 2.5014327 3.4848976 5.938999 2.304278 4.69753 0.2755401 1.3540224 10.124991 1.7386674 3.1421387 1.1361667 2.737798 2.1739402
-2.062564 13.584961 3.939423 2.4634657 3.4492211 5.5588036 2.4730995 4.7502193 0.16217089 1.3574107 9.7939 1.6701903 3.2978501 1.1556038 2.6959064 1.9241815
-1.5697961 13.4200945 4.227991 2.456462 3.0691328 4.606393 2.618757 4.7257757 -0.05704248 1.3630002 10.067703 1.6766994 3.4395933 1.2091099 2.6423082 1.8040266
-1.3973541 13.913965 4.272645 2.4847505 3.1641443 5.4122553 2.4750419 4.7996016 -0.1895411 1.4524796 6.869397 1.9247806 3.372354 1.2469152 2.6794248 2.0364447
-2.115291 14.280548 3.5126333 2.4344194 3.8937628 7.2867994 1.7979367 4.592329 -0.031700134 1.4274418 5.7001925 1.8807509 3.1052685 1.0908042 2.727267 2.1769142
-1.4022441 14.058977 4.12772 2.7036967 3.9329274 6.9521565 2.5800164 5.8799505 -0.08824217 1.6440325 3.5208883 2.3249013 3.3360524 1.3382965 2.9228191 2.245953
-1.6612144 14.272409 3.5502667 2.6458917 4.252618 8.5140085 2.4455416 5.6118402 -0.037177324 1.6419667 1.0618806 2.3994777 3.160953 1.2536104 2.9323144 2.3263865
-1.0876079 12.308189 3.1459756 2.4330435 3.0757408 9.766401 2.0332341 5.810239 -1.1904925 1.4542444 -1.617538 2.229427 2.5263214 0.9706037 2.705007 2.6387773
-1.1333394 10.554543 2.3193665 2.1113622 1.7969632 11.401193 1.668025 5.9869285 -2.1468148 1.11285 -1.8817759 1.6285539 1.8241992 0.514469 2.3995976 2.7081175
-1.6622267 12.241436 1.8792162 2.2215714 0.7647333 12.486371 3.2552416 7.955077 -1.6647638 1.0203526 -0.043952942 1.365459 1.8148127 0.43941855 2.417501 2.8659086
-1.15449 8.308465 2.1533103 1.9978426 0.3440709 12.985574 2.6616826 7.924412 -1.4055896 1.0556827 -1.8836937 0.9306685 2.128757 0.49783325 2.3290153 3.1094804
-0.4408326 2.7734523 1.9705502 1.5030749 -0.461946 12.952264 2.4592052 6.230364 0.5277505 1.0876533 -1.8615832 0.42837512 3.119 0.6675632 2.1446621 3.7491941
0.9627187 0.67212677 1.8229527 1.2996061 -0.5428748 13.014455 4.152231 5.660677 1.1225628 0.9721708 2.8361883 0.7823396 3.0698466 0.5696566 2.0572367 3.4640017
0.81793785 0.6332693 1.856047 1.3027226 -0.597065 13.041876 4.017793 5.598831 1.0813565 0.9601815 2.8146276 0.78133786 3.0333414 0.5544884 2.066247 3.4158025
0.24420786 1.0411897 1.5447184 1.3187476 -0.52994823 12.738467 3.7415981 5.396472 1.2128012 0.9520056 2.4266295 0.7150152 3.083146 0.5560483 2.0809603 3.5975642
-0.8588209 2.41063 1.644179 1.3535736 0.046450138 13.271104 2.7645862 6.040472 0.8714919 0.9658768 0.6720619 0.27029204 2.85288 0.5744724 2.0617366 4.0925093
-0.42116404 1.692791 1.594912 1.3112575 -0.12267828 12.837215 3.3435454 5.660432 1.1252992 0.94605374 1.952477 0.5774627 2.829705 0.59372926 2.048626 4.271977
2.1842608 0.52460814 2.2126477 1.0780854 0.20647192 13.560178 5.328182 6.521516 1.0404146 0.96566606 4.2334642 0.8514277 2.4225452 0.6959784 1.7825282 5.2897043
1.1102378 2.5654645 1.3142821 0.62266874 1.39716 13.597818 4.5055037 4.2276278 1.6985718 0.7974169 5.887388 0.4509883 1.9159658 0.6514118 1.3894926 7.2849483
-0.85005474 3.204839 0.13588691 0.5335401 3.1315098 12.683488 4.647328 -0.21367884 2.8358433 0.71848524 10.684269 1.9801025 0.9951958 0.78902435 1.2616185 11.519236
0.29706192 3.0068693 0.73446584 0.43318975 2.7799425 13.502647 4.3672075 0.71722126 2.3671288 0.65786624 10.674133 1.8355405 0.7649044 0.73677826 1.1050665 11.167141
-0.11405182 1.3582993 1.956608 0.4353255 1.2793012 14.284671 7.121559 0.40038776 0.959775 0.7133658 10.509803 1.7488258 -0.71631557 0.6794933 1.2138214 13.10421
0.31484413 -0.621675 2.4007497 0.43660307 0.51938105 12.471982 9.348091 -1.9042139 0.45341015 0.86690056 11.034655 2.414049 -0.8262007 0.78388035 1.386436 13.836376
2.2180617 1.3621657 -1.3766732 0.8396433 0.14427662 7.944629 7.5887985 -2.2170954 -0.96048546 1.1520951 12.161499 4.3648634 1.868793 1.2471249 1.7395446 14.91948
2.8284512 1.2995071 -0.63886666 0.97924554 -0.041914463 6.023436 5.9696107 -1.7761054 -1.3108351 1.1243172 12.752633 4.035102 1.322526 1.2426095 1.7533367 14.641315
4.3501077 -0.63334656 2.41577 0.869352 -1.0909348 3.3261452 7.9586406 -5.536561 0.45080745 0.61555815 16.482845 5.644386 1.1759778 1.1168106 1.3913702 13.803068
3.6878285 -0.20487738 9.166702 2.1191697 -1.3757257 6.892416 11.870714 1.9963473 -2.2806396 0.8293977 14.380869 4.9365625 -2.9711587 1.0987824 2.1230185 12.89682
2.4776955 -0.1832962 7.076138 1.9393007 -2.5285625 7.1472673 12.95094 1.2417924 -1.613488 0.7959796 14.7404 5.096979 -2.2824962 1.1301527 2.0019145 12.450432
0
0
0
0
0
0
0
0
0
0
0
0
0
0
0
0
10
10
10
10
10
10
10
10
10
10
10
10
10
10
10
10
1
1
1
1
1
1
1
1
5
5
5
5
5
5
5
5
5
5
5
5
15
15
15
15
10
10
