63
1.8282896813117342 1.8742796275079743 5.294799335196755 1 -4.12 0.3600000000000001 0.0 0.0 -3.63 -0.51 0.0 0.0 -0.6299999999999999 2.32 0.0 0.0 -0.13999999999999968 1.4500000000000002 0.0 0.0 1.9900000000000002 3.79 0.0 0.0 2.4699999999999998 2.92 0.0 0.0
1.7377112873287426 1.9849386032984668 5.286759383051102 1 -4.056029782296201 0.3972375878923706 0.03419901664896145 0.015636570917433465 -3.6424166988806954 -0.5422231199736589 0.00272319675135539 -0.014080083922618418 -0.6310509799485176 2.3201504094734626 0.001522241209245748 -0.004596256428600154 -0.14003652007884426 1.4493176447026936 -0.002808643899388812 0.003933649225059628 1.921692483237039 3.7728912780032324 -0.028817878033094848 -0.018034525036979124 2.4498170675180946 2.8773216072434225 -0.012307363693919156 -0.014110117500139203
1.8485189881414932 2.2412041482936447 5.174272194982893 1 -3.91297153324657 0.3875301345599129 0.021369567417267005 -0.019050659582743296 -3.644988861638137 -0.6274450603600508 0.0015577706121643895 -0.011655266177589463 -0.6650079895021399 2.319970680299932 -0.010756990288854146 -0.004127925101382919 -0.15166973237423687 1.4223198979180993 -0.007018938455809861 -0.00707517629216607 1.760866155459456 3.6418366432115974 -0.02026796894868716 -0.040924784239840285 2.3772472945856755 2.7187936699361255 -0.020531211633040346 -0.03757504947726503
2.0209189069835807 2.372592416346126 5.005979897401053 1 -3.899885740702897 0.2905158400529093 -0.006732870516453947 -0.018047203478963623 -3.625361899752015 -0.678365140175798 0.006265015768078797 -0.0019000272477984262 -0.7470972042965429 2.2975004131101997 -0.01806547699433636 -0.009834544310681427 -0.20498342232570899 1.3489426409729641 -0.017177186679116933 -0.01691221221606476 1.6888973131519966 3.4413560437209973 -0.012551366118021247 -0.0418432250855625 2.256122268577598 2.4749131231354773 -0.029887103314774864 -0.04763799407271736
1.9674861482618284 2.3211327779265485 4.873448613534917 1 -3.976557977830872 0.24007032515655968 -0.011226927272894469 -0.0021305982011393457 -3.5977923115234005 -0.7044628215940059 0.00825383048219229 -0.007574301234503918 -0.8555509943813595 2.2306225897636236 -0.012546234005835995 -0.015070701269342936 -0.3175305842947047 1.2478330718436417 -0.017533142053480267 -0.011953913170939107 1.574484883936437 3.2522500385495086 -0.024489411179116898 -0.049974736584297255 2.110197454446509 2.2472750301848192 -0.031994644937675266 -0.01969770909112025
1.890206714189015 2.2582661296597393 4.818082640806156 1 -4.027659421998202 0.22213990164592023 0.002132845978018697 -0.007852352860550279 -3.6078316262140806 -0.7759591481896839 -0.007782015351942629 -0.01321717810871672 -1.0139505438270962 2.1213828666335512 -0.02708504155304603 -0.030597467768672882 -0.47636058701989725 1.1289635718980695 -0.033476560124894215 -0.017092211328693235 1.4116949721413912 3.078614601307719 -0.05291134898880753 -0.038094614818527016 2.0016422801395306 2.11972438850601 -0.03110297278423961 -0.03262838598771554
1.9521654007066205 2.290125069665916 4.8018926024084445 1 -4.017464998913777 0.19905723697014155 0.017890043029766052 -0.007152998135364524 -3.6575848971336775 -0.9146385368552685 -0.002850116733855792 -0.023907789881847212 -1.1548107165777735 1.9925893105288028 -0.03340039904457021 -0.02413170585362116 -0.6236324751000324 0.9870272722848186 -0.03216816736902625 -0.0448820171148488 1.2613276252389465 2.9425257902736166 -0.0285126253547274 -0.040827682837602505 1.904294556701644 2.0398621036733706 -0.03612685380656592 -0.01118166838019215
2.017063961768997 2.3213405160235996 4.771254782294118 1 -4.000712689165625 0.14038964445006408 0.015981211962062085 -0.013809169418438228 -3.697301645765838 -1.0594339472027436 0.0061962644561052126 -0.02066468829183939 -1.2019545658268669 1.8511036645020833 0.009261052387149003 -0.02660755636904929 -0.7070511365429208 0.82013048653037 0.0016937741469397402 -0.027450159332057827 1.1691979956858196 2.8366565419783796 -0.032002929462263324 -0.030782817896093783 1.799244642582301 1.933292856747904 -0.03377221833201935 -0.0364184667565286
1.9711035384962035 2.2890934524058357 4.7283282134649305 1 -3.99646759726334 0.051871778801035884 0.016961024951875944 -0.01865553985385065 -3.688725754966709 -1.1596370048647096 0.014538374877463909 -0.008559584392809376 -1.2023933281217385 1.7071246442780725 -0.018823734243752426 -0.030839594979168897 -0.7144562246218733 0.6545116225012275 -0.010310390357127209 -0.041180647391610384 1.1077152159230979 2.755517988380166 0.003971636474616694 -0.005009068481893912 1.7389559505774308 1.8384532628907548 0.0060391786098876535 -0.00028810343583743694
2.1331987552691984 2.414491788544435 4.630300722719164 1 -3.930659707542651 -0.21101551354092452 0.009315036824178224 -0.0785808675362813 -3.6399240338996046 -1.3484265264676545 -0.012317621958363924 -0.05656981150127273 -1.173912802233421 1.622163521301411 0.028374059856982606 0.002022239469696204 -0.6563845787368767 0.5912621874212793 0.026483406056749793 0.009522928634546589 1.2686765395744137 2.6389913497087165 0.07886693071138726 -0.011587385851713802 1.8663698602627194 1.8083693452553944 0.06711365032164843 0.013164779732076477
2.243577823926077 2.510574440809707 4.53271291287917 1 -3.818364138477686 -0.6643180938579656 0.020257694216030415 -0.10023342497901758 -3.81141584932683 -1.63711567915799 -0.05203831015383101 -0.05045464555267745 -0.9964788073474846 1.664794569355998 0.034402080968316595 0.013181332194022972 -0.5934104577924417 0.7122046442550971 -0.003036158814764423 0.03570529801910089 1.7430122068899223 2.6568568735463223 0.12017011797672614 0.004294906666710719 2.344055594983356 1.9871531288701463 0.09330089877366476 0.07613145851411121
2.321362777207282 2.607209499907884 4.335877235266054 1 -3.887834030129019 -1.0719607263394981 -0.042327296326258125 -0.05787901879861073 -4.050678848662983 -1.901478665038768 -0.033973709564043636 -0.03833621030397716 -0.7551642739503679 1.800862966852499 0.052281372908384555 0.007195698617274718 -0.4792906943558428 0.9641112103767635 0.030898518532242257 0.06857913612686109 2.2254522741903235 2.7951125994018553 0.10700550033864574 0.019015884302632454 2.891110845420175 2.2562534609343015 0.06678829181116927 0.07181590972640187
2.4038351603807215 2.6735329670323846 4.178930668933508 1 -3.9674846131917656 -1.2440087489648426 -0.011773290083647879 0.00039771292876909694 -4.164470818327572 -2.026417280737054 -0.019623810098337725 -0.021808943375807802 -0.5571867349274471 1.8948799716455564 0.02620415275034217 0.04169385321483729 -0.2919037095919199 1.14155634769085 0.0465571565645278 -0.011876560522865814 2.574017404098117 2.973789476666975 0.07098969641785931 0.05213273546811954 3.2596172431050485 2.4825100359651993 0.05981358991380444 0.054248030847923
2.4470380022683904 2.764593667386106 4.321602239050423 1 -3.801638720952893 -0.909476218347179 0.0629500571413974 0.08948721204062088 -4.162637098333461 -1.7829550047723066 0.009871498453276435 0.08509793057235666 -0.378935224891892 1.741960186238955 0.02849263121932345 -0.02893511992887637 -0.007841258562648612 1.0494888001466367 0.0769389072808841 -0.06672905949281045 2.5996198418120793 3.1677575828269138 -0.022039929100501572 0.025786918590910198 3.3552361012732055 2.6826868629720853 -0.011428617708714098 0.041306197647171014
2.531514331016369 2.971955743962627 4.583070010564086 1 -3.583876649343223 -0.45372006342300475 0.015643359868379177 0.0805272329008677 -4.03470910416165 -1.44867743326546 0.052877147283224485 0.07363891851993958 -0.17345764281535825 1.4861760013330723 0.05533664899448972 -0.057851274309298685 0.30695927910395593 0.7973774618356886 0.04525012677164367 -0.026968440770881993 2.386452854859032 3.2215963934258838 -0.020821044603927093 -0.01770008340243973 3.2594632287144067 2.6445839601182985 -0.059116062697935734 -0.012279861223120699
2.4262399397252286 2.818524070120185 4.6326189140925225 1 -3.611066213633483 -0.06822567765100951 -0.003895097017124736 0.06180834920188105 -3.737820990268609 -1.0545666621564311 0.06312893351570098 0.08841666882557275 -0.038884025353373985 1.3452242227611495 0.028700657280505058 -0.02507344604665914 0.5356874659662427 0.570505411454332 0.02734006403451411 -0.02270525785757876 2.214996439751447 3.182873128756949 -0.028432544364844613 -0.03738196687961464 2.955450329960823 2.367553585245366 -0.08811201583818021 -0.04127847529738028
1.9943517960912864 2.404098761629771 4.491558236402848 1 -3.693114822479653 0.19045974057600623 -0.01830107790823738 0.050356361157650104 -3.5656294159577984 -0.6823434464864386 0.016912006402623806 0.031532068472732724 -0.06604155647799548 1.2619698496511438 -0.032414951482300086 -0.02732487002209083 0.6133860071062447 0.40496033059178127 -0.014290140060690976 -0.0330243194469214 1.9886714208629321 3.048466447968977 -0.08268411828021845 -0.042752600082286527 2.6039852265582546 2.0717592475352595 -0.07346455087106861 -0.07791852145397438
1.8168793073449019 2.150542597083569 4.364858947328419 1 -3.722974119330013 0.2724600779087678 -0.00775083518084171 0.013003068574489508 -3.5659430689523672 -0.5864035134749659 -0.009482974983715881 -0.030951668460759838 -0.22281849831148737 1.1831665050122382 -0.041884445756468415 -0.024691017667677777 0.5084385257242721 0.26898446264945575 -0.050426516511075256 -0.03039853704200647 1.7451332011442968 2.8548172275006674 -0.06829639876399789 -0.0518562575588885 2.4137135965066623 1.9069795022621587 -0.041107660372624075 -0.04044947371887897
1.8233509741690124 2.1564528747644864 4.252923877925524 1 -3.759517424525341 0.21237292487608284 -0.02176285556197382 -0.009667411739635926 -3.654985315143502 -0.76343139746483 -0.019253479061550713 -0.06212744137614158 -0.36891277338667816 1.1160827283751238 -0.03475435745656559 -0.01825511508629423 0.21890099641095517 0.13286107467027275 -0.07945759909612503 -0.032235491408386205 1.5756681599947484 2.6653433673819826 0.002742325529626489 -0.01688396642232122 2.3354021713410003 1.8140654199236521 0.013417256408587257 0.002308354617318386
1.9055666814271186 2.262432656501069 4.193980025473143 1 -3.873476164863221 0.10384683591812194 -0.012777952145584885 -0.028121351125858996 -3.7274764488572423 -1.0174219384355954 -0.0004132435321966483 -0.03734489484772916 -0.4839102254601073 1.062175579493466 -0.003999151682331836 -0.004816737709042995 -0.13260333947274905 0.018353022667156216 -0.04642712765862708 -0.009325871136573027 1.5246930276658022 2.4612580729731137 0.00547449476107709 -0.03458675897234406 2.2845802164394398 1.6609080306486583 0.002621544650563183 -0.0309531448114077
2.0763191302878576 2.408781238773372 4.123950285737948 1 -3.9550171562667487 0.01441743600688472 0.01752409883882977 -0.013191187268110763 -3.7330776841273936 -1.209742314482577 0.015031195193965759 -0.023087585776119492 -0.6540475483880028 1.0139393904100773 -0.01696332017823391 -0.005728258152757897 -0.38571399549562635 -0.043689396493485466 -0.016877908064987165 0.004524494863917176 1.5156450954525509 2.2272124074658435 0.004330888820189793 -0.0603675084913496 2.2515563663343316 1.4570894095273883 -0.021108556360065443 -0.026627902228881083
2.207913762851165 2.5428413647062893 3.994266310549212 1 -3.9404066563428 -0.05887168507034457 -0.013955130824820965 -0.02222760330252929 -3.760889393622694 -1.3054675154359554 -0.021695203835271674 -0.011440449994380106 -0.8366607022494201 1.0085570659965248 -0.036168241668583324 0.008103057526418666 -0.48642453483984927 -0.05396629895413607 -0.013771269374663324 -0.007071220367372063 1.4560825559075772 2.0154778306201853 -0.015391256029265311 -0.046670802269957144 2.2172060420446646 1.2776539025820028 -0.02017658332236509 -0.02480025264049767
2.256010526784065 2.6246018052045925 3.908985853712079 1 -3.8708787029260785 -0.12984186603029468 -0.005779701031505978 -0.01298845438604328 -3.829103955836097 -1.3533837153318404 -0.02524558236092829 -0.005267541564477682 -0.9008794418379122 1.0425099008980698 0.0226416350403932 0.01056460939359925 -0.5081640101411571 -0.04471673296453549 0.019087179605427666 0.011823675947587087 1.357529967013635 1.874388588393678 -0.03700784525432985 -0.04253856528924361 2.1625582690469676 1.1331352602338192 -0.02700991953521031 -0.043391971145765526
2.3243040081727497 2.649584305762962 3.8578606605718884 1 -3.8158511202295857 -0.1767006282505077 -0.015409321680048337 -0.007563097784870113 -3.8805339540247616 -1.3748898175467663 -0.023247419717341344 -0.0009293762243032201 -0.8737190694582346 1.0443926830012784 -0.010426015545499979 -0.01783062192617463 -0.5059028701890669 -0.0758508400772192 -0.0165604997512034 -0.015511383664326264 1.3081446439244422 1.7997037519437367 0.01951845834314405 0.007572864915956535 2.121520698448581 1.0374207954249015 0.0057848966140808845 0.006013076125711333
2.314076258140378 2.639111668069428 3.8303719649783474 1 -3.7972414294222703 -0.21807441156231466 0.01256554356638255 -0.009945741803855695 -3.8968785356165485 -1.3915515635141407 0.008479830222001706 -0.005191183527866058 -0.8633051718197797 0.9470274428132799 0.02258714234081565 -0.023314084129645484 -0.4582470709270865 -0.15385853988716458 0.03850104659774973 -0.006621087582842335 1.313154560151637 1.7678201562986136 -0.01875935796138529 -0.024313032329505622 2.1097013148173973 0.9930288314191704 -0.008521029053822328 -0.011288320101789276
2.246343035564924 2.6214191713165036 3.851182407304414 1 -3.796038086800241 -0.2635577620228293 0.013784202620360238 -0.014738004537770324 -3.91115852825577 -1.4274807180871165 0.005068710810367874 -0.005448558447761885 -0.8587179341484279 0.7834365120929416 0.01805937593933224 -0.0317692463046654 -0.3773763830769177 -0.26927716201507146 0.028265643737647814 -0.01836707548259977 1.2999269931153723 1.7576719409358423 -0.02882270390127933 -0.018271198620265112 2.1483478630891133 1.049809528690846 -0.0006981457898170944 -0.0049572902913131815
2.282700536991511 2.678981766011519 3.9162769495654897 1 -3.7786036935764904 -0.32375407481626806 0.017753218203432414 -0.016597241236180713 -3.9592465605415015 -1.4725100412763508 -0.005270081665959041 -0.005864890411964502 -0.800392041037139 0.6063334344320066 0.008994295765699264 -0.04390037171077673 -0.30273376740295266 -0.409769507099909 0.0017690974111703034 -0.030055674033444918 1.2826041942178499 1.7966917147066486 -0.01592582994213248 -0.004348531350928163 2.1785927930982725 1.1540915848216424 -0.003013807317043671 0.0029595112725643476
2.3508221945502807 2.731827149622005 3.9351148071694504 1 -3.73849291697451 -0.3815108881577681 0.0010249123031345307 -0.0063329825404898135 -4.027785320618091 -1.4996292659913595 -0.01659499854927301 -0.004160121238284232 -0.6945882591562067 0.44569399129035525 0.03492774956034803 -0.04101272526628123 -0.21996339899139628 -0.5519411301651018 0.016674996193637347 -0.008283980766097886 1.2921991852179806 1.8563283574901774 0.014140463071951756 -0.00021330776221954728 2.180668548901573 1.229633132576566 -0.016917017780516228 0.022286924466907686
2.3246364833354143 2.711071479153287 3.925733220161786 1 -3.710738861349241 -0.4176754921580407 0.007819575383348196 -0.01408040772876107 -4.053272860066393 -1.5011507592180469 0.008649765142431489 0.012395098490679284 -0.6028162648401527 0.3066600823180705 0.032015151003778365 -0.018251537125937425 -0.1183702991748099 -0.6719129007484476 0.03648259849512073 -0.011283194942470612 1.3003274692989013 1.8925825707323072 0.014160852632357637 0.0014196313732971928 2.189404975915256 1.2761054456560412 -0.008833746022382738 0.027084933753403442
2.4707236177236584 2.7766629891212142 3.8138295394425903 1 -3.781674621050422 -0.5596753724757327 -0.015286221601767916 -0.033794179587889564 -4.00455173222129 -1.6183125730334997 -0.0005566654035701266 -0.047322209265967904 -0.5131921225038503 0.09422649400550598 0.043300402140433916 -0.04696580447707293 0.0351203909117892 -0.8008477636089607 0.04399169748703436 -0.0188544804041482 1.4917997506296512 1.8870137141017178 0.051914105291384585 0.01566618814047602 2.302498925458952 1.334524083570786 0.06131197027269514 0.020210649169443377
2.534915180049629 2.7945165009068775 3.672019229752951 1 -3.7805116378465162 -0.8428315187572251 0.002764937365188111 -0.056432283741369126 -4.130114124420288 -1.7151838309277672 -0.05753476373256746 -0.010785044963223326 -0.2896755779165936 -0.13415190920770081 0.07379553177031872 -0.05144415466672545 0.22129732948799052 -0.9454422181856409 0.03350416370069147 -0.0014791577627135538 1.8252461783339644 2.0199154002918074 0.07860796994937091 0.029768137016535363 2.593390206404602 1.6455441695338218 0.0377626620162418 0.09198893091981876
2.559933275464675 2.846095965290284 3.5714117364971303 1 -3.8076781333736025 -1.1029873763367606 -0.019886004577115132 -0.028974765427966506 -4.357545101875493 -1.7567961383423145 -0.03121163925437688 -0.021481565424809477 0.02217859947366385 -0.28015120371294655 0.06478670904180836 -0.03855474982267243 0.49433742602161423 -0.995126496874418 0.04853762681989054 0.01750693302051505 2.065184672787061 2.241855225158687 0.04798692765347608 0.0439710061429038 2.858690416477727 2.0144565584427747 0.026398504890841498 0.06106269170085386
2.6171297270018274 2.905540713017536 3.3854042787816625 1 -3.9069208483543996 -1.2129218319192443 -0.01785856879890512 -0.026588296154962082 -4.360526452669289 -1.8680885801262352 0.032406925990455186 -0.004040678556597725 0.27318524825444257 -0.3573188648557507 0.057779360772096396 -0.025576999800932403 0.7847483694980877 -0.9454903178330974 0.02964103933833194 0.035185875657289326 2.2033607437015617 2.457038085947636 0.04286343013922894 0.025173383910489677 2.9989769450063486 2.229581293018928 -0.0108786289882747 0.040530332008037365
2.607668395003037 2.885346920547673 3.297581122151997 1 -3.888957389766898 -1.2432491336625735 0.00840072108058831 -0.015217415387827296 -4.254189611650012 -1.890123795161247 0.03765389754312845 0.032299978490455905 0.44356525760129006 -0.3381892684602962 0.04607328702694817 -0.012124451668781261 0.9505128907162534 -0.9041630767427544 -0.0006954505642284559 0.029982348019593718 2.255985692156246 2.553609730692091 0.03738234957245652 0.0049984274850546455 3.0624250700058884 2.3720872939018065 -0.026962958987773705 0.029151352303845232
2.612644781258775 2.887186209233941 3.266442598379773 1 -3.7785404237458313 -1.1675886607609551 0.0174042751491651 0.01573769725342758 -4.149919457435328 -1.7657210365940545 0.03525663375610842 0.04625804770550554 0.5321359952611449 -0.29124284091126784 0.028768487821638093 -0.01574034157162525 1.029673730052294 -0.8908323719911824 -0.007522620694638896 0.0278924658195846 2.283074580936325 2.600636950388988 0.03443903821085621 -0.00036025170572448126 3.0835143782862433 2.40072746042426 -0.03398068993492971 0.0012049434193296092
2.5793318921195736 2.859300706362098 3.255446428667853 1 -3.6723251439139375 -0.9919809614040882 0.008755102830997133 0.01562475449362434 -4.027545064454807 -1.6213492867034733 0.04115381077679233 0.045843085454907846 0.5479582562576084 -0.2888043934534079 0.0180862657733978 -0.02284705893525399 1.0939809764369022 -0.877394335969192 -0.011489475491498556 0.024213089169686668 2.280918259778052 2.5878869267586384 0.025431795053183825 -0.020658237418157314 3.0753691369727933 2.3407583979826394 -0.03579790190397021 -0.003256076918578075
2.51068523055569 2.7984186137639724 3.2520497470531375 1 -3.6172471162573236 -0.8366638670850095 0.0009681000236646375 0.00719854508894445 -3.9169265248212235 -1.508260336566901 0.028768459641675535 0.03886550027850698 0.5427674896334489 -0.3016506757143055 0.01731046313250414 -0.02120080763564984 1.1069018863868276 -0.9036543245245275 -0.02409340746550344 0.011379712016448183 2.248158386556141 2.4995892378341553 0.022592468062212046 -0.025829215907412342 3.058861280379695 2.263229685410205 -0.036710787781580864 -0.011297700783606167
2.464170525209718 2.7533856222625888 3.237568316791303 1 -3.5869367888157377 -0.7246708255413614 -0.0008617634785384187 0.00013908255795994084 -3.8750419334116613 -1.4239834925424868 0.014083906614361107 0.03254287509462332 0.532866454228234 -0.3298036493568829 0.011775010370929949 -0.028688232984794247 1.0726476819970463 -0.9781618349425844 -0.027030317038082986 0.005698394310397904 2.221072336585175 2.4207410652142625 0.023504119011687086 -0.025851568681513247 3.0257549853404457 2.124595503019915 -0.03870825138342909 -0.019153067043213477
2.3866316635920586 2.6787066771281034 3.2087151844204063 1 -3.581345120833405 -0.6351872970406319 -0.006207944713378137 -0.00309995019544123 -3.869940828868392 -1.3739789849539719 0.011185911739523624 0.023756990149671406 0.4882780569319163 -0.4098731746043458 0.004512824702192254 -0.03682001814529517 1.0348548685331362 -1.0654195330299758 -0.026752190957505282 0.0034300007596256427 2.188287591825028 2.306400934417085 0.020530109003756306 -0.037136478609940446 2.9912121501150715 1.9941377332840649 -0.03615579248031949 -0.011494701055317046
2.31228559456639 2.605457707483212 3.173311364564125 1 -3.599114155470619 -0.5763691287811997 -0.004561760142183645 -0.008718977772151401 -3.8668733259711985 -1.3601582983084803 0.008794843362368066 0.015026532987980169 0.4429103124856715 -0.501975740172637 0.008540625800212236 -0.034696116762112685 0.9772086676307836 -1.1774032670659045 -0.031975711981852 -0.0026283406159482645 2.1546711236711413 2.180417916508253 0.022831150688093937 -0.031245564985861805 2.956239895895828 1.8680734262594823 -0.037999615403037146 -0.017366460825829006
2.2559521305180184 2.53623753916914 3.1354652101549494 1 -3.6030337113426687 -0.5595665093724773 -0.0025966797791898834 -0.016989483622380876 -3.880952964207726 -1.3599063276944001 0.004376971049736901 0.016063669784497726 0.4185356467990946 -0.5899804423117614 0.008034608738039142 -0.0368997192185608 0.9057495148153993 -1.3072176785390592 -0.028055768459527734 -0.001297284875066182 2.130639517120688 2.0823498062849515 0.023476748175420677 -0.0323822844281598 2.910635339302023 1.719454076458256 -0.0372488304126183 -0.01355236673254145
2.2283253885725554 2.5712375857570797 3.169327988577214 1 -3.627533115834997 -0.505940671933344 -0.00511787238149055 0.01609458761910402 -3.7902892697428143 -1.413737189231155 0.04819498504068456 -0.01017656498337243 0.5039680526858312 -0.46928617717030296 0.005426161889718421 0.028136562119707265 0.5563669703399396 -1.469236536614793 -0.10102800383266029 -0.005046656658929231 2.0554687972373333 1.961078202133534 -0.04999567005156148 -0.02723684377503273 2.8697980237294614 1.5572792940408333 0.01803731150401813 -0.05640862646781425
2.3957146097238198 2.817622374437918 3.212115027052699 1 -3.6465982725622683 -0.35886923954960614 -0.007484851378639073 0.024949040997872648 -3.6214635250566034 -1.3828299831000241 0.011371805271645368 0.03419414259602439 0.4267077372776411 -0.3054612827302675 -0.05358776869666186 0.04500888067309439 0.2315783489997827 -1.395710729778409 -0.03372453792215012 0.009389005232211192 1.9116002769892262 1.6932474005941716 -0.033754998307108215 -0.053512348960057354 2.837790701111466 1.2288465696791304 0.010750246912225215 -0.09249288126316663
2.4794923697331686 2.8965742620883232 3.0904684714449555 1 -3.692371249234499 -0.20160703933978918 -0.008431530762955119 0.03098019305547746 -3.690907809439439 -1.212809347895222 -0.0252367011187125 0.03265211948274879 0.12673083845233002 -0.1697948068041455 -0.09050505324815132 0.01049215888517924 0.09350276264035706 -1.2526121836906596 -0.036186012046557484 0.030559335241321043 1.8424375459619649 1.3407173182872905 -0.026672779259620742 -0.06632592957555981 2.7826393655847 0.7928034185063357 0.0019935764655088905 -0.09758937685805188
2.349650243224491 2.7941209755151015 2.9957937755160597 1 -3.7454227767668438 -0.017363366046878492 -0.009080270074062438 0.04125760290157388 -3.805736397409966 -1.0945651545432808 -0.005161337048346471 0.01696301053523352 -0.12706322245777635 -0.05641609954577054 -0.041157533655278675 0.027629466682300676 -0.10283914109625325 -1.1546692087100268 -0.06617646570640154 0.0077825611723412996 1.7527362425018396 0.9818350589531251 -0.0026364667006468466 -0.03797758517571214 2.6981367976598083 0.40011629170725915 -0.006691823072891023 -0.04693458765432819
2.31931759540854 2.7359055677218898 2.8388931989444433 1 -3.8691162253679545 0.17116977692522273 -0.028702160871268062 0.027854710416263473 -3.796814644603282 -1.0012428964464244 0.01521616232202425 0.027996200379189103 -0.21824290514506295 0.013128170198979383 -0.02410566203593022 -0.0044505032751154215 -0.4586727963209718 -1.070007804254707 -0.07019971011351199 0.024004197318549983 1.6657029730286013 0.7004170916142305 -0.00648962044665212 -0.04761976228875636 2.5692563291649417 0.08123604440807686 -0.038585150398869256 -0.05942013016211886
2.3579159522725033 2.7093722319338793 2.751071630190985 1 -4.039181412288235 0.33798071313401157 -0.019108648796547778 0.0233562633195342 -3.7511589594045573 -0.8628916483864367 0.01410474818099714 0.04520954202544959 -0.2797768010207804 -0.012738416466052671 -0.005119724406943921 -0.019230385537014096 -0.7576960644445436 -1.0378714428782538 -0.02899555860558691 -0.0016373654858885787 1.6130320936629525 0.5021192748227328 -0.021551719611686296 -0.04065696103890329 2.430345993118273 -0.18756313041251083 -0.02554450304243351 -0.05547979109236672
2.2591906988778376 2.6250818209052085 2.6972558467248637 1 -4.1631461378131664 0.48282550414162073 -0.02565186707612864 0.035778357931670876 -3.768154254023247 -0.678297716701741 0.003084335249265136 0.027997507153639495 -0.3772982588274143 -0.07483217778832951 -0.007232852610918246 -0.01720095415952251 -0.9192401886782195 -1.0571110505223944 -0.0033377468230446415 -0.00940825216903901 1.5375445620689652 0.29741209672363733 -0.02558633976195296 -0.04751983653387476 2.3285300979992485 -0.4000288854493941 -0.020027952457286433 -0.045698826614436305
2.151768700992192 2.5293915272777214 2.653952626883516 1 -4.268922001514084 0.5611167853668673 -0.006232594739133241 0.0019679531651522735 -3.7763303821616345 -0.512764013216243 0.008630696533375077 0.04332515944570596 -0.451058390310461 -0.10640794527276798 0.009186176653667725 -0.0062280025947259 -1.0205116108651233 -1.0490580120927586 -0.008981515008815888 0.000694677639139378 1.4564854575384745 0.11759333247537973 -0.02069954303659481 -0.033993358835079486 2.259706549349139 -0.5771332456224951 -0.016876839904733335 -0.042910218212244125
2.018164117480546 2.286349127463978 2.6476946114659023 1 -4.36092189652788 0.5896993187543811 -0.005211705629126346 0.004029717202133992 -3.7698851189294524 -0.3774524893879322 0.005922136768233984 0.03207015086490832 -0.561743645425369 -0.03255350666122958 0.0007611085955963742 0.006038887038940458 -0.9798983051234758 -1.082333668156132 0.038998202849869164 -0.0110129521299779 1.4063597917691393 0.020535422156447103 -0.02192287342499045 -0.017730712112549854 2.153334253763533 -0.7738488547385274 -0.037793513538689746 -0.05424300555027321
1.5553265899620012 1.8203082317532855 2.7450745648624895 1 -4.43019480655611 0.6061029845298576 -0.009598776138020487 0.004301218101329076 -3.77610210657646 -0.28051709643920764 -0.0065325560739972555 0.013566457763744356 -0.6313762918314363 0.028055170458003875 -0.01805101621907425 -0.0008543155461338114 -0.9816086619110411 -1.0765111078337184 -0.011808471953757298 0.024893625888941496 1.3349509805708744 0.025536405260341954 -0.050369848055225847 -0.01495072626771045 1.960763885884334 -0.9570645641144614 -0.06759655889173656 -0.0218443322640111
1.206245216481765 1.3881935181787595 2.7202652420685305 1 -4.477277145701077 0.6512834316406213 -0.005313976824947688 0.012057003622019377 -3.824046714698604 -0.24970194749965235 -0.011599447444000427 0.0033280669965187522 -0.6743845081999646 0.08125129538478082 -0.023669011194755212 0.012745493259025839 -1.1175124923955364 -1.0064451200518334 -0.03735945727309241 0.020923734506083782 1.2392273590928253 0.12418172347010792 -0.015888463500913757 0.015787308461634397 1.7940021966785542 -0.9135067451400051 -0.04354914301932417 0.026062633169813935
1.0296625277069567 1.1308940165528716 2.4257230540339396 1 -4.507204551874445 0.7371453022742589 0.002367763729967047 0.02014852745139081 -3.90018167573821 -0.26034941573354 0.00429817011910251 0.009082017517420077 -0.7730406303822734 0.15188573727965582 0.0015363660758263217 0.0070418757029757474 -1.2277658948544743 -0.9463542202310956 0.006693393479106592 2.4615395218634262e-05 1.2510131293742974 0.2527857401522031 -0.013826228593937517 0.010996816812895155 1.697862245884994 -0.8215057592683594 -0.04103088028866294 0.005117091226633586
0.909285269984006 0.941959240534948 2.189354106261248 1 -4.55658363439387 0.7682425616426181 -0.024976794741717767 -0.012552908349649531 -3.9301964231107664 -0.24805759986898035 -0.01600868299709053 -0.0017672117066858811 -0.8727761052487111 0.22118817595552698 -0.033868266973180204 0.019353445113622043 -1.2460212319625703 -0.9031688479528825 -0.00922739455635533 0.01513814710079942 1.3491267911130036 0.3242445483592764 -0.0015484840426452581 0.007200561537902654 1.6236568389982375 -0.7603921139214413 -0.035602823747026856 0.0061524010890028
0.7449826902589688 0.7111609483938962 1.9824891270951674 1 -4.629043894655166 0.7295085578972547 -0.006162886842810619 0.0033160237271662434 -3.9090143507405983 -0.2014177745064223 0.01961146512197664 0.01769548432909541 -0.9101826046485764 0.30644973257621055 -0.01878119457347429 0.02755312194283716 -1.1917740030716004 -0.8272500985511486 -0.0029906583594453556 0.022005398578095716 1.4826913873017729 0.40138832527879487 0.007603000797873906 0.0095781957714829 1.6028268183065686 -0.7010840108461374 -0.021559357643343463 0.018311936968700274
0.5707289766328633 0.4795460119760183 1.8145010457398791 1 -4.6774574760263965 0.7092953409247287 -0.012475585401832606 -0.0066133604297187 -3.9034704867689936 -0.16590945012459013 -0.006277757599625074 -0.0001276104306595638 -0.8739311836215808 0.43787398997301796 0.013605812685341421 0.02195332552128572 -1.11717162235428 -0.6770237070493176 0.021532179244652522 0.04774649738392443 1.6350390780383117 0.4904252854199713 0.012771111477262516 0.021220910973054743 1.6316372934555528 -0.6206475724119522 -0.011286977214839322 0.013662484058816442
0.4332369109670961 0.29560608245432257 1.7012758793523182 1 -4.682114002586201 0.7210487753447559 -0.000420162744222706 0.001521486560708322 -3.9195778790552174 -0.14722394987022758 -0.006799390728771832 -0.0020788664022877625 -0.8025335278255663 0.6285977862200167 0.030743825307027205 0.038474820596366824 -1.034125991583073 -0.47491415949257243 0.032036954297532706 0.04021223484648128 1.8054736723180822 0.5524923511490263 0.034848482735554256 -0.008341056392110155 1.677857664127056 -0.5467180567136702 0.008839622587492525 0.02601628299382251
0.31598722966240106 0.13543339359977502 1.62243392765775 1 -4.653525294640204 0.7165967458555398 0.008349187908296094 -0.003402902384362834 -3.9116181477685363 -0.14359563848277412 0.01315286228115013 0.0021982352285035457 -0.7312028124718575 0.8380805558767543 0.004042303317209854 0.04734418154075931 -0.9367466084448886 -0.26326034501639806 0.00964704104589638 0.03926522325769706 1.9811293254224305 0.5719086119930403 0.037545673186212616 -0.010204529071335004 1.7270319841535855 -0.49582574924148326 0.018125711749558647 0.015044625261668151
0.21240061633277013 0.0038460514100630647 1.50528026098379 -1 -4.616009931052881 0.6641393750084121 0.014170138234923088 -0.012480218640499098 -3.851764674376875 -0.16865989514124347 0.020956029753009447 -0.0019244514168224544 -0.6589877745587955 1.0378882768119695 -0.007131757043441092 0.04001503838299643 -0.8287165578932791 -0.06152749149775261 0.0012497852413941458 0.04340515846397669 2.1261425393069233 0.5723127661833018 0.048125952615107534 -0.006994990043643042 1.769181186124591 -0.4517428919667239 0.03155039871038082 -0.0023994741941092725
0.1098258823474085 0.13682845762794624 1.329688140635068 -1 -4.551727948776371 0.5939017317769788 0.022342282655077234 -0.007127779983438864 -3.764464361554732 -0.22570372430209806 0.021515722715845623 -0.008415551246834137 -0.5798232404828281 1.2211683607899744 -0.002258037952336655 0.03698974771483839 -0.7173235293195273 0.13191912214563017 0.002103785246713806 0.04004700778387473 2.2595321406113245 0.5585047801962548 0.03253523765240972 -0.012921617477523881 1.8058453164013386 -0.4227574189180221 0.0182782906272346 0.003287558305916729
0.013903240537909164 0.24583935476931176 1.1886814644656791 -1 -4.444242141085596 0.5486114850695554 0.014293396491121692 -0.00023641268834067967 -3.714619630358665 -0.30188416000050544 0.008399366199515729 -0.022932665377058337 -0.496456256689755 1.3859399469851423 0.0173057998694675 0.013424076887428676 -0.6213193273760931 0.3097977843072792 0.022594883261939806 0.04665916022317927 2.359910846990668 0.5432166994567835 -0.0029516191314275537 -0.001056786827482217 1.812263797048475 -0.3867975874582088 -0.016565688500370317 0.02576567744531818
0.10918178165232816 0.3950830019940114 0.8454600584048012 -1 -4.371508613587477 0.6226447840565634 -0.003409973840184997 0.030247435319706587 -3.7925518316040594 -0.28459787724049024 -0.011645520315265048 0.013039771337615488 -0.409881471135364 1.587603047150099 0.0019173226717114078 0.047727496168105926 -0.5358674889025097 0.5434731787213261 0.003554288289852811 0.06035986862682097 2.525736028188012 0.5529415787789353 0.06835339311855144 0.002245123737550859 2.0076167761064063 -0.28442986470248355 0.06612948910981122 0.01073557076509038
0.05417827468405732 0.4609799164911364 0.2788965130740306 -1 -4.464697354304258 0.6229637238674186 -0.024881312956874048 -0.02438571773055992 -3.8178621520363096 -0.09812792930306236 -0.006084331051952456 0.05744490116421215 -0.2712816603817805 1.811978181248223 0.05340414075869275 0.0368900456956891 -0.36859485933515224 0.8548711915223517 0.058575822604102185 0.0649169931068512 2.95415092602783 0.40167058855442117 0.10823996535677888 -0.05661130711018228 2.3998463329471607 -0.24694774321861201 0.09096969364556738 -0.01948051427416632
8.754547 -1.5755944 6.61583 2.2061603 5.8224688 8.19685 -4.948321 0.0385015 1.9503565 1.3767804 8.085189 -0.81901866 2.2456694 1.0153474 1.2524736 6.117407
8.979706 -2.1679735 6.6865187 2.4309995 5.194605 7.7739196 -4.128163 2.5660543 2.000395 1.4589608 8.243673 -0.7123775 2.2104197 1.1051 1.3615556 6.16877
8.979189 -2.170051 6.6739798 2.436631 5.182586 7.9425654 -3.9386363 2.6381078 2.1239986 1.4599221 8.287539 -0.697596 2.1849356 1.1087275 1.3634557 6.180178
9.011398 -2.119331 6.6623545 2.440719 5.1771326 8.456161 -3.2951002 2.767311 2.5183702 1.4557054 8.409028 -0.6352271 2.1006377 1.1142511 1.3698732 6.1695395
8.9550705 -1.7981219 6.659646 2.3572624 5.4112844 8.69648 -3.3807845 1.8096702 2.603815 1.422674 8.380524 -0.6142613 2.1086931 1.0794232 1.33003 6.132166
9.030722 -1.7165241 6.7165074 2.3693202 5.402304 8.88532 -2.8933353 2.0011 2.8162465 1.4230424 8.415919 -0.5181323 2.0625067 1.0855727 1.3436015 6.0861874
9.098572 -1.6008873 6.7897916 2.3676066 5.4712524 9.029577 -2.5039191 2.0287147 2.9698954 1.4192388 8.386946 -0.41630292 2.0150027 1.0871725 1.3544667 6.026494
8.868247 -1.1159606 6.7602363 2.10059 6.562284 9.245602 -3.3065624 -0.5328927 2.6878679 1.3301747 7.7143145 -0.43201113 1.9030638 1.0103965 1.2749319 5.785975
7.43215 -2.9563837 0.85384756 2.0532937 2.2777352 8.571232 3.4171724 1.7714008 6.0015655 1.363302 11.374083 0.3862133 3.0118308 1.222806 1.0147845 4.9852533
10.919403 1.7694104 0.5361532 2.6996624 2.8145409 6.7067623 8.075299 2.952622 2.7068179 1.4468284 8.46991 4.4245133 1.1932008 1.3226315 1.425229 3.852378
11.630651 2.0319808 0.88048285 2.8541267 3.5953505 5.333532 6.1772847 5.1791267 2.7762272 1.3834459 7.48614 4.3548865 -0.33871496 1.2929075 1.6400229 2.2710419
10.473299 2.6129553 0.8422326 2.9052312 2.536656 5.4874206 7.7101183 2.1031532 2.766714 1.5189352 7.372003 4.3696547 1.3452699 1.3276939 1.5002695 3.8651657
10.041667 2.1007106 1.8460197 3.0805569 3.4017448 2.2459233 2.5488105 3.8397963 4.8900356 1.4032048 6.12982 2.7886314 -0.5519546 1.2106897 1.7794864 0.9154048
9.305786 2.1064577 -0.022291243 2.8192177 2.2845218 4.585922 4.603313 1.372433 2.3149345 1.4798589 7.7425613 3.255753 1.6185029 1.2485044 1.3827176 3.6342106
8.916182 1.8476098 -0.24707174 2.7206252 2.085791 4.625298 3.0065205 0.977191 1.5196013 1.4625807 8.28618 2.6031632 2.08029 1.1905831 1.2754819 3.7527022
8.933828 1.8605382 -0.2286402 2.711318 2.05243 4.6127563 2.9625416 1.0057614 1.5150793 1.4623406 8.186846 2.5669796 2.090622 1.1885395 1.2741606 3.7113638
9.577479 0.5981631 0.18232691 2.2166529 0.5637369 4.8082213 1.4278854 1.8376884 2.5192046 1.4391623 5.5593834 0.75256634 2.832418 1.1489377 1.1170309 2.7474403
8.672487 -2.394259 -0.40746784 2.2589774 0.018746853 5.3978534 2.7321372 0.7487469 4.130797 1.5723133 6.907702 1.1846547 3.190857 1.3838016 1.0634657 5.1604843
8.432792 -3.3980894 -0.5431225 2.2145078 -0.2200098 5.6398315 2.9372425 0.5288079 4.692238 1.599899 7.2385607 1.1234312 3.3568206 1.4410895 1.028377 5.731151
8.406507 -2.8268762 -0.5102778 2.247654 0.2121067 5.6841755 2.8901978 0.70477724 4.3006806 1.5593938 7.8305497 1.2435727 3.176894 1.3919015 1.0483222 5.3681283
8.456255 -2.0444937 -0.4351719 2.2931902 0.52645874 5.5328517 2.7714329 0.792212 3.8465965 1.5324767 7.860705 1.3483282 3.0166237 1.3448544 1.0776782 4.9559245
9.149964 0.97926784 0.06026715 2.3332982 1.214591 4.8835883 1.7929274 1.5500576 2.1920376 1.4253495 6.63607 1.2251852 2.5890062 1.1422577 1.1561645 2.9224086
9.185227 0.9804497 0.040887117 2.3777113 1.0441036 4.754903 1.9655784 1.4750853 2.202669 1.4553323 6.2858605 1.3731209 2.59797 1.1720164 1.1693687 3.1740737
9.127073 0.86148524 0.009813964 2.3920403 1.0042038 4.755033 2.0681148 1.4114449 2.264879 1.4670633 6.290295 1.4352742 2.6055088 1.1882999 1.1716714 3.3323498
9.245873 2.340186 0.26004913 2.3461227 1.8136158 4.8115253 1.3798317 2.0286875 1.4043485 1.357084 6.4525228 1.181737 2.3036525 1.0394856 1.1944988 1.990675
8.547769 0.46991873 -0.026406646 2.214841 2.4668884 5.5592356 1.5004938 1.451524 1.8985733 1.3139826 8.541899 1.1662334 2.2559223 1.0755041 1.1420765 2.5557594
8.310623 -0.44015503 -0.1367122 2.1294649 2.6025558 5.9514174 1.5443767 1.3818729 2.0853465 1.2911108 9.178801 1.1335206 2.2352352 1.0926412 1.1129843 2.8621016
8.281551 -0.036788464 -0.014443457 2.0299776 3.1109529 5.981556 0.956344 1.4323587 1.5470014 1.2123348 9.086048 0.9181192 2.0463655 1.0090758 1.1139123 2.158101
8.251076 1.2949936 0.15817195 2.0255377 3.4919431 5.79612 0.36265063 1.7202604 0.9395255 1.1263578 9.4349375 0.68037665 1.9374857 0.8748423 1.1239905 1.0765524
7.912876 2.9939156 1.0718101 2.3033717 3.6877537 5.318383 -0.03667724 2.2912383 0.47759557 1.1445552 10.367367 0.7091865 1.9670441 0.79952466 1.2134746 0.5217228
1.9682441 3.185656 4.3315115 2.573286 3.0977607 4.744002 0.18870163 2.611094 0.03655684 1.3648028 9.805817 0.6678781 1.9381056 1.0435742 1.3411999 1.5191102
1.4814992 3.8283677 1.9589347 2.4066882 2.404572 4.9641037 1.4067855 2.5832255 0.84825706 1.2745583 10.855421 0.67219514 2.338018 0.9834872 1.1533229 1.1132941
0.41249752 5.4532275 1.9905082 2.412187 1.5374856 4.5256643 1.2145767 2.6358116 0.7505343 1.2438943 11.329252 0.6187383 2.8404188 0.9042568 1.0414593 1.2613511
0.062414646 6.8234825 1.9709198 2.3063958 1.1609044 4.3342094 0.59170556 0.73835754 0.6755835 1.2009282 11.171281 0.67313355 3.2430954 0.8165568 0.9067397 1.5782242
-0.4992261 8.484857 1.9934924 2.2836218 1.3540163 3.8367543 -0.4441554 0.7274518 -0.20468497 1.1614469 10.009074 0.7029407 3.3705504 0.7408531 0.8457743 2.0500965
-0.30014658 8.058026 1.6825261 2.339482 2.371161 4.5858283 -0.6502206 2.380722 -0.41076374 1.1121327 10.767584 0.49575445 2.9792109 0.70825696 0.9187191 1.743031
-0.8074193 7.5496798 1.4749475 2.4457095 2.9599345 5.702909 -0.3369115 2.9046378 -0.22427934 1.1342744 10.66757 0.55602926 2.652178 0.75178814 1.0110369 1.9031835
-1.6105404 8.360695 1.633697 2.3823056 3.5023708 6.14908 -1.2248943 2.60212 -0.5444292 1.0931168 9.781298 0.23710722 2.6290216 0.68426347 1.0114417 1.5198884
-1.904192 8.862959 1.5598311 2.4099028 4.220407 6.8875017 -1.7756292 2.3729725 -0.68575114 1.0804998 8.949313 0.1627897 2.5033123 0.64952374 1.0586426 1.4205713
-2.0910287 9.409995 1.5067718 2.446398 4.825526 7.384348 -2.1432447 2.2868533 -0.8259571 1.0722469 8.19016 0.16962957 2.4140313 0.6208061 1.1056337 1.3112497
-1.8562212 10.032911 1.621167 2.360903 4.310648 6.2771215 -1.8879069 2.224275 -0.96031064 1.0475724 8.358656 0.29486042 2.684548 0.59254587 1.0347533 1.0577078
-1.0242381 11.309196 1.2718644 2.7142742 3.794963 7.537306 -0.40749454 2.9365287 -0.20554966 1.2377024 3.7317939 1.0754228 2.574132 0.73102856 1.2446799 1.8773704
-1.1071768 11.4226675 1.1853564 2.764652 3.6677322 7.7262626 -0.4875884 3.0080602 -0.21120822 1.2541375 3.2610018 1.1014786 2.546167 0.73871684 1.2638283 2.0639572
-0.00982666 11.319082 1.5176227 2.666301 3.3915682 6.627072 0.1710825 2.8674648 -0.16461372 1.264143 3.2536674 1.2640264 2.707218 0.76204896 1.2313958 1.7039585
0.6225219 11.413887 1.6325788 2.6741831 2.8988426 6.1543527 0.58080626 3.0158734 -0.10271001 1.2900581 2.784522 1.4212372 2.7925234 0.7852262 1.2293156 1.7681675
-0.9508972 12.263342 1.0325795 2.9940882 4.3658447 9.541857 1.4412388 3.7137823 0.68066466 1.3259643 1.1489806 1.7632356 2.1078966 0.81115997 1.4583809 2.2009673
-1.9095554 11.441891 0.9187684 2.6942034 6.18172 10.5687 -0.20452285 2.536452 -0.45790118 1.163074 -0.8143263 1.5207047 1.0101079 0.7387121 1.4976918 2.2520146
-3.087666 11.060324 0.32125506 1.901007 2.4969134 11.861125 -0.43885303 1.7058266 -1.5098648 0.5447483 -1.6860886 0.70388633 1.2958376 0.17735255 1.2667904 1.3943863
-3.4014635 10.873356 0.29632968 1.7688766 2.0437517 12.12627 -0.59771955 1.7259269 -1.382361 0.4542482 -0.78425694 0.56859964 1.0886286 0.12600672 1.171543 1.9413619
-3.8287969 6.4710045 0.21990585 1.1484007 0.8164911 12.974444 -1.1837561 1.8632934 0.6987629 0.44278324 -1.0958138 -0.95453465 1.5920998 0.26550972 0.92598903 3.3827138
1.1361179 -0.9985056 0.796825 1.1780671 -0.58738804 11.755785 3.4078693 6.4271502 1.6980388 0.8093929 0.15549946 0.5563792 1.5584128 0.89430726 1.1890204 3.5753765
0.1068511 -0.8590746 0.68711984 1.2915798 -0.08319044 12.109554 2.8434715 6.1890097 1.9549457 0.7943382 1.2524257 0.2602597 1.6236806 0.8323246 1.2154043 2.9401174
-2.9226813 2.5250883 0.67786074 1.4727678 2.7224946 12.472469 -0.3991568 4.4269795 2.5352921 0.87706244 0.8828287 -0.9591484 1.3809175 0.79894614 1.0797789 4.214814
-1.3187742 2.033803 0.57561433 0.90907097 1.4566274 12.643333 0.41137195 1.0286257 1.9679152 0.64796484 1.8566065 0.11947179 1.2016172 0.70419097 0.8151722 5.7166276
-3.3666892 3.4413633 0.37756157 1.1281352 3.2923393 13.03711 -0.6136831 0.69420815 2.3343499 0.71949184 2.620305 -0.095285535 0.75557005 0.7679918 0.76556087 7.531816
-1.0936666 1.7795024 0.1855197 0.89329123 3.2889485 12.842747 2.8814774 0.75307965 2.1818626 0.72689927 5.2065563 1.709846 0.25967044 1.0221369 0.643654 10.821117
-0.9916587 1.6579871 0.14777946 0.49119306 3.7194545 13.664604 3.6451206 1.4064093 1.9756222 0.46785617 9.620089 1.6020613 -0.34482744 0.8977504 0.4325714 11.918908
-1.3534803 0.39006138 0.5298912 0.13747454 2.8315496 14.319668 5.629499 0.704983 1.6228795 0.25845003 11.970043 1.4507798 -1.0048108 0.75037956 0.3705454 12.203531
-2.810411 -0.8226404 1.8291166 0.36167526 1.4135437 13.27085 7.998005 0.5750489 2.5331144 0.42358685 11.106982 0.021977246 -2.278969 0.77664137 0.7069397 12.074418
-0.8283043 0.55281115 0.82700527 0.54582095 2.2587128 14.367834 7.2349544 1.8012224 0.523496 0.6762589 12.147675 -0.17611402 -1.600475 0.97404814 0.82510495 14.344594
-0.59823513 0.6048398 0.7630708 0.57905054 2.1890879 14.358394 7.382022 1.8296462 0.43040407 0.7163521 12.302164 -0.17083657 -1.5076315 1.0033084 0.84915257 14.577368
2.3440375 2.9348998 4.8227963 1.1436188 1.6879554 7.4401817 4.6740923 -1.096637 -3.8547277 0.8855349 13.585178 4.3607597 0.9491787 1.0133277 1.0435638 14.1708145
2.2599149 1.4356384 4.10182 1.0901701 1.4281769 4.2205853 0.39185977 0.009395838 -1.2359018 0.92065275 15.331462 1.8898642 -0.30021158 1.0752149 1.1846405 12.977129
0
0
0
0
0
0
0
0
10
10
10
10
0
0
0
0
0
0
0
0
0
0
0
0
0
0
0
0
10
10
10
10
10
10
10
10
10
10
10
10
1
1
1
1
1
1
1
1
5
5
5
5
5
5
5
5
5
5
5
5
10
10
10
