54
1.8372002306668134 1.8916153235674251 5.469597791428543 1 -4.15 0.3700000000000001 0.0 0.0 -3.64 -0.49 0.0 0.0 -0.7200000000000002 2.42 0.0 0.0 -0.20000000000000018 1.56 0.0 0.0 1.8600000000000003 3.95 0.0 0.0 2.37 3.09 0.0 0.0
1.716910717089827 1.9431060616122842 5.460297691525199 1 -4.086595180064447 0.4087364755935128 0.03385714257583864 0.016456956213509958 -3.651619192581833 -0.522069216804784 0.003085275395097211 -0.013849442868628412 -0.7202375827093626 2.4188101863486886 0.0018662237914155565 -0.0049195683032528074 -0.1996891834594292 1.5564360175018277 -0.0027415955450793283 0.0027806733063837647 1.7884134653336545 3.9298818933128725 -0.029765978839089713 -0.018419704767458467 2.34767170579041 3.0420357828125155 -0.014134327515117045 -0.017406217856037312
1.7596054019341856 2.100284453498284 5.356299434114603 1 -3.9441444338793685 0.4029631259604556 0.02153546860996372 -0.018360721082769826 -3.651847206468579 -0.6061882752071894 0.001855358853978444 -0.011273790439703805 -0.7557597594432002 2.414417794661133 -0.012004639126072612 -0.004880048668046777 -0.2114743362625333 1.5222383899943575 -0.007307793423026186 -0.009311033236427317 1.6244460438074562 3.7987009908335363 -0.023300567111556147 -0.03931702865560231 2.251155576844914 2.8613416243194307 -0.028601789848733024 -0.04711881749215448
1.8917757112513915 2.219508378097041 5.136287666882141 1 -3.9311038927884425 0.3077226727704958 -0.007123440804341992 -0.01782016957181458 -3.6312920922514236 -0.655525997247524 0.0061516657580467475 -0.0018605561086969449 -0.8514979243394394 2.3843996086165165 -0.029563746120543445 -0.01621939455619456 -0.2732733104113061 1.4348270216562273 -0.027777744637057813 -0.024921371997638705 1.5561795831906524 3.586195350592358 -0.006507701235697799 -0.033982257217236786 2.0933365465826217 2.580376293835231 -0.0250055886458323 -0.06483524202674404
1.8372072228271332 2.1747605716485214 5.018438849604229 1 -4.01438484092428 0.25557371029825626 -0.019017674279391945 -0.011040595132278293 -3.6051945565665937 -0.6846124739026507 -0.0022017231915548753 -0.004690261726961792 -0.9835625221825874 2.3032769538461024 -0.0375592142037512 -0.029114613945385483 -0.4106063897324139 1.3194345360901982 -0.0445872988593057 -0.02571267997414697 1.4791489218910163 3.3624279123609417 -0.04466096666223723 -0.05175418754224603 1.9475262801278914 2.3208339931753064 -0.03934381653195217 -0.05151767425580568
1.788347345991267 2.145985525260062 4.933227545087656 1 -4.07439252647294 0.2354437758170631 0.005195228853116986 -0.004179441388858439 -3.6126022419450003 -0.7703936946978963 -0.0020442044295865087 -0.017770393651341476 -1.1415896225366278 2.1966365355990596 -0.018487965457718178 -0.017867087661899806 -0.5732058907129001 1.2085714829577756 -0.01898569069905058 -0.01251389763130515 1.3287729624594968 3.1657527393433034 -0.0482021616633654 -0.04859981561881338 1.8643128575302246 2.1701183794505274 -0.02998709472383501 -0.02644749653621952
1.880235231688795 2.200302229849813 4.888500018220983 1 -4.060393997690199 0.2074563136214551 0.0018899763406855542 -0.005196781049370424 -3.6619795258258288 -0.9199874771790107 -0.011870202131144442 -0.03847497770983852 -1.2816749793510929 2.0722849956963056 -0.023137490784269993 -0.030528178680743014 -0.7206833907630346 1.0784963906340872 -0.030902736023080756 -0.03176590435408888 1.1970244777368704 3.011710550681731 -0.019282291998114428 -0.01401577114096309 1.7931415208685948 2.070669429234086 -0.006844019127069054 -0.03125090762041875
1.9265289974450774 2.2217297031249053 4.840010006791271 1 -4.026796780840613 0.1434633464214603 0.018061818791757545 -0.014630959061353742 -3.7011537789322277 -1.0631289194855158 0.0056565279289663 -0.019800707466779713 -1.3134207335452088 1.9452805785376261 0.015646889196068763 -0.020487880631754364 -0.7907090184119325 0.919218818044538 0.007725916689039529 -0.025308445247065783 1.1259196912774287 2.8952255016801005 -0.005801506082003152 -0.02243049455237604 1.7053840462027887 1.951685531089454 -0.015383843754262948 -0.01774181063110751
1.8875341139732975 2.204390442385509 4.786698919347076 1 -4.012939632408338 0.04703186629320166 0.01905864116968068 -0.0162600894064302 -3.6826274563033343 -1.155641247244533 0.014933975738267284 -0.008161645552441981 -1.2936350974575452 1.820310420471753 0.01799615949418785 -0.01057113159220577 -0.7856486176542239 0.7604558562522454 0.027279012042880198 -0.023832759614433412 1.0564832406979612 2.7988022016152696 -0.018053311241016546 -0.02246874145647526 1.648371130050359 1.8445675091677347 -0.01017423601000025 -0.014330093963320852
1.9371808488850055 2.2531720262092523 4.754882463192901 1 -3.987182686068804 -0.01796768716115804 -0.02282711916626435 -0.012589133821875815 -3.6840129660567085 -1.2033281396556155 -0.023751820195110004 -0.01589358620459259 -1.2830614704523842 1.7113130437249522 -0.016593250622275457 -0.03962854589192123 -0.732138849751427 0.6472913115847558 -0.013928470493732057 -0.023191184889856394 1.0020204712847098 2.736091662286428 0.0074557286946512445 0.0018373933015263452 1.6667012772967542 1.8185501943417672 0.02133219386973438 0.011141090230056707
2.025431689129964 2.356709565759834 4.7358852122132555 1 -3.935866331331251 -0.04442114654979512 0.024221110952736945 -0.0034459476062680154 -3.7292121517517662 -1.2315306557886083 -0.0016307536207826802 -0.0014218552541022578 -1.2405566908449317 1.6145312167901733 0.028447822428492135 -0.01254736450316258 -0.6555667446248377 0.5763701570657653 0.03013731842362365 -0.004716147142966125 0.9876181662742534 2.697860747376488 0.019260163627061476 0.005379995425350902 1.7231094362854984 1.8363377771533038 0.024820665716980342 0.018467283492163974
2.0964605287842555 2.4526960679974663 4.707108017993439 1 -3.8851327664537183 -0.06423090004529097 0.016926189951483317 -0.006127417352004741 -3.7847281503433243 -1.2553534851391035 -0.003533218888407348 -0.0008306583291746411 -1.1412082773838828 1.5132508934570739 0.036935687588712615 -0.018350105173273942 -0.5649327697365369 0.49484708951793754 0.03174232918780991 -0.008525063690559973 1.0313560621965925 2.6794045686023793 -1.3298081142985797e-05 -0.003585734361857343 1.808523450996491 1.8617120399147158 0.019588469185437142 -0.007602566740602747
2.191518248574742 2.545331013656363 4.691939325506184 1 -3.844220073096681 -0.09453408003350283 0.018593547404308082 -0.008650641188852838 -3.8155113725247993 -1.2720763336917136 0.005665941928885126 -0.0011649575660140112 -1.0261489074882428 1.3830480902220796 0.028699516524036 -0.03149758091475077 -0.45277642518507477 0.39342965625071824 0.02595558128891618 -0.012594038526460556 1.1005992951749608 2.678913319868997 0.036007262071257456 0.018251006118612505 1.9098672373095313 1.9122253137912275 0.03018976692651895 0.03594727884257876
2.256541833855181 2.638456564116287 4.650792467693433 1 -3.818607201137355 -0.13595914280289512 -0.015157748443218613 -0.00774531245139081 -3.8260963120230027 -1.2852727697783846 -0.01667864342197858 -0.002026856041967956 -0.9200661695563737 1.2402621918060146 0.031242431857521152 -0.017595114748379395 -0.3118504196561398 0.29467912219796255 0.04340475864498747 -0.014621870315586578 1.143167171817094 2.685888446609088 -0.011676000023134684 -0.013463378829748816 2.0035360487923706 1.9938041725732627 0.011265780835938436 0.00023898178849308266
2.3193658579076177 2.7202728045589555 4.581223001542291 1 -3.7888816098662117 -0.169778600810645 0.012634253836738045 -0.0144111806754924 -3.833277839142498 -1.2906121473527445 0.0033515112060187617 0.012870685762592673 -0.8159872740004666 1.1036914783102292 0.0238685800049169 -0.017402722627138167 -0.17923468594315484 0.19326473928268562 0.03211937051828008 -0.022407323588697334 1.1502382910006936 2.670773098099708 0.013404524699149652 -0.01227608438630577 2.074058156092022 2.0523824305283243 -0.0030863051332606604 0.01711306230313185
2.3536814472960845 2.747454247188176 4.503360672282951 1 -3.7597066145373947 -0.1837044674331083 0.0005901820775216348 0.0011500752397856397 -3.8431216797439376 -1.284415832379545 -0.005357462498846999 -0.00016076168844495267 -0.711851143852535 0.9828488074699202 0.010194239915311421 -0.031777983719410235 -0.08030222828176647 0.07883718316301525 0.004898923055951451 -0.02915677746029098 1.163747085693239 2.6252925206923803 -0.011780393032166804 -0.03285748385910931 2.1032134777019467 2.0129773546580747 -0.0067310492515650945 -0.03667101278886106
2.323996531188439 2.699474905583155 4.408474991926877 1 -3.7363776761136296 -0.1857618401156803 0.01643189468428946 -0.0041139734784912865 -3.8450313778829903 -1.2700426225006012 0.011157241248778494 0.00573528818219452 -0.633002901658346 0.8730528062554888 0.007909418191021544 -0.02775182408700166 -0.019293610366611702 -0.04825265664920175 0.0013232430098081484 -0.025402966135282923 1.1833511480943306 2.5576026384886346 -0.011207047804483273 -0.04367861941993778 2.1072580148778153 1.938775714417846 -0.01848271731394619 -0.030041218386869566
2.4396397137708723 2.7612365716211023 4.265400026100014 1 -3.799179690201861 -0.2897208429881566 0.0026888669296682814 -0.036403375347415556 -3.800942030911073 -1.3691515135394867 0.019110718784999665 -0.026200611824898627 -0.5513333529210436 0.6851541152703091 0.041803735269175975 -0.04120472883654237 0.03828077242918404 -0.21172268548444317 0.027933363791576207 -0.021896685580437725 1.383173138586029 2.479220002478712 0.05678300108577327 -0.02435912370738509 2.2198969535645476 1.9400985203843275 0.03471474988157586 0.010885358271388642
2.497514475088515 2.7770015328700883 4.1104263828042855 1 -3.748414298496913 -0.48718422404361883 0.010849925343004899 -0.04609274699388075 -3.9202953214486693 -1.4857893068586217 -0.05848124971216688 -0.017473180445579304 -0.36811590965536123 0.4547814388227496 0.06436026421060444 -0.035728060019905694 0.1753509871752037 -0.3620377684684658 0.04768262961183112 -0.011394556624911196 1.7194441416039163 2.549342193361138 0.05084815476582028 0.03282040921585107 2.5187144093755593 2.17357818569073 0.07520492914297566 0.05678759137757071
2.5237668094690644 2.810385784459909 3.934341810781772 1 -3.701181198533531 -0.7572065022155425 -0.02301666816538238 -0.04812731824579815 -4.114330332543456 -1.5925499057196164 -0.022092047986953037 -0.024291153480552767 -0.07129794331279626 0.3019754878832117 0.0706525110048797 -0.04631006265747053 0.44288693107413835 -0.4202607190912473 0.04062545357284522 0.016087536060214076 1.969678235691588 2.7265462125351108 0.03190465643563604 0.04250822140203671 2.786621836630368 2.467112604925394 0.05211361705066433 0.04572047809216266
2.5772231151925564 2.8623409275832796 3.735322209112751 1 -3.7888221567547515 -0.9663012221060518 -0.004557313867380621 -0.03249952749215421 -4.1018101049413795 -1.7480379831746886 0.014453191174125326 -0.029050281102166037 0.22422412214101772 0.2233463696855933 0.041569375267759154 -0.013041760392026452 0.7546950660322356 -0.4081431248494394 0.0526885591846911 -0.003336726611642842 2.1257569575469084 2.9160022821378457 0.028923338800770436 0.02108006194735411 2.945628948760678 2.674370516572652 0.011840098063381306 0.03355182141297991
2.596336531688191 2.871287693351669 3.6234978464219254 1 -3.786821154990185 -1.0790949691648943 0.008780567315439195 -0.01558710952567023 -4.048688789919886 -1.7812047627005883 0.011566420220839237 0.018544823164208298 0.4450109366811148 0.20947018427140174 0.043239506565044016 -0.005375938371396317 0.9843426628998078 -0.38303697113133184 0.02644963252232841 0.013889550119715816 2.2068164998520565 3.0052542045214468 0.0224807255331302 0.006102715289039919 3.043765158389519 2.825384147973351 0.0044259487099535914 0.021857561567376036
2.631365662482951 2.9102808800680378 3.564795993423786 1 -3.7114007257155244 -1.0317596976337753 0.012421204419794479 0.02101722419265188 -4.008581805167576 -1.676168329048037 0.017103259920374998 0.036077307703881116 0.5792847649029742 0.22830466976796449 0.025361148552047345 -0.005729598141642934 1.116139573330642 -0.37549451494508057 0.01175761215864779 0.008963400986461326 2.264532229341876 3.0433904659303206 0.018342008680709173 0.0008198146118769808 3.1078467254551043 2.8239096026718618 -0.0017230282615631962 -0.012996966890904037
2.6202553253348007 2.915165543096246 3.521576263169726 1 -3.638659011178385 -0.8687333066030563 0.008708800075416055 0.02484350775981481 -3.914772877134657 -1.5397095126294165 0.028118305569525024 0.035055055607130195 0.621880933825965 0.2097388248156029 0.005802711263559591 -0.01603573132322414 1.1853906450453362 -0.3913851009943379 -5.217579506416187e-05 0.0005603238008399201 2.2990398150075997 2.9952580869006216 0.010675610263297924 -0.02489700869109034 3.13939279757515 2.7460439161151355 -0.0024100270452887367 -0.013847848404423381
2.5938597017983356 2.8918952881245477 3.48650287188419 1 -3.6047180134313774 -0.7149830368764072 0.0031485681770384516 0.019960935754715366 -3.8182701270988235 -1.4206052139601666 0.016446300431204826 0.02829748244532225 0.5987104386042743 0.14973559834430583 -0.0013171415029172504 -0.01836140655707979 1.182110060395658 -0.45854055591145126 -0.01381417888616513 -0.01353986378627852 2.3223573620022266 2.881748230176089 0.011919874547672162 -0.020959120220350954 3.1575962880699233 2.638321471473896 -0.008887585027244845 -0.02754890212325302
2.563721164258408 2.8515470128758 3.4486772049699255 1 -3.583813767604982 -0.5981851751356917 0.0025803325718295918 0.015527448878583055 -3.7948969975812177 -1.3296567438054734 0.0008970611320493023 0.019500036102251553 0.5673010014946502 0.0776283195582943 -0.0033755315019347917 -0.020686136525404353 1.1212950932028098 -0.5755733808704417 -0.017881774658959605 -0.019001976985401476 2.329581240711237 2.7912561248242134 0.004607077898445243 -0.025417886946856556 3.1375805853111105 2.4803110191092714 -0.01503753578454312 -0.025694672665677275
2.4850185640904985 2.773196067776846 3.4084419568452438 1 -3.58385314672061 -0.504999504782553 -0.0014226966688108272 0.01589896168858039 -3.8074382939757982 -1.2788158495087585 0.0007961076025035443 0.0045649741502471405 0.5120894652381267 -0.024956208741446106 -0.00954715005082035 -0.026183851362625465 1.0611373829879645 -0.6898446212232403 -0.014328526576829165 -0.016510642519578064 2.296314225996298 2.649485473164683 -0.00014395576185359527 -0.03291312702233703 3.10852531237846 2.3567710636496733 -0.015366253678445432 -0.02103102538652906
2.4206128290048134 2.709904354150676 3.360193404296327 1 -3.612455357917422 -0.4450622740544904 0.001563641174787158 0.010706409757640221 -3.8072302211997053 -1.2680090541677624 0.004034738135223215 -0.006412857623676414 0.4561333196602133 -0.13189815581619535 -0.004077436087681305 -0.021173824340458912 0.9998227925514156 -0.8063529058581796 -0.017302673817965887 -0.0208472718391952 2.259659390377829 2.522346048729342 0.001224023861416637 -0.024285761474119295 3.065147695090076 2.205674987023646 -0.01985466558046174 -0.03186099582728679
2.3405087859110276 2.629397821237182 3.3093055303397714 1 -3.619884588116636 -0.4310242038670039 0.005235681895349857 0.00666605551057679 -3.819189886158963 -1.2721906410338273 -0.005342495964876947 -0.009332110701882976 0.4278415825461286 -0.21827926934395492 -0.0030871693339596645 -0.019691964170509293 0.9285281462796053 -0.9368876342341026 -0.0132335752663823 -0.021085005481322822 2.2210307821154736 2.4063053509095353 -0.0027722135318128914 -0.030991515136380245 3.01009174986162 2.038612916080762 -0.01707972369229605 -0.026433092079472975
2.241432096076996 2.591419714951434 3.3219020014051814 1 -3.6454808037390944 -0.3977973557947615 -0.008406605204143961 -0.0005050764701235878 -3.7298898736040833 -1.3194487682019858 0.05052001646217106 0.00270778482903727 0.5214697316301979 -0.10331973936694916 0.033887893312873625 0.022079524081530567 0.5956507754393536 -1.110607795543032 -0.08689395772065772 0.0013449384847007868 2.1059230011208756 2.2523604678838463 -0.021552108586326252 -0.05453134810743325 2.941269868529586 1.8554534324889054 -0.03637709429826724 -0.044682357065270406
2.3542516142985987 2.780811091082901 3.399662143381167 1 -3.674286623774525 -0.27303596926377205 -0.010119424771208935 0.003355799610106267 -3.5652020153275 -1.2852121266537082 0.014275671323313298 0.04703469053101189 0.44470958760504953 0.026556370475982805 -0.05440184878684515 0.016767637756878742 0.2829242101203988 -1.0702816609616417 -0.05364677537610895 0.028820397800956216 1.9218445468855796 1.9685300913520596 -0.03595695163497418 -0.05689364758719651 2.863590362874988 1.475966043097353 -0.0010776153659874856 -0.10271566688620885
2.455051100948737 2.8472926031165438 3.2513588222730436 1 -3.727016897013927 -0.13130714253824538 -0.011327268456254282 0.010914695869030499 -3.63911319894111 -1.12893191680037 -0.02376501361331004 0.044474385121929354 0.12971842386259969 0.12139486949365397 -0.07883794652759768 0.014444049011914166 0.12894934508021372 -0.9655138525463948 -0.03374083481363174 0.014250628025909234 1.8640709112122549 1.6050507807163972 0.004560531797590051 -0.0867365074640704 2.780613317156722 1.0061754193925796 -0.030793269522438892 -0.07974513346028181
2.3138256046672776 2.7471337333813572 3.1429021616708277 1 -3.797577136131194 0.04532088803798451 -0.01177634862061999 0.02650258372885439 -3.764206599476014 -1.022909351122096 -0.008287979715901774 0.028349113476420832 -0.12503244230923727 0.19931772376661416 -0.05104856165881906 0.010923261359446667 -0.09551630846029813 -0.9023215089816572 -0.08581054210580673 0.008852895034522985 1.7904211334588407 1.2333767162268803 -0.0025486489502450083 -0.04239992901546849 2.7018690208653062 0.5946967130472713 -0.007542946412099308 -0.050535835027214496
2.291360744636986 2.7100580916141173 2.9899929025438206 1 -3.9300719608450763 0.23071503391983894 -0.0261247009240539 0.02854964819061291 -3.7786579818694497 -0.9341505534494987 0.013079715785181056 0.027681374806127312 -0.21426888705421732 0.24415518565599448 -0.002930918382867472 0.0024414356004973867 -0.46668471126889255 -0.8386524806351401 -0.06278035692608633 0.008489555669084867 1.6922172905419988 0.9418966048395485 0.01654605110744775 -0.024192408857780227 2.5737667647175746 0.28685003455753977 -0.03240599546660843 -0.03892526750407218
2.357337859589137 2.707896726591914 2.8906093860034168 1 -4.107137613989034 0.38635530327917667 -0.03799183791165511 0.028875192321211357 -3.7514927009230905 -0.7971378788362061 -0.0028353418510295453 0.03131169614100866 -0.2965063358636142 0.21400563698313402 -0.00969951082116717 -0.004639195551099387 -0.768155465435489 -0.812646862529003 -0.04452614946671432 -0.0108233936807177 1.6217527554997542 0.734140901972913 -0.02704090821711317 -0.051671589390957735 2.427026566578018 0.014548030397322442 -0.03858222353226866 -0.055380043090559536
2.2475200597896454 2.61284464585432 2.829302531703453 1 -4.240988600328406 0.5164165703806289 -0.013263131058326813 0.01950123709053249 -3.7687436067509394 -0.6082536186413839 0.006064306243832779 0.04707916342170352 -0.41677743476287255 0.16616588555200273 -0.04179192142833443 -0.0009757298556278965 -0.9177766176874131 -0.8433404967512212 -0.037920507755918154 -0.001914433590051732 1.529601587406943 0.5284019778536613 -0.03124095613014786 -0.048115258299106255 2.30808266144002 -0.21101950909919032 -0.025602355884141722 -0.048478929564352
2.118269510805786 2.483298812406034 2.791038864023317 1 -4.360935302255044 0.5858096918556077 -0.03219209596805694 -0.0013084888926748854 -3.7864327634939636 -0.44207953377727205 -0.02526240813251704 0.01961649399265857 -0.5035208189423366 0.1465006657767438 -0.031237914933024333 0.003186164548164915 -1.0230981270720836 -0.8429511813343886 -0.04101702599147895 0.017147656319017518 1.441774034147854 0.3437184810176561 -0.0230127375811719 -0.04750108557852302 2.212645606610544 -0.40065394003345156 -0.03006303780764105 -0.03860843967502388
2.058562406819473 2.378293555003198 2.77403034473326 1 -4.4516227656175085 0.6225035565396435 -0.009628048279340442 0.011204142604851917 -3.8069355392408584 -0.31900951069271244 0.0010046351677646872 0.025555009987411254 -0.5003181531359857 0.1182659246551554 0.012853879519468715 -0.018071889662276724 -1.1613155872576097 -0.7577590271432191 -0.014368455333340545 0.02251338783899026 1.3937705060743237 0.2239764335491532 0.007152424744582503 -0.03170154118135202 2.120243985175592 -0.5745156390166954 -0.03441483727967501 -0.013740897684566614
1.9925039381387266 2.2726825801173813 2.769024249503455 1 -4.523717205747057 0.6516765469224839 -0.005443810240098826 0.00808688063311627 -3.8399414864183035 -0.23177635100321037 -0.0028334300750441233 0.020386761484251226 -0.5022840936231798 0.10213379599671302 0.0021593200719950394 -0.00709410689081363 -1.2849268398150495 -0.6651098411118679 -0.015079375788197647 0.013308020628052718 1.388455355839369 0.1126285000781504 0.01181190115374417 -0.033046525556588636 2.033145822057744 -0.7421741936551751 -0.029013711733217862 -0.009219032864463846
1.8932356491130626 2.179624895953204 2.6730981920216803 1 -4.5859598880870776 0.6695334267373607 0.0017780345562678612 -0.006486584750716001 -3.869119917365758 -0.16645759948119143 -0.005896664038291045 0.021494790558157145 -0.5514685366054124 0.1271450110475163 -0.001405808684029071 0.005131352446500933 -1.367231869259641 -0.5976878677331932 -0.0035415057816572003 0.0024445052530480873 1.3538516670657383 -0.01721587067995345 0.008018116523205812 -0.03410827974824959 1.9730419280151077 -0.8814707299585394 -0.025980660048157037 -0.0025053830804720283
1.847183943238323 2.1102766354921503 2.550308512243011 1 -4.641477008223288 0.670800238211424 -0.017580216716484725 -0.005959157387788147 -3.880970018505721 -0.1321069714719183 -0.013600923682469486 -0.008763148816801755 -0.6037107330044122 0.20000707223734793 0.00034632257499037783 0.011726675989632014 -1.4104201171578006 -0.5343627289451287 0.000847033624140786 0.007868708121334902 1.3076772420484364 -0.1243276721275185 0.007498129985622036 -0.027337397307929792 1.9078093134307972 -0.9985199539656265 -0.02873949506412654 0.0010535111243407426
1.817311316120896 2.0138615261362456 2.4436019672449625 1 -4.6775197311615955 0.6752269874514969 0.005352009414973182 0.0034149460962690347 -3.890054835196454 -0.12908599416437372 0.001793032677443981 0.007863858421054686 -0.6214204918349022 0.27412706776059914 0.008015326211856019 -8.184948713413007e-05 -1.434973794989172 -0.4578900633955707 0.007234613514065218 0.014379856002512532 1.2841630434135336 -0.1911098649980404 0.00919709383604942 -0.022092973441146333 1.8113211189017457 -1.1110373300675258 -0.03253354293250483 0.002105579268262374
1.7162891151261754 1.8643824387396433 2.3929106868455725 1 -4.693053006846737 0.6879073939295826 -0.007169226699102013 0.00973817761378925 -3.9025024031077558 -0.14391974254104356 -0.0005239252751486076 -0.007362619941206131 -0.6244929231862031 0.3330608492894287 -0.013134878537874593 0.003125766211418971 -1.469702307924225 -0.3719064333164006 0.001768068459767732 0.026949070697984228 1.2735497108065035 -0.23928099728365315 0.010460805300304379 -0.019917988909491296 1.6996120700418285 -1.2119755662232512 -0.02914406594860066 0.00629200549936584
1.5814545726928633 1.7095627286520554 2.3672930275427824 1 -4.696350781691569 0.693800022741073 0.0016462795766511674 0.003213398325386677 -3.9106051848098233 -0.13786297641043666 0.007133474012044216 0.009524716497071825 -0.6364416084878544 0.39377209218411924 -0.014383989485110396 0.0026291697717060296 -1.4908176381400495 -0.3130679218453165 0.001786786862788204 0.025501475364879594 1.2499412262152259 -0.26923277521799227 -0.010590103954980848 -0.014053004398561638 1.6038703409085722 -1.2792073391673024 -0.024114889103587434 -0.005925321618445092
1.4836969032610583 1.5850711528086063 2.3343427678216786 1 -4.710210733701237 0.68308803391375 0.010250257486875665 -0.006108617450510081 -3.907882887546091 -0.11242913557806944 0.0007312928324792805 0.017559975064145313 -0.64869173124564 0.4480224972642495 0.016243657871887845 -0.0030955318339881306 -1.50532865684003 -0.26526653384947496 0.013842185001269621 -0.007108819007460828 1.215826160973008 -0.2679478548051689 -0.03167331713827923 -0.007964919285689173 1.5389248554600563 -1.3005703608248274 -0.033295202354304776 0.001829777432808646
1.34805423705312 1.3282327721499962 2.3555285971029605 1 -4.731566612833376 0.6635307637403511 -0.015554975773958157 -0.0051371926921384165 -3.900588945434829 -0.07704084741135853 -0.0028659921340922516 -0.007202016786680421 -0.7726631999098719 0.6171622878119114 -0.040743257921758286 0.037868662387296984 -1.4049429774826026 -0.35170474649624217 0.016819999332748314 -0.012585665469543452 1.2117480888201735 -0.23890912993642244 -0.009213232342822113 0.021371965820165952 1.4564851161937016 -1.3133380224720206 -0.02380406142839068 -0.019530324862189214
0.9237155877062045 0.9133285912814562 2.18931294322576 1 -4.7481051378830275 0.6552272526799849 0.0010457348170932884 0.004275890377054305 -3.8951162542633195 -0.07301216400567423 -0.001474206966357505 -0.001756037704199423 -0.8705686711930047 0.7090648532009087 0.013012423457413935 -0.000684916799507421 -1.3371230048777694 -0.3643877270443102 0.01985062683569697 0.0028038204531180867 1.209727891952114 -0.12163073819801362 -0.032971060316249017 0.028241507187923443 1.3199701339516299 -1.2771692778026122 -0.04965368843813168 0.03120543674079443
0.5736617612813971 0.5163699571069394 1.996644070430642 1 -4.7651446372283 0.6981707937866248 -0.015667016626012033 0.006378923292714519 -3.931809019520374 -0.11763101902496176 -0.021612137084486838 -0.02266112892686624 -0.8759351522053747 0.7527172749020918 -0.01495071385654305 0.016342905808525036 -1.4011783246665774 -0.29536197770244754 -0.027668270289071286 0.023224343550423906 1.268730318800511 0.0885872817864568 0.049549960138819606 0.044041234404002046 1.2687287122246493 -1.0622492131837826 0.024005808859643096 0.04703217197363264
0.37997067914672056 0.25373102136436815 1.8510210845918107 1 -4.792414748047154 0.753488532697066 -0.011576664493711978 0.0008857307380112042 -3.979555305619665 -0.13145726883239606 -0.007590836612582558 0.0038256800635482185 -0.900455936029775 0.829878105596207 -0.0017608887126274245 0.014482439006618586 -1.4053121763201677 -0.22787735393090913 0.021402745455700877 0.007477651888270183 1.4117837246150282 0.27528675929106483 0.05769148340567337 0.019088808071759732 1.2886232121081278 -0.8450510778918849 0.031478035873367866 0.03514086967369251
0.21600280344986195 0.050345956737563265 1.4366551074745018 1 -4.965475080039892 0.7149067701414302 -0.044822650029780996 -0.012956025679305217 -4.098683160950898 0.11791151213928375 -0.03867788215610172 0.07846773360268802 -0.9484036076308602 0.8970255309966126 -0.00979765776929395 0.005809952097059249 -1.3483562981471953 -0.1332463789047048 -0.0017206495442398766 0.029139537569166703 1.6316770165497587 0.3361731705658286 0.0777349107969104 0.013034103771620488 1.4921713928492952 -0.6828858006417913 0.07474204108638172 0.01576844716677134
0.17546912962095917 0.08034239115992504 0.9511020178960663 -1 -5.230036581053625 0.6655853242586165 -0.036928491066909035 -0.010339211674901688 -4.355735271924889 0.35947246569231806 -0.060784775199903336 0.01415398616399029 -0.8951603521506528 0.8858020675741831 0.018130676260559683 -0.011302783430981001 -1.3230040259809788 0.027292176093022036 0.021634600945165627 0.04434170117734627 2.105442704520736 0.294592925186145 0.1168503738246292 -0.019663569423988385 1.862679355632829 -0.5888666599843815 0.08633892718321354 6.941093428059798e-05
0.16752111274844778 0.18423068956329655 0.5824043952084439 -1 -5.3639420847149 0.6635750574018444 -0.02735019295480995 0.0023247985557145485 -4.520404375063068 0.4204153423302659 -0.001758267360822286 0.002427293165179327 -0.8268239068840697 0.9825730028957445 -0.004766598036422924 0.018948133502804825 -1.1984330497738584 0.2034040350001629 0.04431604313497331 0.05838935353308543 2.5289739401818494 0.1997437472386081 0.061905933454163065 -0.010004515315505363 2.180234630794704 -0.6142633424286104 0.0545523007957785 -0.020902119838335908
0.17210762838256188 0.25987231952534406 0.3896397004357321 -1 -5.358104271061161 0.6309811237395502 -0.003938525777265632 -0.0025969806286834825 -4.489341653536032 0.41572243648590423 0.027138066803277787 -0.004804522537603197 -0.7404114785287255 1.175128247498701 0.012010556126157796 0.001920925704753832 -0.9855781002767556 0.38523899239864967 0.05134792780043447 0.07019827500482982 2.725869016620348 0.10803498647991083 0.00916578919431087 -0.058112365385572504 2.3774057471119088 -0.6779061600142142 0.030730106289925212 0.025591683795323273
0.19597181875438127 0.30006421420233764 0.3308131513977236 -1 -5.345290393909903 0.6868950902152626 -0.004434569923935004 0.030406420814151625 -4.489815037743637 0.38301704736694164 -0.003275480993950825 -0.00158347618738117 -0.5748063971904083 1.3154070964829847 0.02251788804355437 -0.014652065908017566 -0.8622023820863798 0.5390382902783781 0.030888156565799664 0.05800826445313935 2.8248911373392716 0.06621228370524346 -0.002753154323931962 -0.05027008405755321 2.4448928203844007 -0.6907209375013488 0.033953558983189025 0.035953950252199024
9.577894 2.2672153 7.450818 3.2171535 6.132934 6.5597434 -0.7318823 1.6075935 4.7888002 2.7021046 8.981659 0.15555692 3.4104686 2.179082 2.512203 6.066391
10.019867 1.8363025 7.5735836 3.4101129 6.140032 6.807122 -0.05580759 3.235105 4.739904 2.7637005 8.668548 0.23047066 3.2704349 2.2754455 2.6167116 6.096627
10.168156 1.4327207 7.730406 3.5617423 6.108591 6.9614835 0.46683383 4.5350924 4.6383314 2.8187406 8.416051 0.288018 3.1424146 2.3522172 2.695299 6.109976
10.192705 1.2446086 7.814567 3.6555028 6.0772405 7.133581 0.81549644 5.2244954 4.665395 2.8523827 8.281027 0.3168323 3.0700383 2.3984923 2.7481992 6.1404457
10.114927 1.2651768 7.817333 3.6933198 6.0490947 7.3192296 0.9924339 5.3244085 4.817882 2.8651738 8.26845 0.32005453 3.0527687 2.4159825 2.7757196 6.1918077
9.613886 1.6970611 7.6783504 3.6663857 5.9623203 7.7239294 0.9817461 4.3964415 5.406412 2.8450067 8.47857 0.25799036 3.094569 2.3880317 2.7860408 6.3085713
10.087252 1.6748242 7.865408 3.6655002 5.8711405 7.1165543 0.96815586 5.04924 4.9673634 2.8612542 8.448952 0.3272922 3.1947389 2.413007 2.759876 6.193187
8.969887 2.4940033 8.299329 3.3773484 5.6733212 5.825785 -0.12583303 3.448681 4.332411 2.7802787 8.672805 0.41292286 3.4755814 2.27057 2.5685105 5.945897
9.712143 1.7680178 8.671537 3.7417674 5.0782156 5.0125217 1.6742028 5.3275466 4.3843145 2.8845706 9.385525 1.2505647 3.3650715 2.4411466 2.8207355 5.771341
8.910276 4.709069 2.3209012 3.944172 4.628327 5.2622304 6.647168 2.040277 3.800979 2.7374349 7.8208256 4.134369 2.5668468 2.418151 2.9920084 4.4613905
9.510603 4.6782193 2.6123145 4.013954 4.5385046 5.2075295 6.888731 2.1638815 3.571267 2.7934194 6.460099 4.3257885 2.4370894 2.4707835 3.0173063 4.4630146
9.391245 4.702455 2.3262353 4.0099463 4.4663086 4.9897013 6.637958 1.8743639 3.587439 2.8013425 6.3674927 4.27545 2.4922607 2.472525 3.0085974 4.4922175
9.286674 4.6402483 2.186969 3.9697213 4.446808 4.8851 6.224853 1.7138035 3.508549 2.7817276 6.8055587 4.1792326 2.5245235 2.450989 2.97334 4.5533676
8.535314 2.2840328 1.2529997 3.5612607 3.7174819 5.045677 3.9882088 0.81397986 4.306253 2.7060459 9.381069 2.8726616 3.2783377 2.3994951 2.7030025 5.2195015
8.478109 2.2107205 1.2308195 3.551432 3.7015898 5.0798397 3.9584608 0.79719436 4.3505297 2.7049448 9.454942 2.8350163 3.2987535 2.3995132 2.6980436 5.236982
8.3538475 1.3360343 1.0645589 3.4583092 3.4034023 5.286094 3.7290823 0.6608541 4.7943606 2.7173367 9.576015 2.4693816 3.5529933 2.4238205 2.647448 5.4122486
8.328104 1.3858354 1.067853 3.4612148 3.4230647 5.2772264 3.7238677 0.6631055 4.768667 2.715177 9.609512 2.4829774 3.5400176 2.4209416 2.648813 5.402781
7.596462 3.8938837 1.3522285 3.4961538 4.3213587 5.07861 3.294016 1.0407223 3.6449306 2.5200894 11.874451 2.7862883 3.0645967 2.1904833 2.695893 4.616562
-1.5101104 7.485529 4.5341578 3.5348299 2.528314 4.809782 3.5228295 3.3802533 2.4390383 2.3423138 12.482319 2.4803932 3.1320248 1.840301 2.7845888 2.9561505
-1.7651153 7.8928604 4.8732734 3.473137 2.305655 4.6988077 3.2146935 3.6625657 2.2190118 2.3043745 12.08743 2.1812253 3.2493012 1.7839983 2.77431 2.4511414
-1.8143525 7.7969365 4.8064537 3.4954576 2.343009 4.6952343 3.3326313 3.6060486 2.2698057 2.3179822 12.219793 2.2950122 3.2175379 1.8021525 2.776691 2.6149125
-1.8353872 7.7446 4.7762423 3.5099883 2.366113 4.688548 3.4068615 3.5824494 2.2974186 2.3266876 12.283184 2.363893 3.1983736 1.8135204 2.7790623 2.708034
-1.3465385 6.623948 4.0465927 3.7279377 2.9486299 4.6299553 4.456963 2.9255204 2.7691417 2.4655876 13.41037 3.4779482 2.8437386 2.003416 2.805595 4.314773
-1.43539 6.3772087 3.959239 3.791265 3.0125287 4.5186663 4.7513084 2.817724 2.838599 2.5084684 13.595899 3.7991846 2.762952 2.055547 2.8107867 4.7343683
-2.0159664 6.4681005 4.137947 3.8039856 2.8943977 4.324176 4.836813 2.9570134 2.7553046 2.5148633 13.7769375 3.923307 2.779406 2.0580869 2.8014987 4.8278775
-1.9660254 7.306707 4.3771935 3.645821 2.792913 4.4991417 4.0711765 3.5713065 2.2071114 2.3866825 13.066539 3.3353958 2.8599277 1.921936 2.7173963 4.123885
-2.422769 8.482233 4.315292 3.470211 2.6008132 5.6913824 3.3281927 4.621995 1.4707006 2.1471853 11.650454 2.6406512 2.588529 1.704355 2.5452008 3.865374
-2.405775 9.772558 5.1415453 3.4289436 2.881429 6.2701235 2.4320724 5.8201694 0.84915704 2.0674217 10.155423 1.9753408 2.4826431 1.5967407 2.5125191 3.3432884
-1.6163311 11.272274 6.8951235 3.514389 3.7626696 6.8607183 1.3363533 7.404332 0.24016863 2.048068 8.09437 1.4085858 2.2558942 1.534781 2.5805616 2.8626132
-1.2463789 13.018064 6.0215864 3.0081065 1.1967721 4.804735 2.0068784 5.652608 -0.83514386 1.9194388 3.0322652 1.5647656 2.6404705 1.4467297 2.1585236 2.2837043
-1.1696062 12.99951 6.0343194 2.9797115 1.0112567 4.6665177 1.9441731 5.47159 -0.9320682 1.9106326 2.7240915 1.5922966 2.5855322 1.4443493 2.1285567 2.3772612
-1.070324 13.031166 6.055999 3.1162305 1.5154309 4.608495 2.1973684 5.8534827 -0.659124 2.0345562 2.8045487 1.587883 2.9160936 1.5230566 2.2470298 1.9723139
-0.20783424 12.588334 7.166989 3.5971375 2.31724 3.8274488 2.7303038 7.5064883 -0.5721475 2.4313335 1.6749239 1.916415 3.0864182 1.8539095 2.5632465 1.8499246
-0.031076908 12.337015 7.4196696 3.6485956 2.1125565 3.667943 2.8882236 8.075051 -0.7612116 2.4486468 1.4094963 1.9700301 2.9620762 1.8856139 2.5747051 1.9497514
0.6334834 11.860064 8.136953 3.8479095 2.0549014 3.2515748 3.0649807 8.750818 -0.8497418 2.5996923 0.47109842 2.0893242 2.8576727 2.0195668 2.6847742 2.090857
1.3843868 11.296201 8.936625 3.8440042 1.7176371 3.5248575 2.7992368 8.840385 -0.8754798 2.5189667 0.4557805 1.846178 2.5654783 1.9376043 2.6795683 2.2224326
1.943902 11.458992 9.861581 3.9642658 2.2666368 2.5024853 2.2818823 9.257179 -1.1644773 2.6618087 0.6359792 2.0437298 2.66753 2.0477607 2.755145 2.253398
2.9498985 10.987579 10.723444 3.8541052 1.7278962 3.0255055 2.0151525 9.656832 -1.536474 2.422387 0.42002916 1.6445023 2.2732596 1.8324037 2.6949222 2.328958
0.6147804 11.696364 7.852727 3.2983391 0.7733207 5.9931493 2.8767443 9.304218 -1.3961489 1.7649729 1.5850978 1.2097654 1.905837 1.3546687 2.3422823 2.3973064
-1.0757132 12.568233 5.384343 3.1206608 1.302196 9.633429 3.1460502 9.573684 -0.9091649 1.3476708 1.0765691 1.1051507 1.3445263 1.1028727 2.224339 2.8445415
-2.6357512 11.628 4.338679 2.7786787 -0.5826559 9.154293 5.796845 8.564019 -1.4768665 1.1945348 0.7939482 0.9657265 1.2183661 0.96616936 2.1055784 3.0393367
-4.192721 10.9223 3.3449214 2.726004 0.431242 11.688647 7.293524 8.378371 -1.0464942 1.0692791 0.5463519 0.88407147 0.5837045 0.9029373 2.2217402 3.9770622
-3.9156475 3.2760313 3.3692029 1.9078002 0.20396423 13.204577 7.110808 6.3639164 -0.4106385 1.0939215 -0.3092451 -0.61059713 0.82579094 0.93074036 1.842551 4.879754
-3.212031 -0.6296444 4.12005 1.6351693 0.48487377 13.983838 9.06014 5.628169 -0.5567257 1.1276221 0.52913475 -0.14796615 0.25743836 1.0247713 1.742274 6.4651566
-2.7604785 -3.0185413 4.391142 1.6452954 0.65042734 13.159477 12.249252 4.842166 -0.40889418 1.2711822 3.5473185 1.580963 -0.5912906 1.2982883 1.6455163 9.912102
-2.6462445 -3.0902977 4.0826464 1.7009931 1.0538716 13.65813 12.158297 4.801678 -0.0965125 1.2759817 3.1832013 1.5109324 -0.33201647 1.2814294 1.7579381 9.1393
-0.36757898 -4.0665164 4.952757 1.204188 -0.1189661 9.911976 13.525119 4.0499363 -0.78717726 1.2895415 6.443115 2.199828 -0.66799045 1.4389428 1.2619174 11.893473
-0.08162451 -4.260953 4.759407 0.252038 -1.315628 7.426343 11.976242 -3.6347435 0.1357134 0.91442883 11.859575 2.5315862 -0.2237497 1.0615369 0.8414395 12.204987
-1.7652955 -2.807457 3.9473405 0.34867775 0.023417473 10.279126 11.378908 -2.913882 0.062613964 0.71660614 11.013751 2.6764278 -1.3961887 0.9760606 0.8593787 13.3105755
0.66310215 4.4195304 10.633991 1.8749418 0.16029882 8.589841 11.973437 1.6161373 -0.008712947 0.9876411 14.196888 3.234294 -2.917562 1.0339458 1.7224799 13.062777
1.1503043 4.187543 11.596286 1.9986253 0.5265527 7.5101004 9.977048 2.2226856 0.37510365 0.9123678 14.210065 2.953874 -3.6387346 0.965078 1.803789 12.422743
1.0610642 4.380723 11.344723 1.9450946 0.41872644 7.7166843 10.467649 2.0836148 0.09005302 0.92869294 14.273823 3.0724158 -3.397204 0.9833466 1.7596905 12.689425
-1.9689965 6.2603903 7.056392 1.4266949 0.16852617 8.468732 10.801053 2.4266982 -0.3187302 0.6061101 13.3095875 3.427202 -2.8525214 0.8802383 1.346998 12.585029
0.2894926 5.131565 9.332724 1.8843977 2.0221028 9.866502 8.41849 3.3140635 0.07152742 0.73996234 12.889023 3.3173454 -3.2437792 0.99929774 1.6884981 13.726424
0
0
0
0
0
0
0
0
0
0
0
0
0
0
0
0
10
10
10
10
10
10
10
10
10
10
10
10
1
1
1
1
1
1
1
1
1
1
1
1
1
1
1
1
5
5
5
5
15
15
15
15
10
10
