76
1.796731251365457 1.8269968945262145 4.738945030278364 1 -4.02 0.33000000000000007 0.0 0.0 -3.6 -0.5700000000000001 0.0 0.0 -0.40000000000000036 2.03 0.0 0.0 0.019999999999999574 1.13 0.0 0.0 2.3099999999999996 3.3099999999999996 0.0 0.0 2.74 2.4 0.0 0.0
1.6489887873550253 1.9032754123503788 4.721078584902931 1 -3.9540956663851086 0.3634592130496175 0.03453151211939066 0.013584043363939424 -3.6171112822587452 -0.6025817542437386 0.0014863693373746217 -0.014939943569777502 -0.39996893858507576 2.034153193125122 0.0017920138691961424 -0.004295883377119664 0.01912765193638144 1.128603244515118 -0.002542451105931241 0.004563701542387572 2.254410994368663 3.2975489194415415 -0.02579523589419383 -0.012914058551208155 2.7221230583645823 2.3735267902723725 -0.012014871612210837 -0.007481333928895044
1.7939085770284373 2.12972921784127 4.656337052545378 1 -3.812434572838109 0.34474398519053495 0.017314338390472132 -0.024977516074507215 -3.6253575211406526 -0.6860323574330289 -0.005667897770622763 -0.006707785998390918 -0.42623160558242823 2.0378054150192075 -0.008531763942854122 -0.0034697122156823433 0.010299875199015318 1.1070662904239428 -0.005807339364201839 -0.004736690514887544 2.087770631461563 3.2160542494659214 -0.027291039342964098 -0.028092715807523275 2.6428643764993405 2.2699557401490473 -0.02340166979733116 -0.023903349522227328
2.0142803946275616 2.3103477246792794 4.5542073880178755 1 -3.8018305387431224 0.24703367641004492 -0.008663807828629686 -0.02278373878136536 -3.607803044933927 -0.7355903192034838 0.0002826521801860705 0.0042017592728017285 -0.49734161240680663 2.0246701918076266 -0.016624724916548202 -0.008193299628754647 -0.03266236498686492 1.0471506279712806 -0.014747489942604138 -0.013074486829138171 1.978842930750071 3.0752121819118194 -0.018247722446906683 -0.032367402797958564 2.5156463872842085 2.0991640212094937 -0.028291384288920078 -0.0332653544358653
1.973918721488859 2.3060672483091116 4.468071029214074 1 -3.874488709614977 0.20282167378849403 -0.018073546244448416 -0.013138614686916182 -3.5819143761607855 -0.7585918968028725 -0.0060689570318277035 0.0023066706465342973 -0.6021715634223792 1.96931072668578 -0.025254419962553003 -0.016199531150145413 -0.12938619626418557 0.9651566760156427 -0.024652344913149764 -0.017054596817162183 1.8478658558850851 2.932812800832913 -0.031885619897504415 -0.02898169010224099 2.3881552545745954 1.9374827610189262 -0.023911905112405166 -0.020402129646053417
2.1226492675417346 2.3966140845990616 4.394116004345327 1 -3.9589685514381165 0.10394428644723486 0.014846451960643874 -0.013815148328010653 -3.533282669657862 -0.9012983309171791 0.019718211580375667 -0.035207244035855845 -0.7608963414108953 1.897794223324869 -0.03522365544033658 -0.004993881981958282 -0.3052918708276495 0.9072555779317593 -0.03993975264880329 -0.006899970231178377 1.901355608481147 2.7403616403220763 0.05368127678679719 -0.02316737460027006 2.379440718285215 1.8485690577638092 0.04106155286049916 -0.008194113329842115
2.2173325710362906 2.451915549929086 4.327562913447032 1 -3.8676161149835835 -0.012388306335370247 0.029699583103658403 -0.03181710090343935 -3.662141577914415 -1.1181952541176572 -0.04064475874862267 -0.052638686076668 -0.8362495352811643 1.9090891680904005 -0.0003481019245154815 0.02556001452567422 -0.4348333475208843 0.989958377059647 -0.0019236101871521888 0.024848190810611265 2.206980831643829 2.661359159273484 0.06813999105565993 -0.0033931538622489314 2.6804040164084295 1.926432378933781 0.07410445054483579 0.03889423522058359
2.2322394743820317 2.4946642554303 4.3342441252862045 1 -3.7546012114274245 -0.3367883278792648 0.008880743353838193 -0.09385014271475818 -3.745701340693077 -1.3604838819934417 0.007771929320165428 -0.03339283512240834 -0.717683047615242 2.0489319330089835 0.046028446618499065 0.042147440331881024 -0.35860788014394185 1.205448673762524 0.03931636054537076 0.04924200254251661 2.5152736929085995 2.7396860412720168 0.06406900575917156 0.020145724916765945 3.060039870063667 2.0880541779398807 0.05833601098164944 0.03621771844287287
2.2255684625986656 2.4975946431893603 4.23135709762079 1 -3.7241911170409563 -0.7127177269485907 0.007992854934336536 -0.06944966443534746 -3.6836236211969475 -1.572728890608853 0.008048225498485672 -0.013687928391765528 -0.4568228807740482 2.2267877566254457 0.05832797183233707 0.023810494889234084 -0.18228604167424134 1.4196376460831264 0.03738338641069025 0.03914059673155927 2.7821764283733117 2.8848901940617435 0.05046755992262803 0.02131788737776487 3.329642755137712 2.2115999737334224 0.03977659312582409 0.03236367007386108
2.1459696185653647 2.4669676092468027 4.3012348818114585 1 -3.651462345105423 -0.6074516250130836 0.04514698073753799 0.06671440377619453 -3.6926690728166016 -1.4499634118779796 -0.011115997721414582 0.07483366080392073 -0.2078812025390926 2.183122513707734 0.05225494932701698 -0.044699141047980326 0.09555419539687282 1.3837347404352065 0.07300088449968001 -0.028021396102463843 2.8459398073676487 3.0927416422786864 -0.01063932139748329 0.03256573558359176 3.442472218070182 2.3830971625066137 -0.0002758366136756049 0.044115996194025835
2.170707925535099 2.6004533205084113 4.498572216472409 1 -3.461467102555864 -0.18724670756654216 0.013276850349187495 0.06488743245854002 -3.7218769409582753 -1.1591231714005819 0.010085711095294856 0.08327787102723581 -0.0022634568353758766 1.9393685651839476 0.040950936210770374 -0.06360139416842103 0.41982876949684567 1.149226242278392 0.048723668418066274 -0.03677908517161749 2.6694026250667537 3.2100498940349516 -0.032491277919329604 -0.011466848702409087 3.3812426794923027 2.4068991238993616 -0.05042115911688098 -0.014336946676183522
2.143333621732035 2.5356049544937154 4.465998511899145 1 -3.548731377412218 0.15315825882303002 -0.040280169598006205 0.07178544096789229 -3.616302863670304 -0.8094581840981044 0.025229826954133568 0.05439201996384631 0.10953842679646897 1.745399586758623 0.02094289745742918 -0.03825575081164277 0.6346025009166381 0.9065595885285116 0.022338324314969266 -0.03157097658139271 2.587128935054607 3.221052752908064 -0.020729804603100768 0.0002594015471914235 3.146248597224668 2.255878269848563 -0.05551379222880701 -0.04773386168582685
1.948895963721998 2.2759469271431634 4.405320272452215 1 -3.7036912689560824 0.35756763755567667 -0.03406410855097515 0.04228011204767032 -3.539801066712811 -0.5003612192340421 0.011601562942117425 0.018570738968229666 0.08359236322832242 1.6026159711336647 -0.017451708994125927 -0.02952063304446363 0.6633584970992255 0.7115576071437071 -0.015811242101955877 -0.028855521624759226 2.450011014883458 3.14511898297192 -0.04184385142049351 -0.0135626197262642 2.884307988060507 2.0983394229167223 -0.03910861046452809 -0.03279868788056631
1.7996369114554807 2.095512096984386 4.390369269339271 1 -3.7815563823664506 0.3942922821588073 -0.013191710344504393 0.004972071271149018 -3.5501967652311097 -0.44948980297710384 -0.004333075724391294 -0.03737812511249949 -0.07487974969903455 1.49757726805829 -0.05840391331883639 -0.034771070194470115 0.5205671475161484 0.5783421255956698 -0.06612867884423404 -0.027974243956079874 2.2187738179981586 3.0117574579027693 -0.02877398912115455 -0.019910856016710846 2.7427859815181677 2.023374356732116 0.003799846005260423 0.004960490346630434
1.7935098154474973 2.116338625591725 4.272232371110058 1 -3.797068799788529 0.30161401245937647 -0.011492801510248545 -0.015064032304753963 -3.6098764516830957 -0.6499192752708942 -0.011919700048510418 -0.06584810880453668 -0.2612760298277106 1.4434718726278417 -0.014412465060418118 0.0016982588683722 0.24130036274743816 0.4850346861411323 -0.0484270276779314 -0.007323862179024747 1.9696660371053705 2.8285128499643695 -0.0638231783537243 -0.07072874358624748 2.648839608701156 1.9622588570565496 -0.05720271996973203 -0.035424238940668124
1.9351558580001824 2.2669075223050483 4.224179390408677 1 -3.848284196860009 0.16819574291370532 -0.029935092370911538 -0.029883701463320127 -3.6661753657947425 -0.9121256237936094 -0.020758278380769338 -0.047107880975108644 -0.4148223625782652 1.4079530050719269 -0.0223385431863064 -0.021760288979041295 -0.08408919197117992 0.3954230561363443 -0.06155503249968332 -0.00029117001438292225 1.8272774781522152 2.6169860437694172 -0.006314111796403354 -0.05677775055385045 2.5368931938056143 1.804305510074066 -0.034185805621763675 -0.02383430285470072
2.0851297097359334 2.4043082381008567 4.131922577150888 1 -3.9074362496121684 0.05526221438383949 -0.012253371346215524 -0.01591492217044113 -3.673765616886804 -1.1016242065439281 -0.0010733857574412552 -0.03180656446171384 -0.5872679036846749 1.3576199999840064 -0.029165838669082126 -0.006645624406543085 -0.3243661485060896 0.3148209826202544 -0.024366270223126457 -0.01152654861969469 1.7345376004563766 2.396799898354543 -0.029421346600140858 -0.051987453368172114 2.414899329925933 1.5672313324518097 -0.03278265927990273 -0.05152132692782344
2.1603010629927 2.486637303932884 4.034085818415472 1 -3.9107153208840777 -0.009455128214252762 -0.012878661805064313 -0.011664463600678188 -3.685273536662525 -1.1998689317167939 -0.018286423396864978 -0.0165744782172749 -0.791751013329911 1.3179025589646716 -0.03369248553823213 -0.0098491840862622 -0.44565086224019534 0.26076658659690377 -0.015317069610977955 -0.0013622024318992055 1.5948677784609053 2.195865611765353 -0.05631561003760634 -0.05117284757041716 2.293561028862741 1.3771993510877603 -0.03818224554556629 -0.04579909862714214
2.186574443043248 2.5352834916688956 3.9981235505006403 1 -3.871972737881388 -0.05253498950709434 0.024769371001050523 -0.005417811686923805 -3.7283393865483503 -1.2550206768266008 -0.005369618949331131 -0.0075335135982833035 -0.9252161218381469 1.304890800612982 -0.026570445109456473 -0.005273550604448094 -0.5095411941272414 0.22434300801679874 -0.02301885499327014 -0.015204226550296114 1.4195927957258991 2.066108734031505 -0.01882092409673503 -0.006101090187437562 2.172581971480507 1.2508640767633272 -0.015439205721045679 -0.012562679544324409
2.2171562991532685 2.5377244055810775 3.9938268795522505 1 -3.8271980843507776 -0.08533367659706903 0.019473896938349517 -0.009623205116519973 -3.7917520856884197 -1.2950239621457775 0.00101340514947058 -0.005013513864421096 -0.9510989722187491 1.2731619888507044 -0.019479874662792586 -0.022725959145819256 -0.5502493758354934 0.16193522546542627 -0.02842618538098483 -0.024192885714389455 1.3016010445583124 1.9961946867448814 0.007833320502617157 0.02176139273858571 2.061046917819106 1.162619326879918 0.010738878024101034 -0.0022797896475942416
2.187641158454554 2.500737133147491 3.992220995451278 1 -3.807911258785433 -0.12911010492053865 0.014891243115773965 -0.012524548062550357 -3.824089380940604 -1.3348329848003455 0.008440927418708768 -0.00714916961568959 -0.9574911695856594 1.165299025479908 -0.009389590387506828 -0.031535512310279304 -0.5470737821296932 0.055253600968993455 -0.0007676845897836362 -0.027033036950112173 1.2615250221917593 1.972502515260509 0.009577880711064125 0.006075930044193049 2.006170120577182 1.117473497725356 0.005326683668190651 0.011058656218514219
2.1334540877634875 2.480191347302535 4.011573670582485 1 -3.8109639479824233 -0.19023788325675106 0.0118195698889479 -0.02213516189925144 -3.8401115285158296 -1.3920103973432905 0.003303306027818398 -0.0006341306550164336 -0.9607898770778993 1.0054212077180495 0.022285238963934237 -0.025298942371527057 -0.47993255990492223 -0.06861585723030073 0.03801802947362069 -0.014998970058345985 1.2341663649058932 1.9553663505109706 -0.027352996528962892 -0.022314193015850744 2.020208436920581 1.1533089157567105 -0.01232263842103767 -0.00021456476973361668
2.1666416731137197 2.5322087368187276 4.067950132597101 1 -3.7885594449745823 -0.2625079508543221 -0.011815485944216171 -0.011653844329013896 -3.8849715036691537 -1.4472925108533408 -0.02666734137304 -0.010055692620552423 -0.915596556721578 0.8381784192109838 0.00010288168004753172 -0.041659671287084955 -0.3895198641072568 -0.19385166081960958 0.0013543753503883478 -0.03340987596415111 1.2145921278247247 1.9829535434418095 0.018015617745995454 0.026985243665351787 2.0599622105205766 1.2549091949252813 0.019107428140353093 0.04024604502164546
2.247332176010365 2.613379695065632 4.117827873031225 1 -3.733600428700117 -0.3315370964827028 0.02329326590939037 -0.017469679690230146 -3.9592458729392423 -1.4765660072088505 -0.0036689141237037787 -0.0003384827508196651 -0.8116627753091885 0.6857314760964948 0.03923213012622889 -0.02082827572001944 -0.29232947399737697 -0.3204844605848933 0.035915642754547186 -0.016487386664490823 1.225139634938584 2.0266681641561957 0.008136326914818415 0.02161040396428726 2.0889345896663736 1.3381536781588728 0.016907514854612057 0.014375563762284223
2.2687923329717035 2.6351824024084354 4.100252364950905 1 -3.6923099637230377 -0.3774103834753838 -0.014766709165803372 -0.004247438986767544 -4.005927057083093 -1.4797610996647261 -0.015787698144373613 0.009189136270040145 -0.7021972066809559 0.5412869061713366 0.03387271102054282 -0.02331511147973189 -0.18604658473973235 -0.4383264928664887 0.03398101543009591 -0.012389689593658987 1.2587528363386387 2.0621084788196424 0.022588003251656812 0.017450108251145773 2.1263236876520644 1.3953985020954742 0.013638385959341484 0.030385154987427266
2.4391783484179426 2.728931761081033 3.993101218105998 1 -3.756951668394226 -0.5491189809609724 -0.006402598113104565 -0.046671907577595886 -3.978547927953881 -1.614885774821713 0.003680758045777147 -0.04900927666573193 -0.6017097070274335 0.33075787163626913 0.0100274628951086 -0.05964558897964433 -0.026478933148894157 -0.5564121313600501 0.021462956144506093 -0.03453218682557288 1.4875552938557925 2.0674850128675493 0.08754592426690708 0.0001943715822764515 2.270724567856865 1.469547204589765 0.03330967414946484 0.048924565917428366
2.51261978576847 2.7717826871672577 3.850649321358275 1 -3.7688666880831168 -0.8708338610884148 0.0010032787301818835 -0.062169596308687076 -4.113005776382381 -1.7338178329967375 -0.05753791988489558 -0.017542597170737702 -0.3839418930616718 0.1261582019408558 0.0775816869997861 -0.027372256021282973 0.16737431063963637 -0.6611089124598115 0.04948064391363352 0.002211723800354677 1.8525265799390418 2.2068599230624852 0.08822385094860169 0.04127096076827472 2.609499645708534 1.79499361223135 0.05290455806128647 0.0991954746132625
2.548153945185418 2.836581161488407 3.76011713590755 1 -3.8204039850538827 -1.1436042391743007 -0.023960094031452793 -0.055886433017193884 -4.346232786692292 -1.7829969093939289 -0.010070904389266663 0.004417290612409634 -0.08381409579057841 0.007936281230351394 0.05839002815376077 -0.03624016036066888 0.41155067796587463 -0.6894060084619662 0.03739973054774777 0.012815536222642388 2.1220526930437593 2.4377928480503392 0.03561686267738534 0.05156123723368581 2.9171074802907935 2.159034996179708 0.05508967810516411 0.052651076629441615
2.605179478408278 2.8867204833510174 3.6178407036830675 1 -3.9127757040231845 -1.2362177254707185 -0.02003596761548836 -0.028203271950119166 -4.372166788455605 -1.8874857856137588 0.03384568520456361 0.005750444295367654 0.16080134835135507 -0.05216103243948789 0.0650705527672426 -0.034814978789249294 0.6718425849067771 -0.6409897820369159 0.017879994247492256 0.04326275901171352 2.2859289677208476 2.6601172294923594 0.06010206903310115 0.023596485938314028 3.078399153561124 2.386360981440089 -0.0225548245317524 0.052756720857722664
2.587059116793223 2.8665248932552316 3.5302427549614777 1 -3.8896781284277244 -1.2482087349373558 0.005595616393032408 -0.016817928224339425 -4.276609047407962 -1.9026726387911692 0.04266501674315047 0.038533838202181925 0.32566288910977104 -0.047123381851890356 0.053452989548059174 -0.02455559642864666 0.8339260054488502 -0.6088986031540746 -0.0064879321790708416 0.035438288709072154 2.3488771577286185 2.771501873749251 0.04767443432846649 0.003723972299671802 3.153628486484928 2.5476563537130708 -0.036833911223491146 0.036410704789216194
2.584026352292885 2.8555902693593787 3.4953998262678208 1 -3.776324878498099 -1.1675647836429026 0.015045918527788488 0.004499574478036835 -4.1610509836927765 -1.7803796277294794 0.04490605041786561 0.05434517822940932 0.42398517669308955 -0.01588274458969341 0.039566357112589476 -0.024981900221110034 0.9238293523924295 -0.609029636748456 -0.012277329163550328 0.03274866176488754 2.372495041000267 2.8284670525400166 0.0428742863863867 -0.003495413161228519 3.166668053560638 2.5783240952643927 -0.04767884158652967 0.007598136035285311
2.5384288174411385 2.805475118949697 3.4786589904587135 1 -3.66592248898463 -0.9965640083036469 0.0068033189839828674 0.012449758264713565 -4.020903259753066 -1.6402926137161087 0.04831189794888592 0.051463535445288866 0.45940470365693553 -0.013321214739598686 0.028622168108527468 -0.02922760788218111 1.0046440145481048 -0.6055272075141619 -0.013483848644432367 0.030765496209215894 2.3572053457244104 2.8197292892038677 0.03252095844674435 -0.02506294117594404 3.1409440303336646 2.518984826242981 -0.04944148467385253 0.0038940516341613787
2.451088663094665 2.729366162555203 3.4680012502609725 1 -3.606856184352842 -0.82947988893056 0.001217379653502916 0.0028684270982776115 -3.891247156865995 -1.5220312061553951 0.03606090659072501 0.04833610788938905 0.47137885131373736 -0.02482744268918491 0.027487604992335025 -0.02750919691892735 1.0495804020746107 -0.6246548403520393 -0.023682581349420646 0.02055171189976106 2.3069003334138554 2.737296166871151 0.029258195799912852 -0.029747704574663525 3.1094857733403147 2.4422567810992186 -0.04942124188491129 -0.003942573511544395
2.3783935287514746 2.66631069959251 3.4448637525068295 1 -3.5644680077545265 -0.7089198700141273 0.0005163058200097111 -0.0049234217092586526 -3.8361140348067724 -1.4190421223777545 0.01893563806061468 0.04388544893521104 0.4824704540365534 -0.04891887210887047 0.023581541831086544 -0.033570995272914975 1.0488635318481432 -0.6886809083254344 -0.0285724719347204 0.013573206085863303 2.2660869027588344 2.670205269027174 0.030884473298833922 -0.02877071143731531 3.06156499155765 2.3114445276989306 -0.049944905842419784 -0.009506471628227972
2.2822863327201732 2.569751048511457 3.4075514734287107 1 -3.548534291739378 -0.6082511951210998 -0.006580561430694575 -0.008441387755549586 -3.82488488536168 -1.3498913244905566 0.015959340744254105 0.03510182851917015 0.46170401026117425 -0.12606599053003553 0.015612990773551601 -0.04393903636319639 1.0365777194540389 -0.7721876799680668 -0.02956053894348911 0.010803422537685597 2.2251250245111347 2.5756322875773185 0.029036852473659853 -0.03841905797948055 3.0194188779454683 2.200264566808554 -0.04531844749129869 0.00031603533617159674
2.197059830770972 2.477052035436448 3.363279574997254 1 -3.5674526970759306 -0.5367511115559626 -0.006499680071173717 -0.01524585077521283 -3.812846784931942 -1.3239880455863657 0.014568507210947308 0.0254861776205724 0.43169230291173744 -0.22868681867346663 0.018098510884170096 -0.04364868532049961 1.003932010814668 -0.882312718724863 -0.03547678432529777 0.004431668580133961 2.1891474270470237 2.4766031417921304 0.03282070181540101 -0.03210645820659831 2.9802521508499717 2.1026410238707602 -0.04737904041796591 -0.0038441718313866596
2.1221148858661283 2.3874751628431965 3.3157001404063244 1 -3.5724082258677163 -0.5112082862356147 -4.448713723412181e-05 -0.02206637341663918 -3.822182130079627 -1.3188341172768707 0.008455338764436814 0.021608520958880603 0.4208463287909421 -0.3241585061029062 0.01807905375817742 -0.04420344945171642 0.9509894905390075 -1.0146775537994046 -0.03410192060049044 0.0059172859422874195 2.166770547962555 2.409376253958116 0.03254958988525583 -0.033711744938211545 2.928609683802023 1.9876502100882143 -0.04607939821283195 -0.0013910438416619916
2.0643388903188122 2.3147140979216405 3.2686468195741583 1 -3.5670449104579824 -0.5117178246333507 -0.004885726656406872 0.006498135490775669 -3.84508465082809 -1.3255484824698225 -0.011429767834520432 -0.008080205792308637 0.39997500810266207 -0.4296544178669245 0.0155157112364814 -0.046321191088877604 0.9269049670031233 -1.123487013485091 -0.025886024126126707 0.013194013908287394 2.137741495617055 2.319377902177595 0.03344423099811433 -0.03825015201184774 2.8957263145273524 1.9087488168744509 -0.04098970906989612 0.007557474682842418
2.0673967894481344 2.3097981428340506 3.2222390073804603 1 -3.5771970182495507 -0.5355840707820405 -0.009015928990638397 -0.0023424982492546986 -3.8539945683705747 -1.350487561522014 -0.010386716801908568 -0.006849731980283201 0.39780113156341823 -0.5226841817312563 0.023525580777940883 -0.04038194959887006 0.9304393084719988 -1.21227257374719 -0.02369902962437016 0.014952857002403945 2.130709177250634 2.253765360785697 0.04067610266492171 -0.02904093538134419 2.8776008674165574 1.8358857357754568 -0.03930937209760997 0.004482690338290841
2.0698366768461836 2.313150650081334 3.1784833326473585 1 -3.575755913988792 -0.587564172089264 0.005882717547723492 -0.0073394392458914475 -3.8712628627328174 -1.381341429563295 -0.00589925158455735 -0.012048747879987257 0.42906896188000854 -0.5929834188013803 0.02701158981562424 -0.03193740622562312 0.9463293941592887 -1.289827949255073 -0.012824334767696588 0.01595183147988348 2.1476694340891793 2.2173718894526444 0.04084855192653554 -0.0316057478676292 2.8755347958928104 1.7632836893361779 -0.032526961743160956 0.01110012576662473
2.0527163479637123 2.30653205404727 3.1403201171045785 1 -3.5688792501060873 -0.6481973398583116 8.277307197158273e-05 -0.004759404251043063 -3.8949620534470997 -1.4095299404611992 -0.007926954700177897 -0.011772585597482323 0.4483985518665401 -0.6669273754414318 0.023567829295722258 -0.034369280094452864 0.9862235546588387 -1.340467295951743 -0.012435733233603832 0.02106678765150646 2.1607084275557407 2.159796361491934 0.04123521894456314 -0.032806195703706784 2.9027490476321534 1.7246837815261928 -0.029554632659333648 0.014557101331680125
2.1061906819799927 2.4146206518955062 3.163424848166502 1 -3.587670114857798 -0.6297098910438692 0.006423168854385181 0.013140712337645893 -3.7765117522091165 -1.4969762162348519 0.06182308422880437 -0.019293104094015794 0.568403317641323 -0.4835972656005916 0.0384130836080465 0.03584176926742794 0.7077398035800062 -1.4603780595278586 -0.09805427443820552 0.01501491792199462 2.172809471797274 2.0714530047211603 0.014147757606825767 -0.04309793079517694 2.9543801015772155 1.6143837188524994 -0.011706641395145156 -0.028173532759656002
2.3448825954743704 2.7283207288950693 3.228717494200954 1 -3.5570960027078877 -0.4832376115859508 -0.00407800666072018 0.010090380620726192 -3.5621454834386337 -1.4817550991067887 0.025622978226134567 0.050380732731246755 0.542426691690995 -0.2573921814807464 -0.03300615120805986 0.028801560781206915 0.39341348338826077 -1.3705172133713126 -0.052323978908343484 0.044872839454394936 2.1064291620667506 1.8408545002843706 -0.0005350715749499954 -0.061548362580668606 2.9842824569757536 1.2938639407327694 -0.0038160145374507154 -0.06618154615178318
2.487318466940349 2.884948157174472 3.058493422806033 1 -3.5898158854754607 -0.31550151071188526 -0.016131725416287303 0.012863090035720243 -3.6120479161737795 -1.2805591669068788 -0.020256500525000533 0.05626977574882897 0.290951579629545 -0.10623552624224109 -0.06158815288907542 0.01131672397714203 0.2483477174472588 -1.1999952158986114 -0.03391476690775526 0.04457110346238852 2.058822448195124 1.4726195138549119 -0.02069924297945017 -0.0885392916774071 2.974187878214689 0.9031121902694326 -0.007582451318521361 -0.08530747937121441
2.4160554433452974 2.8659654872652918 2.927765053611029 1 -3.665697875749373 -0.1171486674725597 -0.0033888540037410493 0.03781647616491017 -3.741934133904114 -1.13005473165102 -0.0003761722988945178 0.028604151939725892 0.02529106898082123 -0.0061329471982092265 -0.0545716938682907 0.008745237965794964 0.08775317403448923 -1.0918817290549676 -0.06959362992863287 0.014415661973668625 1.960072597669848 1.1013120802493783 -0.014182113255745508 -0.06864315453945946 2.910290460152022 0.5643968579824594 -0.03508446209193203 -0.04993191984157042
2.3487361643338573 2.7308484252744587 2.8575637885329725 1 -3.6860427574980315 0.09645920329090041 0.018309203041192438 0.02432010734636062 -3.8139472412882824 -1.080418621782243 -0.002610219518248913 -0.006006683896088811 -0.3790449386115258 0.02505461582530466 -0.057903543316146056 0.007615380798848506 0.11728358227460145 -1.0148265356752744 0.028588387532996813 0.016175263155976373 1.8285601644925578 0.8591034458976905 -0.012090143705893478 -0.034154164223767824 2.7529026232817895 0.2612654779568149 -0.05756410898527744 -0.05118259828104453
1.9238134953986645 2.32832402973021 2.791090030287411 1 -3.7457091316807434 0.07494079624238803 -0.04722178158359327 -0.019803414957140247 -3.840144503933931 -1.1568059131870354 -0.008554155325462623 -0.019177670267596716 -0.5926711369829936 0.024369137782512595 -0.0010398127531475645 0.013983212304730385 0.01557911833828296 -1.0205529902087433 -0.03246758981608419 -0.010450999333112136 1.6636496820270041 0.7638421643382249 -0.05354813160243573 -0.03049745747085231 2.5204127290866927 -0.032408123108914166 -0.06787671534568064 -0.04486196637373893
1.5458881895694994 1.8792934266630748 2.9649471004578922 1 -3.888765866897342 -0.0030437810456593883 -0.004301319528036296 -0.005037068016138576 -3.758665075954045 -1.2489465562135167 0.025618206479215665 -0.008774203000930538 -0.614122848773893 0.03367612082387028 0.005139096858764167 0.0025478508972351568 -0.2647126571707039 -1.1068022153491481 -0.04556142971273208 -0.019485528124511244 1.472097999149124 0.7917099153474021 -0.04615673826387246 0.01055790148168502 2.255386163166314 -0.06283195566093935 -0.060357041203344314 0.005794967063069114
1.3731462325590722 1.619219877843671 3.1580593172538056 1 -3.890603440648082 0.016785451144291974 -0.002687699870946532 0.007917131473729773 -3.7837445303926303 -1.2667759202452171 -0.03973116098445119 -0.0019970936574046708 -0.7050929796063201 -0.0009395879351473679 -0.012724237461798179 -0.022433443932067337 -0.43504037169285503 -1.1685686556005201 -0.0036621434047470836 0.011121096256088479 1.367936948415652 0.9379332478307194 -0.022950562712692833 0.02104238520729293 2.036944636798898 0.006057998534390707 -0.050926251909666584 0.0023987594196369297
1.2197146743830152 1.3871979778930847 3.053278961839662 1 -3.8274835392206676 0.08165546286787895 -0.022470366953626572 0.01761364348603045 -3.859627274387453 -1.2276423593251984 -0.011211004575563545 0.015895126788150686 -0.7302048643031993 -0.017816428128915374 -0.017925329397209942 -0.004637655535820314 -0.518439036958291 -1.1886652839500393 -0.025585853434632433 -0.0006237983781364399 1.3907575973157513 1.0756267897827199 0.02647699935501492 0.03346213580024623 1.9185052897718755 0.07520630945867146 0.005343098321672333 0.02208457732301175
1.0093168453288732 1.1078674607873664 2.828688299341738 1 -3.873355780707979 0.19425324791352483 -0.008476180910965919 0.023620800441579843 -3.810425708697071 -1.1012430592867855 -0.0007616787716127442 0.026031498050234993 -0.715313201767187 -0.001399601063484024 0.016169284946074877 0.0039257221353629825 -0.47767756886001234 -1.1611801583553876 0.031820165176595486 0.017842421618982023 1.4652812843360437 1.1931546953845604 -0.00022961073842957128 0.01416356027617671 1.8880604636866574 0.15419476869982507 -0.02352113168857857 0.009941702119099028
0.8444549157842124 0.9032696045893325 2.6581928636245546 1 -3.8520388508303673 0.2474800431627484 0.019034207062052454 -0.0034312995321353055 -3.8181736060617135 -1.0017061504998468 0.010301255707776912 0.011289223241070933 -0.7132443748461306 0.025829483418987165 0.01170644412041717 0.008331541199885642 -0.33537921324069586 -1.0803611445383858 0.03977427510920317 0.024964787609965365 1.5852045107198363 1.308660480324383 0.026494917085794312 0.010071422103797235 1.9213334023720892 0.24076198805856874 0.004308575935475838 0.023472478332596688
0.7661570487526888 0.7976989478991593 2.527092154366403 1 -3.8081439967455615 0.19497045716408845 -0.009608023721244406 -0.01851947939125216 -3.8050048557526237 -1.004528835320335 -0.011567473166418017 -0.006239073198286784 -0.6971858554202672 0.06298946856775078 -0.0075362178465671345 0.0011108093656807734 -0.2058112387524389 -0.9762997309592525 0.003924368171416763 0.01298855055463501 1.7320321715739437 1.395767280486286 0.022832355397359654 0.026245375716589754 1.9995692072302598 0.3126071023652768 0.010130449482948917 -0.001247908499542958
0.7221143664270289 0.7233203933521889 2.394356462789091 1 -3.7976945047221866 0.1121348861949143 0.0093818655904288 -0.016300978665309607 -3.752287618476905 -1.042060313454467 0.021815510800275585 -0.004091172173410977 -0.612276768328226 0.130473853828317 0.007785457107770889 0.010488864130240853 -0.12277204457199442 -0.9042765238561751 0.0011306564546282438 0.006229594663655094 1.8998136244847021 1.440218628140165 0.030464746821038065 0.025393246415805343 2.070585087983062 0.35323621722066845 0.018401374182558584 -0.007554039552280617
0.6973382152721959 0.6809896459994327 2.277273116904922 1 -3.80001535441319 0.06371892201070528 -0.010709499445043087 -0.004547509893901344 -3.7225530835883722 -1.0726978458167618 -0.011014019969352985 -0.008531778116139453 -0.506218419912658 0.21738466402420809 0.0022246493575266424 0.01069424086063262 -0.06369451533649428 -0.8269319311570935 -0.005844066706665624 0.01912940598075427 2.0703721360231135 1.4668563962589225 0.036876583621074106 -0.014887042096643092 2.152149653316971 0.37254116617598565 0.017883932294015796 0.01460848986494287
0.6665336386009867 0.6358029414387062 2.165342599054637 1 -3.794231380650854 0.04031448966133788 0.0077822063607467205 -0.003137655172502976 -3.716589926706644 -1.0882489863353015 0.009354470854213558 0.000488876297301236 -0.4312047300950139 0.3464672333641936 0.026294504282493907 0.039235248059562 -0.0127532500676244 -0.6929342584925813 0.02200438963392952 0.03335997438208812 2.221657224992547 1.4698683258037462 0.015782015347578296 0.0001038505716179014 2.24508755970694 0.36664775226199264 0.004501547557359778 -0.005755200344882892
0.6398361863813344 0.5897274267038893 2.053447682056983 1 -3.798129112711601 0.03817520439644162 0.006968109473838111 0.0015280768206700074 -3.698407357335414 -1.0779259507533274 0.016138623401461664 0.010859420632749833 -0.3884586596266608 0.5153255662733809 0.0027705602177705325 0.03236527010051188 -0.010204193856501398 -0.528348840282906 -0.010265232489842055 0.032326485230860826 2.359337829131743 1.4394984104326491 0.016901871312234234 -0.003080142128130169 2.353887690003563 0.33496124260403715 0.008613975667506067 -0.012253146137999915
0.6418282477972443 0.5809675760185166 1.9531746471537905 1 -3.826655464786424 0.08026928037033754 -0.013304004502312831 0.018555017347503287 -3.6661917007389073 -1.0194072406091923 0.0015448080946505443 0.011015062920072852 -0.3407834311834401 0.6861014706606068 -0.010482423642153633 0.023715810873386436 -0.03797913616549131 -0.3750676804121883 -0.026888657670027807 0.023185406130777696 2.4890949574090895 1.3773287622170147 0.036244646327807634 -0.018905740517053186 2.4362821559939842 0.28276636741030625 0.026668623210353223 -0.011417432159457787
0.6606622781516188 0.5946394359068958 1.8545980134774926 1 -3.876610263668213 0.16514771240825765 -0.006198237855614094 0.019747531722078555 -3.639134811854774 -0.9130694248916713 0.010038404871675963 0.0263035087358056 -0.2959934067056391 0.8173596660518914 0.01528651473376669 0.005589520708258657 -0.05488553879016678 -0.25156753661540276 -0.002971315078642756 0.039255205821727604 2.5990077899965103 1.296559318774463 0.01531466562897633 -0.03725687542696432 2.476064183043044 0.2168357760841113 0.0034136227243787634 0.0023662896198299033
0.6659213151980127 0.5878412248230236 1.7470969522665056 1 -3.9417632321022738 0.2561942599770908 -0.002957713783199532 0.005727698932711687 -3.623708766300432 -0.7919705137250995 0.009746882684252563 0.03774141710395944 -0.26205109906314217 0.918009775964681 0.007969794612883874 0.024271406873459238 -0.05085870298176953 -0.14937435978498848 0.00572897985104303 0.015409051570138981 2.6692565949069005 1.2171915493831977 0.03216179543553433 -0.01945483368029023 2.4964129972318014 0.14794204006830736 0.028036028665134834 -0.016606372590648715
0.6518854725240416 0.5526157232332415 1.6480713261251112 1 -4.008249083787124 0.3286728903256404 -0.0011540651908474578 0.0013822415530596738 -3.6107155563822797 -0.6799174730387404 0.00775256935456058 0.036022286104402106 -0.2379511669423522 1.009719288802271 0.027372553340726222 0.016478760500633804 -0.05933363881701492 -0.056091260563398415 0.016669108219094377 0.02618499384933725 2.706607280714441 1.1604528149389384 0.01847549737640033 -0.014150130143718999 2.5034666849630485 0.09854856764756348 0.015249594862910696 -0.007666963413015877
0.6254070777908473 0.5065297403279382 1.5790691403802337 1 -4.067891050918737 0.38343077304088347 -0.006970014855401225 0.011076216315639958 -3.602746149108562 -0.5815691601316305 0.005034465000880142 0.021124147173936673 -0.21710788810600778 1.098897713438356 0.0034339393129563557 -0.000490781632212809 -0.09963179188270566 0.027688046230958552 -0.01485375197792952 0.032033159914201484 2.7213463279857706 1.1283756275348251 -0.015968903175372914 0.0020405617334380774 2.4747264626118843 0.07336155361674002 -0.03190435184159956 -0.002184319310018192
0.5645152084263998 0.41910408486091844 1.534433709772364 1 -4.123090390086386 0.4284631002308703 -0.022372639552376738 0.001462718707672582 -3.6091841708404466 -0.5019182589942284 -0.01702685316052959 0.005430868698132414 -0.21412184591019745 1.1795264810332493 -0.0037402103839784973 -0.0023969933225032342 -0.16368991976802594 0.10252040899593462 -0.01745910494296701 0.029999062755546115 2.7238531233401053 1.0906978159318608 0.014443471386146512 -0.02342821459744046 2.4204484444079366 0.04246829666740015 0.011858602894065514 -0.007275898010863593
0.4851885986491189 0.3191873990499124 1.5160386862802782 1 -4.1751143424771495 0.46747054537651844 -0.01742695837559185 0.014514892495841168 -3.623979722732188 -0.4411303332464437 -0.002368507523020761 0.0017268984005575656 -0.2385246614604375 1.2499233640078824 0.00714656366277798 0.013636594209741374 -0.22801123727301853 0.17069494708318755 0.003478293907281906 0.01460116587764411 2.6893483742307875 1.0490750108672184 -0.030343291494484965 -0.0003994855558017065 2.3514242967012926 0.012275168733340003 -0.03851968630521428 0.003656062455168106
0.40856044503539946 0.2279190765914727 1.5222695769774752 1 -4.223722239229238 0.4944660623317667 0.001466575208152944 0.008234801514916764 -3.6359403694872365 -0.3974338215483223 0.009022827366631365 0.016983585909194805 -0.29938567661742965 1.3207745272080351 -0.006925481853497969 0.003542948831619886 -0.2965138693242073 0.2437008603332016 -0.006482977736414727 0.02420192203878534 2.6362212227474666 1.0194914934177608 -0.01173178022640995 -0.025984615325057466 2.2732705805590037 -0.005257240332720681 -0.006351640628089096 0.011182406295297546
0.3546967752249044 0.16233671669988425 1.5494368572857586 1 -4.273233780621009 0.5143647649592737 -0.013547049084971584 0.004415413433233647 -3.6481501716186626 -0.37310952301726075 -0.005268551963588513 -0.0006279572237496284 -0.3689419916834602 1.3915246951512006 -0.0009718819010764088 0.009072184103683724 -0.36812632577167737 0.3067540733070515 -0.0015465763083682693 0.01660197171863992 2.5651366551753663 1.0089865738237629 -0.01822893303252405 -0.024998818335394545 2.1739371572309896 -0.00489890992914277 -0.012186260646319946 0.015598329890160186
0.29580753703036106 0.09696747371083514 1.6033818189032998 1 -4.313813421971393 0.5340710676465963 -0.0031275875291854544 0.009666137846380977 -3.6656679090604896 -0.354818632245674 0.0034360601482920196 0.007852991145033454 -0.4399121124144125 1.4566760395503495 -0.023844653007061255 0.0021632892883724653 -0.4499765025995801 0.3682359669750117 -0.026524857503834934 0.021215510346791235 2.4848457002136453 0.9962327921849325 -0.03871275676940795 0.0024723850669590873 2.055217743212504 -0.0016184054120212954 -0.04771270332639196 0.014072326812173196
0.21692193121075504 0.012975932529627 1.6527756254375645 -1 -4.353582453921601 0.5568899923845287 -0.017435013356599062 -0.00391722229228547 -3.6866801263501134 -0.33850454338406977 -0.016711372462972808 -0.005799861203521621 -0.5126878184704693 1.518259537139902 -0.035248228536356035 0.008544276910828989 -0.526025636854532 0.4222590527001444 -0.036017185108609656 0.013602851168975767 2.400273377351888 0.9842962394592272 -0.03654452635309134 0.014565890106856348 1.9336041129100092 0.0014489637242305342 -0.05034768148022627 0.010866846630109544
0.13672595736773155 0.06261067647391236 1.6446139751172402 -1 -4.394425544563971 0.5732804575488322 -0.018142439815145142 -0.00028404112809550953 -3.7009701337164422 -0.3173151360864256 -0.009744119904010196 -0.005483446479761629 -0.5840169641877386 1.5776517842860662 -0.015447569709593493 0.01767167003906536 -0.5864994512066484 0.4733090299416609 -0.013123968820858915 0.0051510060611280745 2.326544369213712 0.9917075705605598 -0.02902625915748403 0.013625976099842653 1.8237865635268298 0.015488987404922883 -0.04028308605243814 0.01298427566705488
0.022406894283413876 0.18336319360326112 1.3625232821926614 -1 -4.484443488429454 0.6640905555292933 -0.029327044636805383 0.02360573974364396 -3.8025941003828585 -0.20673453321274793 -0.030005974719636258 0.034490885626120134 -0.6425128980029577 1.6846188209749955 -0.0045182544375080205 0.010256568914559627 -0.6321237062414018 0.6008168625882584 -0.002991527906957732 0.055025840367724226 2.337316401027101 1.0285552997410266 0.02003676850990741 -0.027149988459208206 1.8889357822640385 0.12203005572791681 0.0581767373437609 0.042120156963445336
0.014118076881832116 0.25249552745589277 0.9451554373139738 -1 -4.699294008236992 0.7230119933171044 -0.06294426462958698 0.007288523186267826 -3.93004080804069 0.031476005051007894 -0.020723324869699578 0.048895062864872565 -0.6034397404402796 1.8340705412259513 0.02462871658057471 0.04240844961201287 -0.5985306389919351 0.8267628727474656 0.01882761526790519 0.03607528050657474 2.643596099195574 0.9520031717343544 0.08044950306221395 -0.03136223398301863 2.124577376037333 0.1886984367747815 0.050871214321644084 0.001475857208346712
0.0953048862243748 0.3988568469392803 0.69512381130507 -1 -4.913517518128676 0.7148514754804036 -0.011099237637582068 -0.006075549532916721 -4.088302356294015 0.2626571408267566 -0.039723373397049316 0.039411074059107445 -0.4202095011630522 1.9657696133620663 0.054515029853136554 0.022707557615469737 -0.46777269282344314 1.0540058519158118 0.04275917819181297 0.0409986418815971 2.9795494855170617 0.8166890979907655 0.0680022757873201 0.0008283759505524624 2.357337483089558 0.16450001671883618 0.03334328315756194 -0.02896468710646638
0.15504276168326597 0.5073190582268985 0.5212594799588334 -1 -4.953608342681479 0.7440760534127913 0.02499530763155703 0.0004668106872138633 -4.175644789821339 0.3496273221597461 -0.002572769303990791 0.020388544896493437 -0.2063088392848096 2.0702453147156294 0.041325745392639265 0.037787633400168955 -0.3120030327165537 1.2195038065328259 0.027249236485174584 0.006118219694657874 3.186905789207545 0.7334957702956799 0.03475271153121378 -0.03445417210181223 2.557313862333139 0.09276747828933729 0.04795958451020746 -0.01548440318381165
0.1727895257965081 0.5725488534568963 0.3791943317945481 -1 -4.881973509221828 0.7982414354721536 0.0003259144497464797 0.024666665885410204 -4.194265773344693 0.36431295582233725 0.0136671906950174 -0.008686118185380343 -0.05571407770335224 2.1582286467919287 0.02250156056470631 0.027686733561835142 -0.1967826957121419 1.3309842836074188 0.014768443404319223 0.010492698302768347 3.359477496106604 0.6823187730468034 0.04056722284078675 -0.005857303724630537 2.7216167314294006 0.0840462524619876 0.033049730221676024 -0.011142963398491718
0.11222227076720388 0.5778308137836474 0.1773456604232853 -1 -4.768088893223464 0.8259638979682813 0.01601041380891992 -0.0049972398327702075 -4.137284025288302 0.3705655720808032 0.024040655013044414 -0.00488754122154977 0.03945540577830364 2.2292277309293804 0.020483786046489497 0.02130523169842489 -0.11807608671356906 1.4158109584977336 0.013296872298879247 0.005220162380853509 3.5049611716860625 0.57531516753845 0.03392626297224975 -0.0238684902556087 2.877168629187496 0.02363831287251328 0.014025928156959341 -0.02173051815038465
0.035745196309179224 0.5439738130193927 0.08497306682665454 -1 -4.656963493959532 0.7446392577220882 0.011726811151712313 -0.013788490863493659 -4.022895314190037 0.3445234693793753 0.03140480673473997 -0.01462655880747437 0.14301658496411473 2.2685724762065957 0.025662692336588137 0.015633879940094457 -0.03937587636059714 1.4751220648835814 0.015185755449466744 0.00018683692478117103 3.6011260696348266 0.4118750403243596 0.019079596692375224 -0.023794921974481992 2.9327432314707504 -0.06733151834870199 -0.0003122231844791268 -0.026154814544211463
10.167872 -3.5224519 8.0496025 2.20717 4.7205606 8.341469 -0.06056589 2.7688413 3.1126633 2.4483438 7.933749 -1.3112589 4.5676985 1.1693752 2.4250276 5.958973
10.275174 -3.4694657 7.846662 2.2529707 4.105317 8.351573 0.51141846 3.715741 3.378673 2.4692245 8.391413 -1.2321117 4.7202945 1.2169516 2.4357378 6.008678
10.046157 -3.1157022 6.9219947 2.1904614 3.5884104 8.583948 1.3218508 3.8391967 3.7993777 2.4265316 8.935109 -1.1117246 4.953456 1.2296818 2.3509083 5.893508
9.549407 -2.5977602 5.1269293 2.0300117 2.996622 8.936149 2.255062 4.040935 4.293352 2.3031282 9.423256 -1.1965383 5.3287587 1.213522 2.1652312 5.2739024
8.1070595 -1.5839386 0.924993 1.6367769 1.7394466 9.266015 2.509123 4.4006133 4.854989 1.9492499 9.924752 -2.142045 6.1895075 1.0970465 1.6538684 3.8355823
9.087566 0.3792987 1.183282 1.7371802 1.4337525 8.508545 1.8656356 5.044254 3.4315374 1.7536883 7.950595 -2.4265256 6.162588 0.936327 1.6430237 1.9740591
10.676869 0.73004293 1.9215859 2.4270759 0.9654033 5.4267464 5.0935984 -0.70661354 2.7337294 1.8388116 5.744822 1.243835 4.980342 1.1315446 1.9034054 3.9054317
11.100882 1.0040817 2.0373468 2.7603645 3.1127555 5.9358134 7.0427885 0.70095444 6.286239 1.8236777 6.925026 2.4568825 2.804925 1.2401166 2.2344055 3.1729121
12.610085 1.9746232 3.3300407 2.7998607 3.7083 5.3192387 3.0213826 3.4689882 7.4004817 1.5401654 5.5554214 0.41665024 1.8751416 0.9946299 2.287359 0.3518238
12.182873 1.7872119 2.8036084 2.7764492 3.9247305 5.571015 3.6115093 3.2397385 7.685399 1.55601 6.3649745 0.7221978 1.8169217 1.0247552 2.2595682 0.7520685
10.910865 1.5914395 1.9735608 2.189429 2.020039 5.485844 4.0969543 -0.67781687 2.370451 1.5747495 9.2702265 0.9537555 4.9602747 0.8311155 1.7097201 2.2305226
10.873592 1.492435 1.9547334 2.1798768 1.9839506 5.506548 4.0782557 -0.6872673 2.4340122 1.5820798 9.298952 0.9239378 4.9819093 0.8386849 1.7061478 2.2858367
10.961223 1.5777547 2.0006745 2.1551101 1.9512429 5.50087 3.907787 -0.57186604 2.3838356 1.5597782 9.308141 0.79255855 5.0300603 0.8157793 1.6918032 2.0440378
11.474096 0.86765575 2.2768285 2.150578 0.5000043 5.1016297 3.2049513 -0.36424112 2.58058 1.6322856 6.45729 0.02686572 5.488073 0.92579055 1.7162119 2.060071
11.275753 -1.4229932 2.0728877 1.9026804 -0.8515649 5.4869995 2.608225 -0.26184797 4.1048 1.7763512 5.8617115 -1.0157986 6.2381363 1.0940846 1.6452363 2.7926292
11.15308 -1.49683 2.0199392 1.929142 -0.79232645 5.5024705 2.8169336 -0.39174747 4.157797 1.8006393 5.912221 -0.85862976 6.1780853 1.1178515 1.6608653 3.0463958
11.071614 -1.3267536 1.9992383 1.9769773 -0.6165409 5.480607 3.0656228 -0.50427103 4.0534782 1.8081017 5.9806023 -0.6236126 6.055889 1.1225864 1.6829462 3.181407
11.23486 -0.40496635 2.1424925 2.0854745 -0.28309774 5.263916 3.1860242 -0.43285704 3.3933609 1.757688 5.672272 -0.33224618 5.8133698 1.0672543 1.720622 2.8247313
11.40126 0.9242611 2.2868562 2.2680447 0.44837952 5.04198 3.9497256 -0.56457806 2.5475597 1.7029989 5.7077084 0.4760332 5.335647 1.0053718 1.7976409 2.5013676
12.054747 1.9177623 2.496204 2.3851407 1.1054726 5.5918565 7.0248027 -0.4577589 2.620335 1.7383256 5.891326 1.900213 4.977752 1.0584772 1.9725128 1.7507234
12.296322 2.025636 2.5404239 2.3998852 1.2798305 5.9720793 8.52272 -0.40198278 2.9357755 1.7811713 6.054184 2.4808767 4.9046774 1.1122084 2.0472226 1.5324078
11.442527 1.3301015 2.2140596 2.3555112 1.2869127 5.6636276 6.670487 -0.7844691 2.8935318 1.7705573 6.829525 1.8699107 4.941822 1.0776788 1.9286367 2.5364742
10.088322 -2.0843859 1.4882063 2.0108852 0.1561985 6.030259 4.5079093 -1.1722503 4.7743025 1.9334869 7.9627943 0.33376405 5.7248635 1.2344568 1.7218444 4.6244135
9.954925 -2.023429 1.4215331 2.0213993 0.4102111 6.1236496 4.774593 -1.2433844 4.7833066 1.9354501 8.4431925 0.5461567 5.6240454 1.2320149 1.7272128 4.7286844
9.835586 -2.1223125 1.3183601 1.8124614 0.7649369 6.477801 4.015105 -0.87495565 4.9852557 1.8348801 10.27751 0.010095954 5.808835 1.110894 1.6031642 4.0397305
10.556465 -0.13575697 1.7149174 1.8332897 1.611253 6.3170185 3.8326952 -0.25112152 3.723784 1.6152661 10.77393 0.1388663 5.523525 0.87993646 1.585272 2.1255083
8.678547 2.032081 2.4596722 2.0946157 2.0517585 5.7799015 3.8414896 -0.06737232 2.4870121 1.4863336 12.215681 0.4872265 5.167652 0.69212043 1.5915823 1.2765646
7.628358 2.276815 2.8382268 2.1447337 1.4932451 5.613382 3.7897248 0.19992399 2.4287276 1.4838533 12.243609 0.24609104 5.322881 0.68388367 1.578726 0.9938059
6.5474377 2.3095357 3.107084 2.2098002 1.103215 5.5285506 3.9922678 0.2589512 2.5002234 1.515974 12.43732 0.22047561 5.390452 0.7083247 1.5843208 1.1054897
5.345789 2.3304157 3.3956177 2.2801385 0.69362783 5.451845 4.2261586 0.299958 2.5896168 1.5525458 12.686518 0.20278156 5.460479 0.7355392 1.5902772 1.2484012
8.670788 2.1859605 2.4695706 2.1138287 1.88625 5.640594 3.7766151 -0.23263788 2.4303517 1.4896114 11.730345 0.4909551 5.180502 0.70147 1.5945225 1.3725095
9.470578 0.6668172 1.388442 2.200543 2.7508805 6.035515 5.290175 -1.6540375 3.227091 1.7170289 11.432474 1.8290408 4.661322 0.9516269 1.724672 4.008666
9.177068 0.09072399 1.2030288 2.157973 2.8040667 6.288895 5.524802 -1.8588157 3.6452658 1.7655649 11.98287 1.9167578 4.681841 0.999343 1.7146351 4.502859
9.471482 0.8430128 1.3163575 2.1097484 3.2134042 6.3398104 5.2749405 -1.3442936 3.1668692 1.6575611 12.639635 1.8689668 4.585625 0.8914157 1.6738118 3.6433554
10.034677 2.1501215 1.499686 2.0620089 3.8671098 6.727399 5.6335406 -0.15933943 2.261648 1.552917 12.40954 2.1963387 4.2133465 0.83121645 1.6763141 2.6640868
5.27168 4.336365 2.49941 2.4176207 2.9872255 7.4236937 4.052088 1.7460444 1.5359247 1.5278984 11.492701 0.78639376 4.542356 0.70994174 1.7219105 1.6181712
0.753325 6.01218 3.4742942 2.9625793 3.6949027 9.669142 3.2057889 2.8582113 1.296636 1.6711307 9.820429 0.1994468 4.3394094 0.69371295 2.0181832 1.5453176
0.3507285 7.134084 3.1486075 3.017796 4.056341 9.983185 2.7772994 3.2295895 1.0474981 1.6413932 9.460689 0.15077707 4.1916738 0.6541132 2.021469 1.7006669
0.56086683 8.581007 3.22225 2.972938 3.7392654 8.927694 2.7149765 3.3615983 0.8384486 1.5843974 9.616642 0.2613165 4.1965733 0.6163199 1.9483361 1.8181262
0.94738245 9.532028 3.3615017 2.885601 3.1917973 7.70727 2.8923426 3.2849677 0.7476214 1.5306437 10.024969 0.4114861 4.2819796 0.59432805 1.8552818 1.8709579
1.6777096 10.997971 3.7301407 2.735829 2.2984724 5.770322 3.1747377 2.956742 0.6021203 1.439311 10.691071 0.71584356 4.3762093 0.55245423 1.7101201 1.9742703
2.7575846 12.625611 4.2798204 2.5464783 1.3156037 3.7374458 3.5410817 2.3280673 0.4339447 1.3206458 11.335659 1.1839631 4.3675084 0.49105346 1.5569558 2.1174111
2.6797595 12.787545 3.8646317 2.6427362 1.7544138 4.561453 3.4607084 2.5288954 0.5408365 1.3416979 10.743265 1.2226353 4.2714047 0.5062721 1.626175 2.1774974
2.775591 12.592817 1.7880802 3.0060167 4.5102468 8.960282 3.1527436 2.922709 1.0647638 1.465064 7.7612963 1.2776732 3.8686175 0.57563925 1.9676296 2.1021018
9.46629 12.6633625 1.5843878 2.5962458 4.6264353 6.552187 2.9917362 1.698832 0.49337205 1.342946 5.944238 1.6917388 3.917623 0.5357878 1.8736844 1.8192534
9.762478 5.752898 1.3404765 2.1468608 3.6949556 9.055635 4.283253 2.4562197 1.9178269 1.6233499 5.559665 0.33257288 4.858201 0.8164575 1.8877363 1.3891959
7.9152465 5.4433737 -0.85966027 2.2613904 9.80592 12.448137 -0.007214904 2.274211 1.0026672 1.6389043 0.005335331 -0.060985863 2.9197679 0.9425943 2.0083313 2.1983194
1.019269 0.7665453 0.692936 2.2402146 6.4602265 12.883648 2.5685096 3.4770205 1.6415174 1.6953499 4.167029 0.7759371 2.5518079 1.2417816 1.8475692 2.9159322
2.801052 4.111517 0.28431267 2.2576447 8.517063 13.132539 0.65035397 3.3905487 0.4975265 1.5989105 2.4955568 0.0253914 2.644761 0.9880595 1.875544 2.0134106
-0.13244295 1.3167491 1.3734322 1.3354772 3.0043979 13.310795 -0.70539343 -0.15603638 -0.31164253 0.7791389 4.1532216 0.49449283 0.99676144 0.614089 1.1778116 3.9130888
-0.27976894 1.4036632 1.3891943 1.3244178 2.8532472 13.366985 -0.9165648 -0.30841255 -0.58261925 0.74301565 5.0739803 0.70913243 0.49554676 0.5804876 1.1422333 4.70325
0.617846 0.2801795 0.6967462 1.7649922 3.6653838 13.2044935 1.9951663 0.7616544 1.1971571 1.2951896 5.2277365 1.1138992 1.889633 1.0530975 1.5099311 4.7750463
1.1697531 0.9384513 0.434923 2.0260754 4.2129674 13.293307 1.8476439 1.0605764 0.91811895 1.5413324 6.0588493 1.0946188 1.6728573 1.1794693 1.6652501 6.175107
0.7757573 1.1359849 0.3202209 1.8834984 2.7811818 13.631871 1.4763575 1.135242 0.44774783 1.3748493 5.9233193 0.89666957 1.4426035 1.1017882 1.5636264 6.8676105
0.39436388 1.1766033 0.25145197 1.8004905 2.317142 13.853315 1.2273436 0.9777312 0.17345154 1.2871298 6.007583 0.9177092 1.1529229 1.0530427 1.5005982 7.4236
0.40529823 1.24511 0.15807563 1.8266023 1.9401116 13.93539 1.2165517 1.1688542 0.045980424 1.2989511 6.11191 0.87068784 1.0808972 1.07095 1.5153672 7.8592963
0.29277754 1.3178778 -0.15519685 1.8479278 0.95817375 14.190775 1.5385618 1.3669322 -0.053475954 1.3148218 6.2764406 0.89793545 1.0175644 1.1288509 1.5289953 9.012122
0.2639594 1.3049326 -0.16755623 1.8405339 0.9250169 14.191378 1.5463045 1.3530145 -0.06479274 1.3092487 6.3061633 0.9127169 0.98928916 1.1288291 1.5231535 9.099218
0.42321587 1.3006568 -0.19631112 1.877729 1.0007195 14.101 1.7891996 1.3860159 0.10131152 1.3530332 6.2640047 0.92521197 1.1640563 1.1648711 1.5525454 9.014279
0.54154015 1.303575 -0.22829705 1.9252732 1.0709519 14.035202 2.0114405 1.4159439 0.25509804 1.3974862 6.166457 0.9317339 1.3451744 1.1957958 1.5902126 8.871464
0.63455296 1.3123784 -0.24436349 1.9498372 1.1358275 13.969507 2.1592329 1.4380429 0.3514099 1.4240372 6.1370335 0.94146395 1.4504383 1.216697 1.6090971 8.807699
1.1895938 1.2948155 -0.3248369 2.0452857 1.4261732 13.669168 2.9555905 1.5657058 0.89307475 1.5619559 6.123253 0.9965786 1.9765613 1.3393018 1.6839577 8.639449
1.2466512 1.2946463 -0.32006592 2.0271006 1.4469504 13.601231 2.9974098 1.565093 0.90997696 1.5587183 6.220447 1.0128908 1.9605187 1.346698 1.6688383 8.74496
1.1646309 1.2852187 -0.30494857 1.9988849 1.4047785 13.611966 2.8691034 1.5399451 0.81990314 1.5311598 6.276232 1.012949 1.8495398 1.3280196 1.6465584 8.842574
1.9743228 1.24302 -0.3760183 2.0235422 1.7536192 13.118122 3.880869 1.6683898 1.4627973 1.6653717 6.672875 1.1465547 2.3288307 1.4895935 1.6631612 9.12059
3.156713 1.1404629 -0.41174656 1.8863816 2.1485953 12.314101 5.176485 1.7797143 2.1972558 1.7634387 7.8867636 1.4240863 2.6024494 1.7051142 1.5477971 10.332676
2.3938484 1.2308459 -0.3839774 1.9941317 1.9086795 12.770781 4.3310905 1.6855237 1.7491195 1.7092679 7.0171742 1.2213199 2.479652 1.563106 1.6384147 9.448966
3.2551627 1.2032261 0.06489086 1.4741223 3.4568892 11.278273 10.439024 2.8990602 2.2533467 2.0775232 9.036209 0.40706974 2.449942 2.0980132 1.4427066 12.542948
2.9722757 -0.6554284 1.5271807 1.0858415 2.984683 11.233461 10.728281 1.1998992 1.4909743 1.9888304 9.926007 -0.02422136 2.0423012 1.9588586 1.3154378 12.541568
2.6207213 -1.776753 5.6522985 1.4834721 4.828522 12.061263 6.700863 2.1804087 2.6302466 1.8551645 9.972087 -1.2941101 -0.7636143 1.6175987 1.8416456 11.45894
4.624875 1.9024005 2.920133 1.6041968 3.1949499 4.738177 7.698923 2.3072934 1.0303394 1.9314649 13.792021 2.3021832 2.2161949 1.7471956 1.734785 8.768215
3.3787785 2.4448347 3.5289865 1.4971726 0.6818299 5.08232 5.277353 2.0541706 0.59899086 1.579613 15.030574 2.1894553 1.6619251 1.4722831 1.4802711 10.897985
1.3370576 1.4794397 4.346941 1.0707058 -0.2650261 2.7439015 4.669052 -1.9409957 2.3886025 1.2775881 14.041166 1.3680868 2.619065 1.1575874 1.1248192 8.836868
0.6623225 1.253778 2.410397 0.86526823 0.4186306 2.3560715 3.9512286 -1.7350836 2.1336966 1.2848183 13.648312 0.4641949 2.6896062 1.1709392 0.96691895 7.526144
-0.21418619 1.3155088 1.5919526 0.7449541 0.4896884 1.6022958 3.2037168 -3.0751944 3.0165498 1.3735453 12.83272 -0.6837955 3.3019714 1.162288 0.9177779 7.207117
-1.077055 1.4617219 1.8951659 0.7087939 -0.014466763 1.4610286 2.3205986 -4.409083 3.4279072 1.3134079 12.631809 -0.8967407 3.4220037 1.0464599 0.8863156 7.8653135
0
0
0
0
10
10
10
10
0
0
0
0
0
0
0
0
0
0
0
0
0
0
0
0
10
10
10
10
10
10
10
10
10
10
10
10
10
10
10
10
1
1
1
1
4
4
4
4
5
5
5
5
5
5
5
5
5
5
5
5
5
5
5
5
5
5
5
5
15
15
15
15
10
10
10
10
