67
1.9358219638280916 1.9848392719302477 6.810829611728662 1 -4.44 0.4099999999999999 0.0 0.0 -3.76 -0.31999999999999995 0.0 0.0 -1.4900000000000002 3.1100000000000003 0.0 0.0 -0.81 2.38 0.0 0.0 0.7300000000000004 5.14 0.0 0.0 1.4000000000000004 4.4 0.0 0.0
1.8588212541723348 2.088394997355051 6.79519360791621 1 -4.386433685677101 0.463165108782988 0.029469605259148147 0.023999850885668944 -3.767455148181422 -0.3564898594771482 0.005524073738167451 -0.014094382558170783 -1.5009245580162136 3.1086393717019067 -0.0029853911928950823 -0.005808129437544598 -0.8134970508894095 2.369769550014652 -0.005231927975537474 -0.0018398715786158946 0.6808424736381253 5.031110673630218 -0.020517824917332127 -0.04889373757787875 1.410423779769622 4.268312136724559 -0.0017700954026567215 -0.04700619467744854
1.965047840954562 2.3148604194282565 6.661806511718113 1 -4.246374894972564 0.4893344933591339 0.023389614403647604 -0.014799944317511885 -3.7506283456408513 -0.4430223315811761 0.003012381496180652 -0.011733599577539788 -1.5701993101825078 3.0774277524070923 -0.01990197880388691 -0.01213388928043007 -0.8408979184714882 2.2957882924510247 -0.011945923886518403 -0.02496671761543417 0.5517767946806664 4.716246199450877 -0.021511899837131143 -0.07502800684272848 1.3817376324780772 3.9134376123962467 -0.01571300095753679 -0.08342904190997348
2.138046271743186 2.471029663444927 6.352168920712506 1 -4.2284595564314165 0.39062292342237215 -0.010607395705021571 -0.020613676730386093 -3.719880718299116 -0.49879192980415255 0.008035933236689087 -0.007054855390081464 -1.68787229674893 2.99168316496885 -0.04883773356650962 -0.03657642044293488 -0.9383132492010913 2.113133227329882 -0.0467288930816641 -0.0676881916546366 0.48559439580310393 4.3421868977101505 -0.0033054144209931496 -0.05915549581884954 1.2682551664871546 3.468626457194614 -0.014149630155337985 -0.09813409262573454
2.0965672293434316 2.3863565046958373 6.041177170305278 1 -4.327445659265811 0.30342788828687417 -0.03164846132126492 -0.021405709827177904 -3.6779840254308827 -0.5576438331718965 -0.0016331754257036257 -0.024236728634993304 -1.8096122094927218 2.835792145684415 -0.012402654859070023 -0.02458276087688387 -1.110476168291838 1.8789200349832393 -0.019802128473446885 -0.03644337532741189 0.4431544638682121 3.946144685198531 -0.017296997510037986 -0.0678528400485427 1.1550185360370984 3.030598434457106 -0.00971265240360248 -0.0893448517149969
1.973324631872328 2.2671808331325587 5.8238071971673095 1 -4.382940291558216 0.2620100113416495 -0.008544255296786707 -0.0038271603927123553 -3.656348339765478 -0.697654172262569 -0.0019605208549590154 -0.04661394086883677 -1.9583915124273314 2.635145223606088 -0.047460800330175384 -0.061813768464806414 -1.290295224640933 1.6541424835506944 -0.06023536352690194 -0.05313426162166597 0.37316983457342623 3.631858258194356 -0.00482030542650979 -0.051265921062068794 1.0648550210628986 2.702819286711002 -0.014517174993243124 -0.04276643908423281
1.8828573074693897 2.178673282165697 5.682961041586365 1 -4.346534824922573 0.22041668526945601 -0.010369218579300078 -0.03319890003588245 -3.6723208180088047 -0.8989770394893449 -0.017983577960639652 -0.04401688269515294 -2.077002057200049 2.461722894137319 -0.023853881251441087 -0.03101142563448635 -1.4155601866989462 1.4582479880787242 -0.02696988450604431 -0.04597668028160687 0.32309790711752306 3.399636605277684 -0.015886740013741123 -0.039742150804364204 0.9663922599853496 2.450804707004896 -0.023231870963142547 -0.062203000790072537
1.746376584130423 2.0598288766599038 5.492538776525394 1 -4.278087172786159 0.1186240507712415 0.03864350707057171 -0.0038133499255415745 -3.6679172455221782 -1.0633491206371186 0.022298242561038087 -0.022241109745006475 -2.07495122459129 2.3586056268859314 0.02692496712131224 -0.010087120741707006 -1.4618115931346716 1.2994122830549628 0.016830209771905254 -0.011827061750404818 0.3175533737590275 3.2254260078258286 -0.02246246526219945 -0.045299150042897765 0.8911967400272074 2.2276842041286473 -0.02861065639490168 -0.053314022179310465
1.70353089754338 2.0076803781331796 5.338111201844793 1 -4.216147259297357 0.006806093488225251 0.0026830337390349526 -0.025088636109322035 -3.6431895873309115 -1.1469047590643087 -0.0019662149846838735 -0.01420765723610548 -2.015417137174217 2.288596760932315 0.030027772390317713 -0.003555130542945816 -1.4156407715735533 1.2133102203704094 0.03324666934273107 -0.0006116044231988767 0.3510362486669196 3.0945904137078903 0.01047117163526996 -0.034128120788793334 0.8967703887928273 2.0626104792802833 -0.0009081317752131406 -0.015417845939597562
1.7947468849790678 2.0597663150020677 5.205375363512165 1 -4.150908620990993 -0.053767505868069776 0.03176902890291124 -0.0010620208532291422 -3.6558121025638557 -1.1827220905658888 -0.0028093614803758942 0.008360808231571887 -1.9484129048082393 2.2366597520682543 0.003901111104778438 0.004409155509866603 -1.3175851100802625 1.1792249087909443 0.023359647307620114 -0.01817748024712517 0.45698496874013905 3.0129393077199316 0.02529672744030252 -0.0035255740970033256 1.0061173229834397 1.9794621264437602 0.03543574370618402 -0.02002871098656657
1.8466713572063786 2.1330710084416578 5.144267119124216 1 -4.098065662589083 -0.06027375356793152 0.027963209681863326 0.009056678253835026 -3.7079622645812407 -1.196509978188914 0.004919970208961738 0.006095843002995608 -1.8435590817070233 2.2035208199680283 0.045129805721077526 0.002515588575706728 -1.1998007961273176 1.1761678404907268 0.04180794960330546 0.012606111269388917 0.6121445931802008 2.9669838372427417 0.058357085831492725 0.007769652134503081 1.1721722840499211 1.9602888386923487 0.05736068374163378 0.017989561837097136
1.9100174323812344 2.211429201402167 5.08430433344139 1 -4.059796871673928 -0.04079935020356784 0.016740167149086008 0.005804180534677671 -3.74988464615777 -1.1866034527430487 0.0017118626067680956 0.007679212219639493 -1.6900754939176004 2.160621912883658 0.007840853969109277 -0.03307842901517651 -1.0802953825935098 1.1531226132778105 -0.008355503187621446 -0.024649973623568154 0.7787058288585751 2.973243296622229 0.04766284851747398 0.01242359451784984 1.368417511662937 2.0054140452382136 0.044667914073676644 0.024491995504103952
1.9734316234487121 2.311152644849443 5.0423957349369894 1 -4.036790710656155 -0.02045315615617871 -0.013983986925129215 -0.0009525255782239844 -3.7758684367134805 -1.1668010093149432 -0.018551875471498766 0.0011549707456519078 -1.5206825966713176 2.07722178602971 0.04913739219140584 -0.011038447526633806 -0.9134584504086547 1.1081499275477373 0.056926191386380755 -0.0003878333829240438 0.9332496634790877 3.0275298965247774 0.0348747009506466 0.026467620838242594 1.5514449416504368 2.0904495859980896 0.04970842759967495 0.016545184157269143
2.027567882209633 2.3929561554732257 5.021476866224887 1 -4.011762494983085 -0.012140320665972815 -0.005267978705751752 -0.0032342469132659547 -3.7862640142643746 -1.1436055160496787 -0.008292786156061943 0.0052666110775015105 -1.3567921163190433 1.9515134317569953 0.028935728495694465 -0.03521266442078714 -0.7253777283263312 1.0209886710355565 0.027914547682860752 -0.02444630760768058 1.0582294536890613 3.080771916148697 0.03471372882314708 0.010742165003335531 1.7288164457825843 2.1875734771901785 0.03617388999585966 0.029751884537230065
2.0809317545067647 2.4464742476956447 5.000215269510604 1 -3.9946800153340543 -0.00886462613943162 0.01519467259661194 -0.006254304407879944 -3.784984279626514 -1.1214173299531984 0.004740240114307591 0.020624359901473144 -1.1691236242821463 1.8174763419721893 0.046986714958911865 -0.019354052247396246 -0.5354331511398898 0.9075765832644245 0.04517802233587986 -0.018536680975276845 1.164955872447936 3.1109462232142864 0.04134811408776803 0.022036586813052178 1.8699498759400885 2.2526449518363796 0.04121608391810822 0.027918874449878315
2.06869771103014 2.423342630982907 4.974223410790837 1 -3.979290775619632 0.012203942113653055 0.010750127827337008 -0.002107855574226868 -3.7841297299796146 -1.0846260928072804 0.0009457959861002571 0.02214673859545996 -0.9939198997026466 1.6929248916763462 0.02665844623676976 -0.027005539566282006 -0.3854879161753093 0.7735583535338035 0.02032949233062833 -0.0297940336597008 1.2430240227635068 3.1208879995465644 -0.005706497693636321 -0.020151707508592052 1.9644452248875837 2.2794696543922646 -0.004267685223929738 -0.011692418353063441
2.0153473338492947 2.3856345118526185 4.921816727779382 1 -3.9638408994733836 0.045484967037128454 -0.0019560816444878434 0.002523158973722402 -3.7847482900648073 -1.0374597919750028 -0.005161968408485191 0.011939950899250578 -0.8569783078941686 1.5817879651687194 0.005616846196304126 -0.026598028107707884 -0.27232162187646214 0.6523380108113712 0.008600742756368365 -0.0344105072595125 1.282428015491667 3.097432989080878 0.021195191177354293 -0.0032891449568420127 2.027626971175348 2.2762410079195594 0.017589670982086372 0.015582940956476828
2.036432249445832 2.419926902652727 4.807702500722181 1 -3.953518497924817 0.06330047429504115 0.0009325676053702787 0.005295051129790663 -3.7809828946786688 -1.0065979144820292 0.0030105664505779626 -0.002618258426421525 -0.7780794677366512 1.475939398078331 -0.0026673411733743393 -0.02505595370292743 -0.19293738736831667 0.5446698048003991 0.0028617269341745287 -0.03054269871820088 1.2940791684464852 3.0211144376691026 -0.01562831037028222 -0.03509790082825461 2.0811165523139286 2.2467792475734707 -0.0030093843574946315 -0.029007312722559162
2.119149139433001 2.5056284202683003 4.699894334398692 1 -3.9490102674760053 0.05165058549094925 0.008757987926244517 -0.0045822864348454275 -3.779706092543075 -1.0116016530663254 0.005919280110795031 -0.003582775698930762 -0.732006669273265 1.3758082562995182 -0.010694519077101056 -0.025089530931788746 -0.1506072508453622 0.4452076202108388 -0.0077585713705565044 -0.033700145674339564 1.321647667749259 2.918147694347639 0.01507419824197282 -0.03764892163836392 2.1381742296144424 2.1791976333946383 -0.004408022671207229 -0.008372042462629029
2.199487466961977 2.592118020671525 4.5938230055799565 1 -3.94161675557781 0.019522427312195445 -0.01366657079324035 -0.011095920021838433 -3.7902298396449403 -1.0542679451710504 -0.01799001107696767 -0.010205923083085773 -0.704631023869946 1.291625871581659 0.02130443757822005 0.0022604377700572616 -0.14733119774960812 0.34345436172081856 0.019625486257700227 -0.015251181009453833 1.3535149840270613 2.787295870236004 0.010854179495695913 -0.0268153055205338 2.1839684563990023 2.0631711072205148 0.0070995514647486015 -0.017511620279697375
2.2822920003442917 2.6672951697568 4.483008734538853 1 -3.924084064687247 -0.022591481169282113 0.016821354773299088 -0.009394658514491717 -3.811523024276822 -1.11315512452188 0.0054469241985472296 -0.009905102081449796 -0.6970592412872816 1.2140789805608763 0.019309306307811715 -0.006058984734481396 -0.17568372280448852 0.24834675759913072 0.010586387529868322 -0.006513717868736394 1.362557518340803 2.6496868201386117 -0.011348577174861636 -0.04219394317967668 2.215094858420957 1.9410102684899924 -0.004887077448805779 -0.03659341772549978
2.358330090932118 2.716554860021109 4.380965469439876 1 -3.914521266031174 -0.06679419435330769 -0.008869096831772984 -0.00403236491430272 -3.8379581560117035 -1.177077701506103 -0.011332550900966647 -0.019792557051464744 -0.7152582919351884 1.135497656082582 0.007050029877599574 -0.010837716805979534 -0.21004182707218622 0.15874288197550235 0.004389178382110515 -0.011111298442006045 1.3620784901967813 2.520386437048211 -0.016778742262340562 -0.051969733437356676 2.2216727477607643 1.841059264280692 -0.022321813450209924 -0.0307987793002669
2.3428758451849143 2.7224391672266686 4.301061029314903 1 -3.90859397915188 -0.11330358265506713 0.01629944495608756 -0.009094069366872449 -3.8576410117186253 -1.2348648272086011 0.008090355392656512 -0.010666268652779672 -0.7341927023557511 1.0517763297184843 0.0016085295966272554 -0.029254227080349974 -0.2346411433030111 0.07147489964198983 -0.010475841078593558 -0.006132638860077557 1.3211719616188997 2.4096860950616157 -0.030209144189975536 -0.04352516224564065 2.204201155097916 1.7655336774734258 -0.016787359204704318 -0.033184214399058394
2.347213653722802 2.7382644911023664 4.247323014814731 1 -3.902303485359541 -0.15801514564664565 -0.01540995128650584 -0.008361870749982037 -3.8827319782397396 -1.2882222459262367 -0.019981333842048327 -0.010153404851092864 -0.7485648003142624 0.957696995591264 0.009756639163906325 -0.03320702233725964 -0.24984250903690342 -0.028158955624627335 -0.0053086232058224825 -0.0015561585273808666 1.2565125257555394 2.3225501644869246 -0.021985032421799458 -0.032520520674617956 2.171006874951125 1.712276243918315 -0.018669340676959936 -0.02241273680979984
2.3878967907458986 2.7615786605065304 4.21985294362585 1 -3.8816845547634777 -0.19953721697144677 0.021518747884291114 -0.010757658268476461 -3.9144099890770576 -1.334555565417114 0.006181777760789736 -0.0061518805621883325 -0.7583648986473492 0.8554928485089217 -0.007436581476942671 -0.02402279669970476 -0.25327390952531914 -0.13898056934158354 -0.005526924226555513 -0.025713501176563104 1.2069348395866335 2.258195768649077 0.0019510179852459467 -0.0008787192091978535 2.1255876009419676 1.6608174037654764 -0.006403231912705098 0.0017793847487089995
2.3776094383115813 2.75464683095167 4.2065738219692905 1 -3.8648123656586804 -0.23652674669746276 -0.001635048004079832 -0.004900440138367721 -3.9494624492862385 -1.373339683491234 -0.009337785487941655 -0.009448394378548084 -0.7611874429575911 0.7459303033799554 0.02061185151422429 -0.014087892506643366 -0.2490752253263686 -0.24860444192004205 0.019156047115079792 -0.009363687736792073 1.1612155887851054 2.198446678792554 -0.0044884456882918825 -0.004855022002713365 2.0847729823177934 1.603760759429488 -0.004832749120137796 -0.0029264819351449214
2.359444791739221 2.746053540130282 4.186946939853186 1 -3.8580769641442947 -0.27109587827262893 -0.0036285474356083734 -0.004574657322553563 -3.9748824459246133 -1.4081353547784883 -0.008075998812686296 -0.008771347981173627 -0.7643343508487086 0.6335938814699924 0.00986557397533421 -0.013846817109196488 -0.2336784878009608 -0.3496179915209099 0.01622040965745037 -0.014933004085188032 1.1048076168487277 2.1384584985710715 -0.017451820540757498 -0.01894611574453595 2.045890805452154 1.568787723326715 -0.011227852879102872 -0.010906399735249525
2.3808170592625615 2.7614537890063557 4.164313319200656 1 -3.8491915210731387 -0.30779891555374417 0.009267412505895628 -0.009994284266669904 -3.9961875520916084 -1.438269674024661 0.0005368904489426278 -0.004373353132794029 -0.7725104034834875 0.5238321220640674 0.0016866144817355225 -0.01704124985579212 -0.21462963940155522 -0.44353583463016966 0.008480293100319357 -0.018786369534705805 1.0495205593494132 2.0956686392044173 -0.022262283640302395 -0.028392182811790276 2.0054837140972097 1.5592340452647262 -0.016436581079452107 -0.01951863907686375
2.3881739755803357 2.773372112436874 4.147371919238752 1 -3.83293042880357 -0.3479035721112609 0.012413640851778079 -0.02040205881065711 -4.026938111035674 -1.4648560897496554 0.003008214888795836 0.00685366077727094 -0.7671348614831017 0.4214607447132568 0.004692693337266199 -0.00992130640713058 -0.1969109237213047 -0.5311147544323347 0.01305601182812486 -0.02175439768223142 1.002669466991815 2.0543306269982997 -0.01736726488410057 -0.034358690724507805 1.9703106443089355 1.5436263561508956 -0.019770066855218954 -0.02173528288762205
2.3870903021152583 2.776701160199966 4.132913066704561 1 -3.812614727612477 -0.39394418571051515 0.011443994539421555 -0.010661640358525452 -4.060726735012448 -1.4936905462601922 -0.0005901281383431814 -0.008682274131807848 -0.7498505307447618 0.32731725011676693 0.022008197405218248 -0.006605818773191283 -0.1778548296007365 -0.6164201954076847 0.020570302231756144 -0.006779716964726228 0.9659197540050988 2.0081027971312677 0.008717531117881375 -0.013466015296028595 1.9428387103088136 1.5229432286581597 -0.023322194060310053 0.009500572742171573
2.408467911086177 2.7951386061195036 4.109782808077831 1 -3.8033513951174553 -0.44075835924412576 0.0004298068690472938 -0.0007028043478970085 -4.091059262982596 -1.5233841741695575 -0.009343229909402683 -0.015967088563386952 -0.7411522606225325 0.23804096521479767 0.008733283272345061 -0.012616645632986218 -0.1599115133489457 -0.6970741128965774 0.01003744451651041 -0.010166008915789813 0.9253595135492816 1.9650696082494097 0.007635081910228124 0.01713000489561425 1.9181083850716627 1.5070474405112964 -0.0004593272319092269 0.021964929072277477
2.429434460610186 2.8175221869639517 4.087899272921221 1 -3.803178303857794 -0.47969490997682396 -0.005008188914535534 -0.0030330657947510234 -4.113985132582518 -1.5498432439947551 -0.008510593218408162 -0.005959306848966091 -0.7448652194097152 0.15655992036641142 0.003933706620394144 -0.009462299130479721 -0.1476137864434408 -0.766004825037645 0.008259122805960306 -0.011488690214168228 0.8847318446134915 1.9152211263603043 -0.0032846020648464027 0.007493251528980452 1.8880824266321374 1.4873219030436493 0.0034175928776455497 0.007744081492791974
2.4402814584157597 2.8327441095777806 4.068804416006015 1 -3.801652235393239 -0.5069369258927536 0.004530837142338063 -0.0037846964814178454 -4.132945403642304 -1.5692273229925817 -0.0025173023801225375 -0.007010039520464273 -0.754229829602505 0.0824154979641254 0.008190216830029823 -0.02172817018926279 -0.15128392808669933 -0.8304181459828036 -0.007282065753513771 0.0014856362712258025 0.847118480760451 1.8603082731594438 0.004796299907528473 0.013670263947268354 1.8616277591119355 1.4590569886917648 -0.001832986511988095 0.016612538460970605
2.617826568351626 2.9324231843543997 3.9638947834060074 1 -3.8646737493503602 -0.6585175735651514 -0.029573221789075003 -0.04729768686378936 -4.159302733481045 -1.7012861304736453 -0.017692307975173807 -0.02902359194032335 -0.6809457085137578 -0.07648930459380376 0.025598076592985776 -0.03488832743968191 -0.11171717429963124 -0.9678343404830445 0.027502960898203314 -0.04652888993529842 1.0322000556735489 1.8475944017305346 0.06001084469083551 -0.008772157445248313 1.9375155754915339 1.4615962223929326 0.02593068951479495 0.01109323228755765
2.6809188879998125 2.9396659197710284 3.8111426553975725 1 -3.8874502923515473 -0.9470912945371214 -0.007524719140657532 -0.07462622594692424 -4.31672859724437 -1.8058328566433084 -0.04013200751483054 0.004910690436993239 -0.4830572181591757 -0.31974569501456196 0.037529785039233314 -0.054007204287078725 0.039782470166303874 -1.122851143211483 0.03409157486270399 -0.026280429483159538 1.3381032783424693 1.9679611841297975 0.02183268593923144 0.0356440388281352 2.169981395079337 1.7546822821126455 0.08025367857015235 0.07519120280511057
2.712486687360196 3.00641599830403 3.658684720634567 1 -3.955181498379312 -1.2238399178052322 -0.020030208100712855 -0.03619701363282632 -4.526040869356367 -1.866773595863843 -0.03024986845220987 -0.026342030607349534 -0.20991826881232978 -0.4998658480711251 0.0524075241897997 -0.018699148048555894 0.3173242884716059 -1.1755781218442733 0.06545207481622059 -0.008670168647251932 1.5217717016257293 2.1475818832559543 0.02067728215280635 0.040645701132601124 2.3551113485832937 2.117675714327834 0.03358317323758715 0.049929553576539075
2.807600837957661 3.1034575396551056 3.493190549335169 1 -4.059416691685223 -1.3539002524128192 -0.022391963440061523 -0.03353809520048361 -4.548140084402249 -1.9739455386904297 0.033500838881864996 0.004611018150500613 0.055601697329704436 -0.5705366446592608 0.06796635180491613 -0.030083525338710285 0.5797450437341096 -1.1557589186131458 0.016582461946819373 0.037428448138289584 1.605319400161627 2.336542497989115 0.039772852079192976 0.019270868262039297 2.4449666875254064 2.2813653006334564 -0.025667135644710886 0.019605574641988796
2.8348081315252416 3.1252884111977064 3.4131749987969005 1 -4.040394193529904 -1.378919624780374 0.002867561545740284 -0.01700047177821619 -4.459495527656125 -1.9906705626293841 0.04459290539160222 0.03522450115925137 0.2083974309184624 -0.5661945402727335 0.044421209809372086 -0.02536584651075487 0.738532158223574 -1.1281402031068763 -0.007848261925801911 0.037696536488003696 1.6399886870473477 2.385112327212231 0.04505068761046459 0.0003511275349335544 2.48271753470501 2.387691548529049 -0.043284032602779486 0.017464615385451313
2.8816359852139484 3.1123522522462412 3.381449732296341 1 -3.928617967436544 -1.3026153375331126 0.012319804030201985 0.0026413177092305864 -4.3411883034944685 -1.8844700922548698 0.04753785915286947 0.050084912885444144 0.2577521528358764 -0.5542474331143779 0.03159793079427884 -0.025167487252670234 0.8159096749653099 -1.119279802880941 -0.020463023043864072 0.030602967362470212 1.6618633743761366 2.386884884309815 0.04248604370416112 0.0026573869466716337 2.502742078746058 2.3948374356649103 -0.04531685279130392 -0.012805232775403769
2.896371434869944 3.0956993365902394 3.3669630649094944 1 -3.8153284192227757 -1.1444031298789976 0.006115320876363335 0.009466592408877293 -4.210388947183789 -1.758521551873248 0.04667681582149179 0.04780497934495275 0.27358491978615973 -0.5521002518476585 0.025903140036481802 -0.02699536895078679 0.8443052209701065 -1.139729096105173 -0.026110227043908932 0.023714128516700204 1.6639227050105996 2.3552639545663467 0.03826144713951988 -0.01762994998875571 2.5109431705599086 2.2950048709814257 -0.04735227066530108 -0.016759134196102633
2.86097335696037 3.1166029381895175 3.3522509666886404 1 -3.748293866657305 -0.9892743103228714 -0.0005355218511745828 0.002314745867390656 -4.103969916989324 -1.653603996666271 0.03415326423008951 0.04309348859898658 0.26095093134719693 -0.5797885295091119 0.02012061853060291 -0.0333516202053167 0.8494050660741364 -1.1832564415085542 -0.028851668637193496 0.018004448828648507 1.6570630648496847 2.2319198960077626 0.03742218707176575 -0.026067387487745983 2.515284302591744 2.2043614424904447 -0.04623580044412212 -0.017931489631332037
2.854754152279596 3.1170359576306788 3.322492776209163 1 -3.709545302562871 -0.8738410104038485 -0.0034097113527846567 -0.0059808273861025225 -4.0606897870841845 -1.5720842155551709 0.020845830888960498 0.03735091344884892 0.24796341971565194 -0.6377517503772565 0.02223375274751109 -0.037075512545407044 0.833536691441159 -1.2626717430100476 -0.03295324535577425 0.009736964093047355 1.6561973516707962 2.1269674115415684 0.03831585639607682 -0.020353438802658542 2.5223474546220297 2.0624288584549397 -0.04521712688821626 -0.028979118730900488
2.823438248987725 3.1397767334646214 3.2770586666307633 1 -3.6958024964941956 -0.7923331079828111 -0.006307007143706018 -0.011364595340138246 -4.052090995981515 -1.524279141879484 0.01758746418471631 0.02728253741095602 0.2403099886497877 -0.7170268696265523 0.018616061766364475 -0.04280302061084461 0.7999912921996399 -1.374189641493546 -0.03310532504933508 0.007258515397534995 1.6619600780234984 2.002396833437589 0.03934522135988539 -0.03208232598915031 2.5312664316889615 1.9146292521936528 -0.04408871696408203 -0.020342939696321973
2.7918033981284602 3.113895731520585 3.2180928952602037 1 -3.70392543029814 -0.7472920989380479 -0.007997375716379594 -0.0179023846028514 -4.0464363427927115 -1.5128596470406568 0.014828471177323652 0.02053345665345476 0.21962466418722038 -0.8218172790977477 0.017505255907782215 -0.0461904177515508 0.7685463936677506 -1.4946933700556226 -0.031506431658626585 0.006577071101926169 1.675787511846246 1.8510977061849516 0.04060977405952225 -0.02846334359739274 2.5446197781624127 1.7894156475762282 -0.04389842248376881 -0.023796823564281956
2.776104462084342 3.088314331068855 3.153797678128392 1 -3.7086646049855236 -0.7431127746780158 -0.0037968144288561996 -0.02552001115541366 -4.054906864854627 -1.518210966944265 0.012097987177826517 0.01763646066076121 0.22068927151855888 -0.9249160588533349 0.021806048770884767 -0.04483297967872849 0.7366369523590288 -1.6262203171103722 -0.029873603188059622 0.0062523344501905845 1.6905709334883063 1.7326886057600253 0.04027744826385521 -0.024723977536139884 2.553826099613569 1.6323861233941135 -0.045335544742873296 -0.02568000114583288
2.6310659827160374 2.9985496572175583 3.1757145215292306 -1 -3.7279043727137005 -0.6938222766979952 0.0011249202215684873 0.030508191086435637 -3.956985340256594 -1.5879396355708109 0.041399725702143716 -0.02605522974033458 0.3378289253819817 -0.8057441626402764 0.021794998138007445 0.020299039983032445 0.4109922597537041 -1.806409640882023 -0.09863703654919025 0.0011834999221017467 1.5603041568751062 1.6045357541979115 -0.029036098227731975 -0.04732150010615275 2.4677145081161624 1.473340480148873 -0.04685921649277707 -0.03838787828565605
2.5743918979321685 3.052332634201895 3.226314145141739 -1 -3.723302966432423 -0.5391614163599854 -0.0013392133442244923 0.03971808841784412 -3.775878504184376 -1.565389271250106 0.00978754315244545 0.02705639264094186 0.25321485863987636 -0.6638363611263873 -0.07352857312571677 0.022474158157536655 0.09240358584283559 -1.7563239698794777 -0.05991273778486489 0.026401882477672788 1.3526228431517273 1.3330652326825239 -0.01213122647532779 -0.053512624806540725 2.3909289564895513 1.1890668350954172 -0.026741274420893822 -0.06414186839991011
2.6376884274077255 3.048326024973939 3.1457620642014215 1 -3.762287602845532 -0.35982969529087205 -0.00933564062182909 0.045513548816692194 -3.8319580115205816 -1.3745854400427038 -0.030133682194021308 0.030591328697706813 -0.07805213372211295 -0.5810898171677654 -0.061605910170805064 0.0043272670253300186 -0.044174462662637026 -1.6466286130759211 -0.033472299077309045 0.03236929718827874 1.313908007692759 1.0626686438497317 0.0046146543289328785 -0.036781337679815646 2.3609649233719514 0.7673180799534507 0.004603544375922226 -0.07751814655344823
2.446284857571414 2.867568094561229 3.0834289814779776 1 -3.8121451368777968 -0.14271508144896572 -0.018101129969496657 0.051886466553170245 -3.9542950553843785 -1.2373453295218309 -0.02215217763492686 0.016368371781822134 -0.3230817334614553 -0.4823647165167798 -0.03251539318496759 0.009063264272781297 -0.2608051558475104 -1.570747822078275 -0.06475120490560218 0.032839796938186214 1.3167420589131886 0.7653686338596986 -0.01254160784757288 -0.08865373898176518 2.338452560450772 0.33677359108364957 -0.017452500816938988 -0.09148448255709205
2.335886243718402 2.7557301168335337 2.997604168634864 1 -3.918137935992798 0.0736088209396637 -0.020162041771991532 0.03641258205615244 -3.9530546163465416 -1.1422517542790396 0.023236064286698388 0.022884604212405287 -0.4340910587886011 -0.3916702317038385 0.0021725824934149826 0.007592977860348104 -0.6343478323343148 -1.4806308773060344 -0.05972117357190446 0.01686176483372916 1.3204599061530224 0.5267114700894522 0.016935403022302696 -0.04758910243021826 2.276935028861147 0.010873662344933033 -0.03381961949638593 -0.04632183298909731
2.380268088904064 2.7477823355635635 2.9039410427078307 1 -4.07040264730525 0.25680636615269936 -0.039328292973820206 0.0315492120584059 -3.9023369173359614 -1.0048690977015398 -0.024395593273471544 0.034239325246871156 -0.4776342192699934 -0.39485076581474365 -0.03133199765801727 -0.010497099516950718 -0.9292251643692806 -1.4292731118787552 -0.05274299248956572 0.013723187674637488 1.2826754353358627 0.33724810658205606 0.014621084433156153 -0.02726292297482469 2.1947003404988834 -0.23408180839907566 -0.043607022121290515 -0.03174376054874412
2.3067026884169852 2.674056355089391 2.8286163987283675 1 -4.189446897965721 0.39723548642629725 -0.0038022415008080093 0.02250700024550766 -3.8892057675841594 -0.8150071255260829 0.024471004695416826 0.04481822463070062 -0.5546371075347358 -0.4431529812995927 0.01005419391210924 -0.019294273251379092 -1.0439849867442978 -1.4577758753461545 0.0029343577655158142 -0.0077285848715363875 1.2569122487111954 0.14043031352116842 0.005449139980047514 -0.03138297131434374 2.139650239832462 -0.44121209241536463 -0.007582663568641866 -0.03009056740948442
2.192659010282014 2.565800456711349 2.7366532725383848 1 -4.287669467162433 0.46872745284425354 -0.034059923318189 0.007210768185149343 -3.873946898760612 -0.6508513139590105 -0.010055115766064056 0.017706241622196396 -0.5865354597895687 -0.4699843383596557 0.02158996143163698 -0.012045770732593268 -1.1055473371027054 -1.4474332419157876 -0.0002863865115907524 0.01002680063481597 1.2539994329941138 -0.03714067106790919 0.014446178080658088 -0.019232577693819287 2.120669276762288 -0.6479436241220713 0.0022075255697183507 -0.02605872858635766
2.0417275854075445 2.3279591428035804 2.6820711367256997 1 -4.354328873908848 0.4955773051603056 -0.0029468885557749278 0.0038101820607087658 -3.857011612974784 -0.5292473971462601 0.015293099830965978 0.02783898330749298 -0.6405792045173899 -0.3908361307693641 -0.0060150180969963584 0.03033225870769756 -1.0434320852181553 -1.457193372519169 0.011937710866980918 -0.01822396265829849 1.2523766137750396 -0.1353641483231638 0.011220834872112145 0.00558538060247539 2.071061483043696 -0.8625628530317825 -0.012875571904401154 -0.03445630221327545
1.5979331558135221 1.8948182386877788 2.7354896640951845 1 -4.406523640759561 0.5012227651004479 -0.017683843349639978 -0.005350699665663294 -3.844339563872089 -0.4505243689778632 -0.022109068764981324 0.000961963281472248 -0.6808413993081275 -0.30958785426023205 0.004275853704078035 0.005459288393840335 -1.0172698399068052 -1.4360521513801983 0.003008984172474277 0.01674301904810418 1.195814965699924 -0.13996266316099903 0.005573372687592915 0.007948945479086068 1.9339752133681305 -1.0521495388182516 -0.04249083804920678 -0.0003630714465213481
1.2688765730169433 1.4821518416590158 2.785960880291298 1 -4.439638465751233 0.5311776260922463 -0.010548399752995714 0.01554703901368794 -3.8691283732708195 -0.4240330059923789 -0.01738147703533554 -0.007635936799662695 -0.7082861634612474 -0.24337027015503387 -0.028008617519517325 0.015265482585847485 -1.11623876798269 -1.3516859312046117 -0.03122177220856112 0.027055829355278553 1.1153211180102733 -0.06300206620983151 -0.01635849952706648 0.027753823171644078 1.820686183462712 -1.0287767906479444 -0.007157510400034782 0.006069008773572592
1.1075158678689376 1.2441169588964553 2.523884615184254 1 -4.460507383567833 0.6075456324158146 -0.0158527655429245 0.009881717259128677 -3.940739904561576 -0.43331693330254994 -0.03503002743593285 -0.011744680820020201 -0.7839793576974521 -0.16302791662594474 -0.03871094217205324 0.021997195346919286 -1.207204745706898 -1.2823580642502401 -0.029973324295754434 0.016294404293837415 1.150972406628287 0.05214692006754551 0.03171460194823206 0.02428063905297549 1.7462695908568486 -0.9712959135864697 -0.007336698217592447 0.013454102320654547
1.0083339742082058 1.0765514028967562 2.2698413478698343 1 -4.4945963235772535 0.6577320533314666 -0.02120751180147298 -0.002535914247710893 -3.978209803724737 -0.42465523248101533 -0.021569532848476305 -0.0056644263888053666 -0.8601952129537906 -0.09784008467392735 -0.028843672887668457 0.01678473443189416 -1.2240197274180287 -1.240736108910066 -0.009087890767776566 0.011697292664112565 1.2757370932709904 0.1300650974621984 0.04036116033698725 0.018192657377550495 1.6738760777744561 -0.9326254809876712 0.0023722430563858296 0.012501066623560216
0.8640476247122149 0.8641846399299696 2.02983657455374 1 -4.55898319169469 0.6418390115284514 -0.010751315174165344 -0.012468867102218083 -3.965340931758666 -0.38715415606352455 -0.0018690398925610904 0.00886541913781258 -0.8901261664691842 -0.03064482121553036 -0.027859908723369547 0.022337293673953575 -1.1666002636748831 -1.176689235555023 -0.00503328706888212 0.02431916372460178 1.412130709743403 0.2127532911902148 0.0020419749386249506 0.010429195087180558 1.6573999889554205 -0.8747945657854463 -0.024659691151529533 0.013808754853693794
0.6874703834963273 0.625893220617822 1.814247559645606 1 -4.596983055980407 0.6227718576081107 -0.012816044340991685 -0.009281728838847862 -3.947196844686361 -0.35685764561721456 -0.013892754469484667 -0.0056570781994665755 -0.8600750855322676 0.08737604280761735 0.0016504126037297003 0.028053329569412713 -1.0740047105583552 -1.0521026718643518 0.013273832170851861 0.035470908464625854 1.5669308429850908 0.3198624188004897 0.014449833048630572 0.021506073636133133 1.6982659817876957 -0.7889006858017008 -0.006240859961044237 0.01477221428219861
0.5500928854686511 0.4332383214055975 1.657281960312617 1 -4.585856714443139 0.6207762485164823 0.017900517024643656 -0.0019119273894807757 -3.9462736687050324 -0.346158444995483 0.003292804294577593 0.008949813754180422 -0.7850652204358952 0.2554665956086819 0.014864189954941952 0.047387589221275526 -0.9687924065126596 -0.8709571103804223 0.015933045844593256 0.028319815834222245 1.7471336678457536 0.41121131298851576 0.05961013859617793 0.012726691680879762 1.7628800261760542 -0.7075806952829862 0.03631262696583852 0.014638702621788246
0.44497030227009104 0.28160882786869557 1.5359482202536534 1 -4.547157568298223 0.6033437025961499 0.012365835852282014 -0.010472129219631306 -3.9322354405842797 -0.36016903456969596 0.005139295559733316 -0.001622432636870937 -0.7049624408384552 0.4470427149231697 0.03499100792381077 0.03259690272437967 -0.8674668651968394 -0.6740271798136619 0.038247048492915645 0.03983676430198329 1.941099129946192 0.4578005538052201 0.021315580336450892 0.00689976406239448 1.8261761644897714 -0.6451810391643021 -0.007184613275842652 0.013506899726248394
0.34483014551234875 0.13020495156918702 1.4248496254145304 1 -4.516518441765165 0.5471650612828998 0.01677036704797138 -0.022509002745472996 -3.878344186915002 -0.4000367689141352 0.01507034378992416 0.00027464469190135316 -0.6266228211466691 0.6349958016733299 -0.010851907028710736 0.035197021070785185 -0.7596906614948868 -0.47960293276474275 -4.714969549319929e-05 0.04653155414584452 2.132438086242998 0.46877908796317946 0.04619833552613872 0.002036958739512201 1.8987191815462099 -0.6021590423790557 0.025794437370077215 0.0014171167986143998
0.2625771934580455 0.008734155723120413 1.349067341512485 1 -4.470643557213956 0.4765394318296372 0.009770867938194787 -0.015441057626466321 -3.8076749128780816 -0.4579830231989701 0.006140623417905373 -0.01618546012052062 -0.5439077075431165 0.8172927168707012 0.0316912597091056 0.03282428624458603 -0.6376974819305286 -0.282956166938381 0.038899868934034645 0.039330332253993044 2.29073874193808 0.4678457909094278 0.026733771640487913 -0.014695799304183462 1.9574589307541945 -0.5655016567307014 0.012795277409822073 0.016640720213857464
0.17894965985735245 0.10694928933176527 1.1765910853453736 -1 -4.38659231992624 0.41908209197429747 0.00907128203598307 -0.011594235816667402 -3.7692510613597934 -0.5219570715365291 -0.002991149654552467 -0.021443550565027798 -0.46339805559957004 0.9955732148957577 0.00675473902943983 0.033058727810377025 -0.5313198674604771 -0.0941606662601685 0.009601765731273477 0.03815544124384515 2.431656762295911 0.452278696539981 0.012178901605791805 0.0016239902772174283 1.9945779000792037 -0.5419921195499433 -0.010326387029889871 0.011423096846658827
0.06438878166465069 0.2562190197841579 0.7608318262484052 -1 -4.317245611768872 0.4612569481358477 0.00035769070969291807 0.018406703593632553 -3.83960611152465 -0.49935796328020865 -0.01659289647430222 0.01636060467757955 -0.36706230332484147 1.1823743959351143 0.020190306635083203 0.05187519447373665 -0.43687764697578846 0.12017894156617492 0.02122767701839688 0.03620475566591377 2.6004293138398404 0.4523921566134752 0.047489081724344205 -0.029397633330941513 2.1694691229545207 -0.44689857021003154 0.0727142694999643 0.03663122759372114
0.06934675874162208 0.34206244333514557 0.292786283131637 -1 -4.410004795433446 0.49982312315502697 -0.03908240090160002 -0.006003734778914463 -3.843401054001275 -0.33861348765005295 -0.0027246043994526067 0.03532287323292271 -0.24153076438035725 1.3517041585564007 0.03341975297114885 0.011407978992096685 -0.2757899252095344 0.36800605726364966 0.041825644633338405 0.06312791681053814 2.9982396745002813 0.3531148896924825 0.08676185069594239 -0.06260010324317059 2.4832451955646517 -0.40156949583521295 0.08943578833670945 0.004869806185373551
7.851603 0.5826459 7.7843647 2.4633884 6.1797233 6.583662 -0.108498454 0.5286746 2.8156848 1.1434121 7.321836 0.79176116 2.4438066 1.2440366 2.0270677 5.8490415
7.878865 0.4854617 7.789893 2.5206182 6.1265306 6.973139 0.3290857 1.0680661 3.0226912 1.1846147 7.211239 0.83998835 2.3841832 1.2838727 2.0732079 5.937133
10.285901 0.12619495 6.7344656 2.5521538 6.411596 7.8120303 1.1890899 2.1721537 3.5271163 1.1901829 7.126874 0.6655804 2.2616951 1.3229408 2.1106858 5.772478
10.285513 0.16424656 6.6171436 2.5223546 6.4842224 7.784603 1.0976481 2.0223312 3.4716551 1.186421 7.154029 0.5973846 2.2560158 1.3151011 2.0846949 5.6656256
10.387913 -0.039438725 6.8116603 2.643381 6.2150354 7.9433537 1.6221902 3.1059818 3.6796014 1.23314 7.0267687 0.7413658 2.2058163 1.3641489 2.1640778 5.877174
10.214853 -0.43439245 7.1566057 2.9811366 5.890113 7.1024814 0.8247489 5.846928 4.707142 1.2157917 6.4645104 0.5283152 1.2498412 1.3589928 2.3936028 5.1573763
10.10955 -0.41452885 7.242481 3.059503 5.903227 6.6985073 0.26295888 6.315531 4.9948463 1.1843733 6.333752 0.42345405 0.8998207 1.3302236 2.456243 4.816779
10.011638 3.693251 7.5582304 3.6506958 7.076435 4.6880436 -0.3813389 8.228929 3.5079746 1.1403676 6.964651 1.4934229 -1.0726993 1.0909812 2.8085275 3.2337918
9.903118 3.4729712 7.6292143 3.6314168 7.087027 4.698883 -0.4609722 8.121278 3.4757407 1.130792 6.898779 1.454676 -1.0532342 1.0949436 2.79711 3.2511826
9.927994 3.7261932 7.5867386 3.6557608 7.10523 4.676143 -0.39186037 8.225834 3.451387 1.1406232 6.965044 1.5142787 -1.0972075 1.0893941 2.811485 3.2243505
9.867998 3.7480516 7.59161 3.6588826 7.097517 4.6847696 -0.38251352 8.240855 3.4561918 1.1443292 6.9702654 1.5197787 -1.0991496 1.0905333 2.8134449 3.2293777
9.622994 3.3460922 7.622775 3.6231527 6.951671 4.841406 -0.42596573 8.186098 3.6892726 1.1512414 6.89002 1.3946371 -0.9813692 1.1125846 2.7949452 3.3333635
9.08442 0.891278 7.6703453 3.3680174 6.2073774 5.6057177 -0.6889584 7.5647078 4.8835144 1.1554034 6.3359356 0.64994276 -0.20609277 1.2304914 2.6572595 3.924736
7.8949223 -0.26384258 7.7889395 2.8827727 5.6022944 7.686974 1.6763133 4.7312217 3.8915145 1.3394825 6.6862736 0.87509966 1.8283411 1.4324248 2.2918284 5.8995676
7.345488 -0.09373188 7.923805 2.797622 5.268944 7.7632966 2.2042794 4.036981 3.6903446 1.3898637 7.1403255 1.0083228 2.2031054 1.4570235 2.2304685 6.203294
9.317398 -0.103302956 6.956883 2.6054964 5.8466697 7.3304377 1.5167657 2.7696757 3.2938888 1.2201033 7.2371297 0.8198683 2.3703647 1.3474333 2.11716 5.9342356
9.785563 0.7273638 0.78626657 2.7356477 1.5522456 5.2025537 4.069154 1.8190867 3.690383 1.4872465 7.499856 1.1833797 3.5904577 1.3737807 2.235477 3.7536578
9.935091 0.8913646 0.908394 2.713312 1.4393759 5.2163954 3.7833343 1.9620504 3.612222 1.472353 7.039466 0.94776905 3.670433 1.3522685 2.260553 3.346005
10.894615 3.496419 1.3530953 3.001935 1.9650083 3.8953147 3.5544882 2.2911737 1.7240344 1.4712815 5.642879 1.6610467 2.9758463 1.2489165 2.4217172 2.349082
10.548458 2.8825152 1.0647662 3.0237525 2.140613 3.9942784 4.2009554 1.9513396 1.9544933 1.5081134 6.623081 2.1276221 2.9012623 1.308954 2.3427482 3.3366375
10.4596405 2.77421 1.0080541 3.0298471 2.1901228 3.9996295 4.3475275 1.8828547 2.0015922 1.5146236 6.8312397 2.2373435 2.870781 1.3209157 2.3288136 3.5387573
10.307369 2.5157373 0.9205085 3.0221045 2.2335083 4.0646076 4.540367 1.7835139 2.1433146 1.521177 7.161989 2.34166 2.8631 1.3398055 2.3033595 3.8326912
10.253683 2.4976625 0.89449716 3.0291371 2.271195 4.052624 4.618026 1.7530456 2.1417603 1.5243347 7.279376 2.4108474 2.8353367 1.3439199 2.2979317 3.9279094
10.176177 2.411638 0.8747008 3.016128 2.2831783 4.1116796 4.6278887 1.7503288 2.1878886 1.520222 7.445078 2.3925133 2.8458622 1.3423223 2.2891686 3.962307
10.156515 2.5153618 0.8962214 3.013484 2.3334918 4.1233077 4.6358323 1.8010929 2.1189976 1.5120065 7.535018 2.3981318 2.8134341 1.3305995 2.2943947 3.8850517
10.149261 2.981892 1.177336 2.8921676 2.5545597 4.5143547 4.086483 2.3181367 1.7322247 1.4018576 8.045779 1.8704797 2.7825136 1.2030649 2.3311994 2.7690325
10.154843 2.8631272 1.6172647 2.761891 3.4399781 4.819829 3.203267 2.3860035 0.7697934 1.2035292 8.659691 1.5029128 2.417212 1.0464277 2.341096 1.6791358
10.157749 2.704726 1.7301716 2.7416043 3.7225049 4.830425 2.9718628 2.2806132 0.48357743 1.1531372 8.7052965 1.478599 2.286373 1.0171398 2.3382995 1.5095072
10.122957 2.6541312 1.770582 2.7352295 3.855833 4.8196526 2.840428 2.213706 0.35343784 1.1302551 8.769296 1.4584436 2.225899 1.001184 2.3383033 1.4288378
9.923308 2.9310555 1.710824 2.7524776 3.921343 4.7683067 2.7242508 2.187813 0.3010546 1.126366 9.210361 1.4133326 2.1892617 0.9722847 2.351372 1.3358588
9.673739 3.1649265 1.6604083 2.7666447 3.9680512 4.7324 2.6410456 2.1531353 0.2881257 1.1252934 9.628752 1.3700498 2.1621404 0.94916904 2.3639853 1.2715158
9.168348 3.370636 1.6906035 2.7860672 3.9934552 4.693727 2.5683641 2.0974603 0.26948172 1.129986 10.035942 1.3376255 2.1226203 0.93151236 2.3800344 1.2287621
8.313971 3.5118763 1.8740643 2.8151875 3.8500519 4.6892715 2.6222262 2.1335373 0.29148465 1.1622667 10.247288 1.3526967 2.1157146 0.9386419 2.3942401 1.2727904
0.8038969 3.7580159 4.4595633 3.0473986 2.6016827 4.109643 2.5619252 2.364118 -0.34259635 1.408344 10.129433 1.6657817 1.9843938 1.0504276 2.4464626 1.683847
0.8796544 4.6323457 4.50813 2.9978623 2.350916 2.9726732 2.095086 2.9208632 -0.7844954 1.3812227 10.060265 1.5885372 2.2722354 0.98233235 2.3350909 1.5629611
0.6436558 3.9432392 4.4184084 3.0156722 2.6830673 3.9272065 2.3602185 2.230472 -0.48328876 1.3760251 10.077829 1.6168278 1.9964453 1.0210508 2.4216948 1.6036968
0.6128559 4.016981 4.4144506 3.0111125 2.6665547 3.9019241 2.353835 2.2583666 -0.48282236 1.37585 10.089293 1.6097403 2.0145898 1.0172069 2.4163215 1.6028881
0.57949877 4.1008353 4.4014153 3.007558 2.629897 3.8929121 2.377418 2.3004212 -0.45569366 1.3796607 10.119965 1.6051093 2.040138 1.0154328 2.4123447 1.6108136
0.5334568 4.306639 4.351485 3.0018659 2.5096335 3.8821573 2.47429 2.4321296 -0.35641694 1.3948152 10.2337475 1.5979028 2.1137896 1.014367 2.4043834 1.6422691
0.56945944 4.3793488 4.283152 3.006807 2.4061117 3.923932 2.6011686 2.5468733 -0.24157536 1.4125504 10.3287525 1.60164 2.161689 1.0213199 2.4061947 1.680953
0.6381631 4.462633 4.191393 3.0107124 2.2865994 3.9903708 2.763184 2.6597252 -0.087420106 1.4336836 10.450466 1.6077158 2.2190516 1.0302551 2.4099069 1.7279797
0.43901348 4.820499 4.2986484 2.9841654 2.348324 3.7262988 2.4896612 2.7759078 -0.3257239 1.4036933 10.309193 1.5458629 2.2514873 0.9934958 2.3687694 1.6589227
0.074138165 6.3062534 4.3974924 2.9142582 2.4065995 3.1257272 1.9231796 3.6734781 -0.84727675 1.3320453 9.8161125 1.2876856 2.4386976 0.88191473 2.2360096 1.5069675
-0.64300156 8.847189 4.45671 2.7494907 2.5503793 3.0491343 1.8088808 4.636141 -1.0424638 1.2374234 8.5432 0.96913075 2.6731977 0.7558148 2.1077485 1.3079724
-0.69224644 9.6351795 4.5266123 2.6772401 2.4966407 2.9886568 2.0147855 4.6434207 -0.92340994 1.2275815 7.702522 0.9871874 2.7882044 0.75151503 2.0972388 1.256959
-0.7376628 10.979517 4.614831 2.4673824 1.9225192 3.2978263 2.2703161 3.6598418 -0.492386 1.1956421 4.8689613 1.295433 2.6333485 0.7799356 2.05617 1.9026437
-0.98267746 10.966481 4.6509814 2.3995059 1.7391157 3.4476614 2.088976 3.492106 -0.6383469 1.1348134 4.9877963 1.3211368 2.3501384 0.74440515 1.99478 2.2594557
-0.38698196 10.969599 4.6129365 2.6032717 2.1023643 3.231836 2.5777593 4.237064 -0.32326475 1.2931843 4.001035 1.3246942 2.8919482 0.8559861 2.147116 1.6178207
-1.5167241 11.730196 3.188432 2.9864526 4.7055645 7.3612094 2.1049292 5.368326 0.6425168 1.4789011 1.6684074 1.6538821 2.1519816 0.9521667 2.4483602 2.1487975
-2.1547499 10.818383 2.8467166 2.954264 6.127079 9.169177 0.5150099 4.1466475 -0.40588027 1.2353145 -2.2545333 1.9399546 0.62492466 0.90421915 2.436398 2.874539
-2.4505744 11.486208 2.2253377 2.7057424 5.010581 9.710338 0.38154328 3.2658587 -0.120290756 1.1598798 -1.8688078 1.6600355 0.75224626 0.76842797 2.2802403 3.049973
-2.182621 10.785717 1.1969402 2.2322311 3.386527 10.752241 -0.36707294 2.0589218 -0.93310934 0.83076835 -2.9881968 0.8068906 0.6714844 0.43428957 1.9763255 2.3076243
-2.352522 10.163799 0.6684375 2.0139022 2.5955625 11.44993 0.030290723 2.1355586 0.09027839 0.83734596 -1.9646096 0.3304602 1.1777761 0.4401201 1.8473482 2.6665106
-2.4648252 6.874505 0.50380826 1.6723185 2.1408513 12.4639845 -0.12545633 1.7972763 1.8083525 0.80955446 -1.7934289 -0.59632707 1.9520123 0.5970603 1.6623075 3.518611
0.62083864 -0.48872995 1.9261818 1.5624586 0.70557976 12.623841 3.4920297 5.672455 1.7142539 0.9065925 1.0222254 0.667706 1.8313777 0.9520408 1.681936 3.5923262
0.49013948 -0.645102 2.1351528 1.5293729 1.080751 13.006333 3.5443382 6.0161324 1.4430366 0.86149645 1.8100591 0.7873993 1.6492906 0.9183798 1.6616703 3.5203414
0.4117651 -0.5431342 1.8268926 1.4662008 0.592536 13.075365 3.524218 5.8559084 1.519458 0.8342447 1.7480073 0.59756434 1.6924317 0.871287 1.6171552 3.5215273
0.72163296 -0.74003935 1.8329587 1.1532433 0.4909215 13.453694 3.761559 4.995284 1.1691973 0.6938211 2.7155824 0.8547269 1.2720002 0.8149675 1.3665276 4.5210285
0.47556734 -0.50433636 1.8468907 1.0931052 0.60088634 13.368387 3.4829075 4.3165574 1.2471477 0.6637149 2.9995303 0.8772894 1.1352582 0.8080236 1.3231945 4.942997
0.62559986 -0.061918736 1.4478334 0.74345326 1.0307479 13.391643 3.7192304 1.8866014 1.7135924 0.60549927 5.3165846 1.0205003 1.2520179 0.7729274 1.1341367 5.8033643
-1.0554543 2.7016158 -0.03200674 0.6404356 2.3893456 13.2734785 2.8558948 0.3312397 2.8721857 0.5504668 7.503723 0.5257317 1.2698436 0.75079405 0.8491918 7.994419
-0.8426385 1.5633056 0.8300272 0.90331376 4.728262 12.083492 5.179957 -0.28133225 2.7297068 0.7729844 8.801489 2.4267008 0.37093264 1.1722151 0.7544626 11.694039
-0.21196938 1.6390431 0.8352473 1.0137515 6.0103254 11.407852 4.930407 -0.2562647 3.333781 0.86132395 10.954679 2.9411807 0.66375667 1.3308494 0.8128054 11.862173
-2.742827 -0.91371155 2.4721794 0.5237168 2.3570921 12.648554 9.753849 -1.3914945 1.0776237 0.7912048 8.672704 1.4319443 -1.5765057 0.96276677 0.92983174 12.618513
-1.4939137 0.5832567 1.1930236 0.50816894 2.5411384 13.536898 7.820117 0.30962586 0.22208661 0.7719133 10.182577 1.263976 -1.3382715 1.0721185 0.6990497 13.696661
0.28049517 2.29155 1.3641496 0.82077694 1.1913371 8.208969 8.310914 0.018758059 -2.7783768 1.0987003 11.664829 2.6792645 0.2292791 1.3468673 1.1098709 14.397461
1.3500595 2.0515988 0.50549936 1.0709115 -0.4175396 2.8210344 4.228761 -0.9476507 -4.111148 1.0785496 14.490222 2.975764 1.731574 1.2774727 1.0204793 14.216882
0
0
0
0
0
0
0
0
0
0
0
0
0
0
0
0
0
0
0
0
0
0
0
0
0
0
0
0
0
0
0
0
10
10
10
10
10
10
10
10
10
10
10
10
1
1
1
1
1
1
1
1
5
5
5
5
5
5
5
5
5
5
5
5
15
15
15
