59
1.7980969856623794 1.8522602086394595 4.939524268591056 1 -4.05 0.3400000000000001 0.0 0.0 -3.61 -0.55 0.0 0.0 -0.4800000000000004 2.13 0.0 0.0 -0.03000000000000025 1.2400000000000002 0.0 0.0 2.2 3.4800000000000004 0.0 0.0 2.6500000000000004 2.58 0.0 0.0
1.658323147709676 1.9297798587981088 4.91904948246259 1 -3.9837614253334843 0.374543870725661 0.03434192447128125 0.014614247677563374 -3.6251065250514563 -0.5795060968767565 0.0018282281685112064 -0.01416735822336661 -0.48191835998812316 2.130219257076401 0.0016712086143655424 -0.004573586156818016 -0.028740380043165814 1.2428852123784986 -0.002214191890491439 0.005521135713481477 2.1433932939750875 3.4693885191824263 -0.025669798293706907 -0.01330523712216771 2.631160816641075 2.5502184472460026 -0.01202282771707979 -0.008415286990139726
1.7418843230957652 2.141936241500758 4.8447207173837175 1 -3.8414669695923043 0.3621152342916616 0.015747809220543828 -0.02687894677011244 -3.630628861981875 -0.6615913577535264 -0.009125209196774689 -0.004430639634745953 -0.5107000083911672 2.135220649383029 -0.008941505073446175 -0.0027192259668565467 -0.03791493081018693 1.2248252269450255 -0.006094473536347011 -0.00434967007384145 1.9732495898850857 3.3793451875580196 -0.028217349569810753 -0.03025965196963146 2.55155161977204 2.435636114362182 -0.0234017114219581 -0.027757063438862424
1.9479219612527543 2.3073447437984793 4.7211249267677875 1 -3.8294499233797703 0.26394454554734526 -0.009569121673697752 -0.021858862428253387 -3.6123223823181885 -0.7109276523000554 0.0008515896926829937 0.0016465917085167047 -0.5874623643358396 2.1229238274849123 -0.017792343430311906 -0.008163693478155983 -0.08440280391907873 1.1633027169326229 -0.015224964388621056 -0.014254036960462995 1.8621290845276066 3.220068696446706 -0.017030668954672656 -0.03656797863412481 2.417584941807169 2.2370470966889062 -0.0302551861088671 -0.040546886418938825
1.960143621772113 2.3027915961894037 4.6066167169595555 1 -3.903682717338023 0.21737412424142044 -0.01266145870443974 -0.004613069849169753 -3.586814582890276 -0.7350482220582021 0.004104532936494562 -0.004734539081142608 -0.7013478135332041 2.061087095247113 -0.04441380657353189 -0.02275904211882756 -0.18939246936089482 1.0723930736976883 -0.04160778657131938 -0.030632083822544218 1.7481463143510165 3.04948021854325 0.0050078105996735865 -0.02332636570428971 2.2741674514997348 2.0331857188837774 -0.004677864950716301 -0.011900359398147022
1.9492421835169826 2.2747384231615935 4.559896347798118 1 -3.9561275449673126 0.20280705147943046 0.00375124989149778 0.00045777684681254285 -3.5997257158930016 -0.8032082870856827 -0.0001898435203517672 -0.02030154777905714 -0.8577116552182473 1.960580495405381 -0.011322013756691063 -0.014462987386713913 -0.3402855232213202 0.966926540604027 -0.011895392448829114 -0.008786720576421676 1.6058927710694375 2.8948793562134045 -0.054147568173161464 -0.04002780583487584 2.166273453549941 1.9174449720521785 -0.03607748075123432 -0.024878155473284473
1.973284952930766 2.303652319225272 4.5754265973187636 1 -3.953461388109514 0.17541322830705042 0.000649617099920537 -0.011073890047105479 -3.6561510875843024 -0.9379161665356334 -0.016177167794954206 -0.028249745502734982 -0.9942764607633485 1.8464535496953633 -0.0014828381939373438 -0.011136943465484397 -0.48848368729543523 0.8450592165916841 -0.0014649007074669963 -0.018544517703557806 1.4410017894774985 2.785816412745786 -0.04915591500271277 -0.032952833759995186 2.0776275578719003 1.88157703763178 -0.035831297878652024 -0.013985447426090748
2.0200734653967896 2.3557011523840985 4.595416925028831 1 -3.9361389600965513 0.11709850525929655 0.014557605409138669 -0.015918936969857415 -3.701672009249472 -1.0772358414069194 0.0029058289637734725 -0.018099106217365074 -1.05270742528608 1.7167141589691721 0.006998696915021121 -0.022103423644437622 -0.576504060669742 0.6944406162261991 0.0041445958155758005 -0.026066026379491174 1.312421991263112 2.7167958291021748 -0.01122635642902831 -0.005820495277751362 1.9870824993724518 1.8474799999325833 -0.011262930187704724 -0.0030879859811266883
2.042618873219167 2.379733316999418 4.585696854823135 1 -3.933698677930094 0.038424358026168504 -0.00404262995730713 -0.01813756890819543 -3.7096340188684445 -1.174340970579126 -0.002909608361586182 -0.013314423283888807 -1.0625223591359725 1.5781291152410915 0.006042039345102619 -0.037497328384241545 -0.5809855170171092 0.5400784865912285 0.0027835267617706237 -0.016970991881253707 1.2219820549986133 2.6573840041979104 -0.03525953525201041 -0.025597517130150814 1.9076826628121193 1.7826586506913267 -0.026478714093594244 -0.027071236023736685
2.056511786581202 2.39715986019208 4.57490142074572 1 -3.9085082790317633 -0.033696380541391124 0.022028203047440485 -0.011425246201627694 -3.70685453942694 -1.2260650543901614 0.0030223984855580195 -0.0018686213637086552 -1.0591061571362168 1.4538777886041703 0.030459684842934678 -0.012103334136514536 -0.529242513680722 0.4181211942010299 0.036905829372747105 -0.0028332667095781958 1.1499444385045043 2.6061304727139274 -0.034903448282661904 -0.036748847837891715 1.877123923498199 1.74836552337892 -0.02767253537516219 -0.013965953600343133
2.089254004394213 2.4466178841012547 4.581073515013593 1 -3.8572714030280557 -0.0747972027520466 -0.0112522756996104 -0.009703530834615693 -3.7517475475411306 -1.2564825136897915 -0.028921802064922328 -0.0046539828497977 -1.0343663512081478 1.3556355738936685 -0.0001701752399088305 -0.02616938129748145 -0.46963532427127674 0.3303038565563676 0.00041164622505862267 -0.018000712416844054 1.0926279303119646 2.567031555060231 -0.025082779261329693 -0.02461437959083836 1.8869207428272547 1.7627186110168442 -0.011036290316041355 -0.008884783625214002
2.1609771665621973 2.5292253756212904 4.5814333138635845 1 -3.7986368072633065 -0.10643059053890414 0.020357774870948808 -0.01031337768558047 -3.8080632073760636 -1.2816330719207905 -0.0007779416186808781 -0.0012030779667628801 -0.974744088689238 1.2595850073655024 0.02513202024160188 -0.017591139795268537 -0.4032351660734843 0.2567152817401772 0.024724617563441225 -0.00869197164842243 1.0833896027826055 2.54776434734052 0.016977145577112197 -0.00863944521808548 1.9235613603883284 1.8003771031534157 -0.0010929994553165907 0.024555630957881824
2.253441511870431 2.6179630008881634 4.531728770579922 1 -3.774250441483703 -0.15059951242978742 -0.012595592638575268 -0.006539755884272306 -3.8397543001936816 -1.30995395800027 -0.015012126291903023 -0.00896652700779077 -0.9023732189714435 1.1277764079710746 0.0020977212320277246 -0.0382076747520956 -0.3205596118117855 0.1618109658198994 0.005077432433157053 -0.028970141094900998 1.1184682165301085 2.5471463171195197 0.020578386721103466 0.014274080931132936 1.9863205760734237 1.8515009010425136 0.021716818076193706 0.02544322192793602
2.325520176826581 2.7014745926511066 4.483747997577786 1 -3.756599357590534 -0.20375394922231693 0.01902894695375524 -0.011743895116453202 -3.849686269197095 -1.3370612236306951 0.008730292538664917 -0.005226584290245697 -0.8199740378714719 0.9797807891665375 0.00967089861616205 -0.03366556631856787 -0.21083403272782064 0.05649535528118976 0.01515974828357328 -0.024977392940618216 1.141045693912746 2.5408171374892445 -0.010413305055547764 -0.0091202160786727 2.0474260209591595 1.9137890368967292 0.010837212974640822 -0.00034996738650855375
2.3818952531177127 2.7610011875312357 4.4404317025274365 1 -3.7263685853363144 -0.24818677068263129 0.01826618504120109 -0.01152061844339159 -3.866705150047987 -1.3512088242398195 0.004680247093364731 0.001671544281913422 -0.7341773650909635 0.8529939275755962 0.030325656911665517 -0.010746412091338477 -0.10494088181088745 -0.03899186495186657 0.03346614862286875 -0.010665936916065587 1.135253850596266 2.5320342077585902 0.018329485121207075 0.009195231888002729 2.082495993797691 1.975017781228554 -0.0031396706842661765 0.03351756149068694
2.3712728011996207 2.7625032728364505 4.394362267854699 1 -3.694223335912237 -0.2741641155001495 -0.0013189510286298056 -0.004879645807442171 -3.8876400565254134 -1.3519213699341857 -0.00717830742556734 0.005341344830647731 -0.6512953917325608 0.754439935569059 0.03439331393080693 -0.005600313790082981 -0.022880638858171487 -0.12672925493467513 0.030134395946482345 -0.005023130568680537 1.1043858049588184 2.5085270448140777 -0.015681744531152654 -0.028496922523202937 2.0760978657589266 1.9749380097714186 -0.016041310330320798 -0.020715482808639368
2.3294143748053298 2.7231042744432377 4.333322322148185 1 -3.6753698986581336 -0.2834432182350395 0.00729300651838645 3.878687678792077e-05 -3.888633393702728 -1.3442231409994407 0.0057156730472536455 -0.0005852469825595105 -0.5964040826829962 0.6641774455587801 -0.008215560668560606 -0.033330659493004164 0.029035995188475106 -0.22563843064670386 -0.010414471106084287 -0.028237512493727444 1.0686813219166007 2.462623861482563 0.009729668846590708 0.010441043388515259 2.052666237862831 1.9424078521701755 0.0009517596028567506 0.01783942157401204
2.46025359842739 2.7897288299338245 4.21234523309805 1 -3.7506158547563 -0.3889161789855793 -0.012821829417070812 -0.028258298449754662 -3.8443338858917064 -1.4530822690798104 0.004225038931587963 -0.04032545295477285 -0.520126277420558 0.4854861133371471 0.012100929058232762 -0.06135235093997027 0.08954872307740125 -0.3847766427075663 0.00198417856401752 -0.04476177930976079 1.2307504583350344 2.411651638697014 0.04549155728916259 0.012049058529954616 2.121668559158427 1.9453514093375692 0.05318606743644724 0.015735611669899136
2.4986662585397066 2.7700910811014023 4.050297076529988 1 -3.7143641542763266 -0.6131908919363169 0.01713505529020442 -0.06498572488297716 -3.9725326173617646 -1.5588959182409 -0.04616796443891451 0.0004820839526974152 -0.3259153976919764 0.24264789547392684 0.050779500773464464 -0.03529553000566815 0.22531764111280062 -0.5595120286834008 0.04827153450010267 -0.032068013950080757 1.5306629232900297 2.487766555346738 0.029586845295467137 0.028845062198429677 2.361232795453007 2.181024588281774 0.08008703832306398 0.05289705034373884
2.5270768075331738 2.8067344071665565 3.820465353783876 1 -3.6978527110107757 -0.8869299281076172 -0.013186689541394927 -0.04485290490478249 -4.190439641882616 -1.6458612019115826 -0.024229895195271293 -0.03331265196795616 -0.04221575503130914 0.06340091120500846 0.054287244826389615 -0.019412615229747722 0.48533796674590945 -0.6363774738005445 0.06735727730091023 -0.011545435703101126 1.75414225216071 2.6573590047218025 0.02479863907948896 0.043044826712951165 2.586512230117978 2.477445123240103 0.04553301588607063 0.04375931129673803
2.576384536769157 2.864261163059407 3.666399575922643 1 -3.8065604274623284 -1.070997208044878 -0.01295279318143541 -0.020169812968993853 -4.1905620075975705 -1.797053238727539 0.0078925756618601 -0.03377328196758439 0.2211071424008324 -0.023112302588921163 0.03952024834297467 -0.0011251906623972047 0.769410677437512 -0.6213694422588103 0.05545939298385197 -0.0003682783432216105 1.874603948605463 2.8465837607428455 0.004792995124227449 0.029443703291400166 2.710341477276134 2.6593465623330794 0.028321023599448096 0.028002106869125153
2.5739804020292087 2.862585838097829 3.5943792874869556 1 -3.8116073292463044 -1.1617505500703826 0.013253882521345822 -0.0015201811925097224 -4.127460146676702 -1.8385870527564574 0.005264433833842251 0.0037491428228297596 0.3978521119742835 -0.024772786878958897 0.01983798677401938 0.011593372917817993 0.95473518522871 -0.5874556068612773 0.033277056576185945 -0.002511801074620325 1.9224153173193708 2.920243617624493 -0.0038435426340442183 0.004455146532644281 2.7778246684671064 2.7899814389704716 0.0231688433300506 0.014004816155077813
2.6114271161750104 2.9017020199009687 3.5564903785420787 1 -3.7326140922761195 -1.1052010596179154 0.020555866849510877 0.03834402086910932 -4.074628420722696 -1.7331358737887905 0.007745256620335185 0.018473964981670435 0.4862003050443242 -0.00055365589903833 0.003305216035429659 0.008878153048323213 1.0502500005181101 -0.5748104826649352 0.0214888234226083 -0.007998895277961222 1.9618519593823542 2.9306807065343894 -0.0019185797819224193 0.0022854125569572196 2.824495680071877 2.781919617360538 0.018294449157473837 -0.020985999630947973
2.6232783633643333 2.917471915565378 3.5226595082494394 1 -3.642369226611196 -0.9431783027401752 0.01714618222320056 0.03914004161151535 -3.975065156749663 -1.5970908747702601 0.018827858439921685 0.01846422395975618 0.50303041693211 -0.01589459739683574 -0.009592887255468877 -0.001154507162795495 1.093897107593535 -0.5915302569815162 0.011204626858771383 -0.015598703200191563 1.9949276410766075 2.8867120698557507 -0.006292126698842368 -0.01706740400915192 2.846208320228965 2.675274529529124 0.014556531524051786 -0.022253345824421802
2.5846360836425877 2.883084763925671 3.495361559401127 1 -3.5932089166045156 -0.7909751620270341 0.00871485043975316 0.034641204475334905 -3.875075122957202 -1.4837182127150292 0.009180810938973608 0.011869908145347823 0.4759824705318927 -0.06759663217127221 -0.013166038008804871 -0.0048520492307721 1.0808422478137887 -0.6576640800513531 0.0005662279336104623 -0.026838977956907678 2.000192409775747 2.767889344438653 -0.012203509918830853 -0.022389264047284745 2.8537412604041448 2.5782349207847384 0.011723891387897485 -0.026020218019979873
2.559034373117895 2.8580011896409427 3.4587019041940676 1 -3.5678395022972147 -0.6748713092465712 0.005519801668185981 0.0282144092184981 -3.842225459144045 -1.3993841752154739 -0.004365580573329791 0.005543307152575318 0.4485072339606919 -0.1360289390744268 -0.012483812536287938 -0.009285387642643184 1.0324014935592354 -0.765111509923441 -0.0016472321926667005 -0.031549639433555814 1.9919349158187636 2.6635834436821746 -0.013212018760500273 -0.017504140519476304 2.8381505030876717 2.435700164020336 0.007016459591115229 -0.035722469457228845
2.5043651535631626 2.8051902514153326 3.410019369647032 1 -3.562474410727603 -0.5894484070495871 0.0031052660674024037 0.023955355532184728 -3.8491494767620162 -1.352362412342418 -0.004497548231831797 -0.0065333118815693765 0.4123893880763809 -0.23313476317400894 -0.015286816625332796 -0.014261615675965216 0.9874659181700451 -0.8781022927755008 4.453806617268907e-05 -0.031606540304743795 1.9729328581861143 2.5406872394982347 -0.016384974896220657 -0.027346525353262305 2.814510889527182 2.2874488486697615 0.008104978452974032 -0.030155130766426567
2.438489641414787 2.7440736946406896 3.353268227840056 1 -3.5793803484222573 -0.5427151093772237 -2.072592836657207e-05 0.014281091705863884 -3.851337846536417 -1.344797702146525 -0.004308515882922982 -0.011406435740638637 0.3755902023260864 -0.339339119675516 -0.0112657198481474 -0.012604455363684645 0.943281240910018 -0.9985774043533625 -0.0015469068676551428 -0.03561260094045303 1.9469715360746251 2.394510533892065 -0.015698924324043843 -0.023384332307401112 2.7929789919640653 2.1512653359905025 0.0065794267217419225 -0.034772746265496896
2.3844454693344317 2.687399830045199 3.2897123469951315 1 -3.58653538885489 -0.5443966852338278 -0.0035521636345230327 -0.018541322617291654 -3.8612413957227156 -1.3521911714494401 0.002680722842480894 0.012645623867299808 0.36188723354696695 -0.4388278337134405 -0.007921397827374332 -0.012711752145726653 0.8968428830470963 -1.1335606667496971 0.0008470106004555972 -0.03671773951977708 1.9263826246674407 2.2759841391193527 -0.015024386819437567 -0.021057256480782577 2.76176752600597 1.9874566956002213 0.005325270067307278 -0.03554171222540107
2.3121939304757517 2.612636256378362 3.221888890591657 1 -3.5825985498098034 -0.5699822341217258 0.0004503757750020645 -0.00037681479765725237 -3.884673285391708 -1.3724927540578407 -0.007894232709947659 -0.011283567120379687 0.35105688172415395 -0.551340746281971 -0.007847159175005725 -0.016240329879315556 0.8800701525704628 -1.2594528775714908 0.00808758309931839 -0.03420555455644646 1.9017049175269882 2.1398107537476405 -0.01633006370984995 -0.025428271583519846 2.7380354095975523 1.849933211392588 0.00816651128867557 -0.028589957618413493
2.248840832644495 2.5486276671893715 3.148562005884491 1 -3.5905764733468017 -0.6154860195992862 -0.00648388235018795 -0.025066128549907786 -3.9003256828175017 -1.4031095652154215 0.0039943325830263145 0.007528098103035542 0.3549565375963528 -0.6720595189444623 -0.0017391741756693849 -0.015265805142717477 0.8860479093512392 -1.381967194764787 0.009181444461029593 -0.03626932008780678 1.8817517463681073 2.014070456905135 -0.013210871779016753 -0.016709447509747906 2.7204053680652427 1.7230435820024002 0.007496216334587795 -0.03017989059290241
2.231287604478836 2.516464071828713 3.075767386709915 1 -3.594842688370446 -0.670309202533748 0.0012881429873340183 -0.017744941796933082 -3.9271412697582155 -1.4423819735020722 -0.0017523943019618865 -0.004076269566132837 0.38043441551887724 -0.7904003027315367 -0.0007400137328209509 -0.01512394077993192 0.8905659556193655 -1.512438059121263 0.010459972047384268 -0.03659312888336737 1.8813343232529585 1.9251296867744152 -0.008706073177640584 -0.013078020904917054 2.706651887626059 1.6119958748641916 0.01050433973314148 -0.02022059649966114
2.2427940901710044 2.5272041835381316 3.0109858918199714 1 -3.596962863377199 -0.7318762756372629 0.00017328345043506922 -0.003114218216322101 -3.9582232508790502 -1.4753099215577203 -0.011266152094539267 -0.013848883442664744 0.39656702345199335 -0.9157613286719729 -0.0027987036224496123 -0.016898924486815944 0.9059543977768172 -1.6282185324713396 0.011595347771191554 -0.03101917202709118 1.8988031911964525 1.8454620673188522 -0.0058747612211304465 -0.010528828604327922 2.71779990754575 1.5467584974380388 0.014907888796788851 -0.016273622930851626
2.2803425394590953 2.620060544085632 3.0518043708045774 1 -3.6079005518162175 -0.7039743289267774 0.010229878832826316 0.04314696138819692 -3.852974615056194 -1.5593450954360701 0.03818891310312366 -0.03954846174156511 0.5099275345485905 -0.7916689747212117 0.019756702703749816 0.04988944180981519 0.6038673325108785 -1.7744256975254822 -0.07571053553834398 -0.01630870857206934 1.89814368580236 1.7563949976547097 -0.018007713537348674 -0.056354533871437094 2.7480446029859644 1.4321271692599287 -0.00520932070725255 -0.06408765144334741
2.4592467238724107 2.8830130788917674 3.122304847628338 1 -3.574213030239495 -0.5409224725446269 0.006682434987531485 0.052511038392269886 -3.6513977686480112 -1.5388984821008955 0.007531080403720691 0.020216410245813617 0.4509817779754668 -0.5928822904359801 -0.02634145903439483 0.015549057061048938 0.28078613935506613 -1.6889692777446068 -0.05575453651902942 0.060479740543659156 1.8288337449074277 1.5241838698507664 -0.014515551263728707 -0.0859529822523227 2.7845776898959773 1.125728202432243 -0.010432568674640508 -0.09841179186515889
2.5722955058230927 2.9861066766267905 2.9949923449339257 1 -3.603827835320158 -0.358722192620771 -0.008959111617077577 0.053169978300427766 -3.699379903975613 -1.3334547817586548 -0.03385208846696458 0.026391553788193974 0.16526539274467922 -0.4342720821195998 -0.05975298591196764 0.018481382255972498 0.1381776044237677 -1.5266408717942963 -0.02688126222869646 0.042449070727653214 1.8056521715481413 1.1797868443946076 -0.017186486884296734 -0.10341975859876595 2.779591428959016 0.7193954959775373 -0.020224391583575307 -0.10078688036673918
2.4464226314991233 2.908331746323829 2.8942309354861533 1 -3.664093147797285 -0.15074989703351238 -0.021849891440459825 0.04437437541027574 -3.8249571418513293 -1.1873868474571756 -0.02388738690804758 0.022628092016486516 -0.0969459288482728 -0.3148354938134831 -0.025654512262555808 0.008988056645875 -0.02775956885984243 -1.4043660424491033 -0.05458715914787508 0.03739688962948827 1.7264183664476782 0.8332531087803259 -0.03335699815294247 -0.09501933458277706 2.715563721478903 0.344692574329591 -0.03447405880503534 -0.08660261836628572
2.4154100436659496 2.8464869962890598 2.7867369549217362 1 -3.7683366257991033 0.06878792559832103 -0.04663484233183312 0.03965301792322533 -3.825045235129441 -1.09399662387775 -0.007930775138917866 0.021130147329614747 -0.18507735570498607 -0.2324461589064073 -0.012609153709706628 0.014760937095525669 -0.3704777582729717 -1.3191872489866265 -0.07149846102587802 0.004568765041432396 1.6454190726040698 0.5917681941659811 0.0024746510625913098 -0.008010470639717437 2.591701179439755 0.03083688842182708 -0.010982206441965847 -0.0459788544045343
2.4147099507040326 2.778342253869155 2.6889776320021617 1 -3.9259555824510075 0.25836443564323064 -0.021666985072695197 0.036528955032385416 -3.761693359823214 -0.9634913804725564 0.019012288612176517 0.03476415346525638 -0.23448568359531752 -0.2507464496538142 -0.03530410995615191 -0.004544128989275838 -0.6971349410460825 -1.2680817863434846 -0.07260531031208198 0.010671448399720711 1.5963767182157609 0.4059802058581474 0.000572072335847898 -0.025752769175170345 2.4680799738228503 -0.2387783465366422 -0.01734477598811166 -0.03770049084441445
2.2531212490813033 2.6503031623984152 2.6307591599938887 1 -4.049922224973864 0.41475542079922834 -0.01205017278147648 0.02986386539989794 -3.7490076906443 -0.7763116594873902 0.008015787558754267 0.04098082152090682 -0.33661669765666247 -0.29948341733557426 -0.04283712685886778 0.00016948710390976215 -0.8751583511824301 -1.2760814287463833 -0.039342952745489775 0.002429407378303626 1.5252393832281879 0.19901526164722827 -0.003854528152368735 -0.029972298991993225 2.366271133803604 -0.46113844565146356 -0.01433005266524013 -0.027080517069772304
2.162259202223455 2.5557735251649802 2.598672060805608 1 -4.150751324704216 0.5164874203566769 -0.012189082165928967 0.018005278312252997 -3.7499087998800595 -0.6005847108335445 0.010888962431969755 0.03441032228243193 -0.4170495692198477 -0.316308970137554 -0.022300029583638088 0.0038260304274513636 -0.9721191363738755 -1.2687944072392492 -0.034546926088629824 0.016689647505845482 1.445766955403375 0.020991646075570802 0.0007914427186579351 -0.014750934032635776 2.2848604609780425 -0.6412309606584137 -0.009966348881402316 -0.02081123806920246
2.034838937054345 2.3218932756115263 2.590520704268734 1 -4.244846808942003 0.5651708637789727 -0.009890198737314334 0.009221688876209735 -3.74074878615567 -0.45780988446358495 0.010630942942162614 0.030759283286416854 -0.5167807495982037 -0.2344164093979919 -0.004854966469125699 0.011185170164819253 -0.9231094840767895 -1.298204762363543 0.03223285868848441 -0.008169238979861881 1.3796957969884929 -0.06688787195130796 3.159548702428086e-05 -0.014925337892961566 2.1800902260222097 -0.8472571145969727 -0.0438635510229118 -0.03416658783734987
1.5626534504490859 1.8456643169377709 2.6722926201906247 1 -4.319783049715601 0.5919459511135086 -8.836612991061123e-05 0.006782356961894734 -3.741538308124426 -0.3500649875842615 0.009873159426554999 0.027773903430729198 -0.5899502125777563 -0.1662678323157476 0.01820124602150372 -0.0032024833948208677 -0.9331411018732338 -1.2919568875609375 0.009210935612022887 0.008642143941721931 1.3166376307871968 -0.06690581536534834 -0.03123011315625039 0.0005441634751122337 2.003781892524371 -1.0460382566181894 -0.04180271009055339 -0.022025304801142155
1.2140803506513749 1.4115356370565826 2.68585400959447 1 -4.372397803530361 0.6418564039470496 0.0002774922328532103 0.016956575425836187 -3.7868269789057534 -0.3055990902595396 -0.007503346153469388 0.009765694621806174 -0.6295225303054313 -0.12298765121260602 -0.005464107042505061 0.0149355165528386 -1.0743690325050976 -1.2253784329314374 -0.029768465058824405 0.006279156428904186 1.237744168136853 0.01468425185405553 -0.02800741349360135 0.020963568175274453 1.8569367375889723 -1.0059638624894427 -0.026507023124132816 0.007372183713432472
1.054216358314038 1.1670370213757335 2.3892137900458637 1 -4.404555208981165 0.7312385628428011 0.003710817854033533 0.022257985873122704 -3.86489635161551 -0.2998927505058735 -0.004552343281192901 0.007058158300323647 -0.7212838404609578 -0.058723648247410165 -0.0006597045504889848 0.005051993492330454 -1.1843825172479283 -1.1563075366977493 0.0008050186099836376 0.007715994124570273 1.2591312749818044 0.12964792379484003 0.02955189772528318 0.009258410791490986 1.7627950036102282 -0.9266187671694128 -0.021850318675775877 0.02839558320044715
0.9468051821969535 0.9865491682945424 2.144990896394933 1 -4.454123214589516 0.7684787522626146 -0.021245753908110877 -0.005098509380096361 -3.8978822961964883 -0.2773848250875002 -0.011545929905121719 0.0022482879103766784 -0.8152012561850945 0.009065688883586498 -0.02739856063799143 0.017499786169253396 -1.205348570852879 -1.1067316705281367 -0.0046810401756268195 0.012497306181620071 1.3646081621668467 0.20552462017476136 0.043603453067702275 0.0140307624355173 1.6966812596935341 -0.8736300303786897 0.009650747828647027 0.019056524381060255
0.7874723384662703 0.7657027948341547 1.9229511297790642 1 -4.529240261340678 0.7427456709801317 -0.0061829276392085936 -0.005077498688515855 -3.88090308889016 -0.2301955375989646 0.014015002773679914 0.01880794330230201 -0.847521119331883 0.08889985393273059 0.01940009055839708 0.012758877249964069 -1.1424367977837475 -1.0371557418291049 0.031679065072055604 0.020709100071244844 1.489116252300839 0.2829580059759109 0.011292387487028821 0.01513022881171826 1.6824306453870879 -0.8174235254667015 -0.014554509205346632 0.01145019902687176
0.6203619278565988 0.5335750755451855 1.7351127727995048 1 -4.581142505975335 0.7248839022049911 0.004594942806123792 0.0037364465566679336 -3.8706389732007223 -0.19398905139073397 0.0009660846707720775 0.010948394908625678 -0.8073735650953302 0.21917588744548344 0.025319772421523057 0.028246756856036913 -1.0618186258422107 -0.8936902278709085 0.026211207023541138 0.035925758164422936 1.6499980938039789 0.375680581999291 0.052072522325545725 0.02014720066623999 1.7156192405254815 -0.7425663434487528 0.028596452049930887 0.013494465970014132
0.4903726834809745 0.35813302773643435 1.6086953766493621 1 -4.581417560672973 0.7361184532087803 -0.006076193237874141 -0.0016325739263391024 -3.8856079717975884 -0.18121924327178174 -0.013361410244702318 -0.011015727496028443 -0.7350920782933854 0.4086092081232813 0.0007943086683890599 0.04365053424860993 -0.9788908675185035 -0.6945664029340194 0.006538632988401929 0.045476480183549446 1.8283007005103844 0.44413844474121866 0.010863580745951442 0.007576900215272989 1.7664782963224575 -0.6744737045772273 -0.01787397808426703 0.017857278140435806
0.3829732560784218 0.20032590852267895 1.4981313377737002 1 -4.548985415780483 0.7295226242734523 0.020034893740535943 -0.013109953911265848 -3.876731848231003 -0.18741947573857065 0.00996046521605317 0.009162930485455398 -0.6530219856052999 0.6170931167339948 0.029688565742010987 0.038532861364047315 -0.8724162269087778 -0.4820433417028961 0.03502819167132834 0.04017597648100275 2.01039615693436 0.4708970808032942 0.05235049914935594 0.002490279997673537 1.8243437544210073 -0.6227135497942943 0.030674988783168006 0.0020779690460396745
0.2848882284726819 0.056740692301648826 1.411875632116742 1 -4.515547455503838 0.6666367720762896 0.022708925923026414 -0.023295855902933697 -3.8112895249310736 -0.2156931337063278 0.01962979200105765 0.005135100829839604 -0.5741383213554738 0.8203146295395884 0.032019838013259465 0.03604939752932688 -0.7555142285309024 -0.27690412692386224 0.03926429364047439 0.03912904387117819 2.1750444257971777 0.4744401937337701 0.046537198603870046 -0.003431965729004058 1.8803176420382197 -0.5833454666933561 0.027360057770244296 -2.7019629186575758e-05
0.19360364662182392 0.0679339588736736 1.270265176376803 -1 -4.456337826763856 0.5892582414325807 0.024206757286362627 -0.01186445559174192 -3.723384024287598 -0.2760969094626752 0.019709205055313653 -0.006791102061369076 -0.49140243970478625 1.0129485884854499 0.015645138725454363 0.04802439826658188 -0.639568744268999 -0.07714397520881144 0.01699617936107814 0.029920265807333306 2.321958893693088 0.46501274897706724 0.03225910707031662 0.01417271227227928 1.9225049936379808 -0.5539468472481717 8.29299524156427e-05 -0.007767713662754617
0.09856295291995598 0.18579016312721294 1.1008218921822597 -1 -4.354026781718939 0.5374605716822538 0.013612751920472583 -0.009131792928157526 -3.6803951843227494 -0.35577629156143964 -0.0010269135489067317 -0.024216763378136334 -0.4021431973303775 1.18759932588592 0.0001878262925935313 0.032370910906491066 -0.5345434912063327 0.1102798552864297 0.0009877259496612525 0.03925062193716202 2.4445412118807486 0.4459686181245308 0.012444113270394425 0.00737730809981154 1.9389993103581373 -0.523891743268452 -0.013508118362750334 0.009807137862659658
0.03335579106393301 0.35300483230659735 0.7120085800500907 -1 -4.289209145609735 0.581609181595848 -0.011567765965982572 0.02261602997780996 -3.74701136030599 -0.3371618524386498 -0.015464759174330305 0.009908347910481945 -0.30777832977373265 1.3790951028924052 0.02413525808513163 0.05241653808106252 -0.4406043568919742 0.3240297206561318 0.026251694237295876 0.037787072822586254 2.60383869907231 0.44519643102588424 0.060637956529954545 0.005593047725406659 2.106057745520575 -0.4333318858711688 0.05393907146156252 0.008019331500582143
0.060954406283339986 0.45841749567413875 0.23178264026208928 -1 -4.39311559328529 0.6099155948942687 -0.0387942035602705 -0.007932168633777836 -3.7608379836628467 -0.16430559723561988 -0.006701015611285499 0.03655830423807338 -0.18906936937049768 1.557334415507746 0.045760374003977214 0.025297612198430134 -0.28124786524013334 0.5799762540849971 0.05477531461228728 0.05188367985195133 2.982573203985048 0.32921382773889607 0.083602051581188 -0.05453582762649112 2.4196366297004035 -0.39217595869856803 0.07706904801143931 0.0009311258744205894
0.0916774733992141 0.627312107532567 0.1569802029318733 -1 -4.509788001420317 0.6345511127487324 -0.01406462890906185 0.019529504468959485 -3.7972628419927466 0.023396311193904396 -0.013808914056741829 0.019726911690750405 0.0502322454623112 1.6856302517749895 0.05922947092423519 -0.0021361186952654453 -0.06589020249300148 0.7934982747322517 0.05287526188792661 0.05259602113472668 3.3499224696512453 0.16012928199479903 0.04371977075182318 -0.03634903393878363 2.6929143230932677 -0.4396958734359384 0.056864462612650706 -0.004753968446278654
0.10599926406286651 0.7702498324935769 0.35027501023046753 -1 -4.472321058526659 0.6938183355365826 0.0019930848061228256 0.014332944330970186 -3.856802474301797 0.10498694879210002 0.008164507848482872 -0.00017941569726178871 0.3293360900184137 1.752623477937175 0.04884714671598585 0.023900254679544243 0.14810383284147566 0.9175407939531328 0.03351202794111024 0.00031197655467388175 3.5801262955606603 0.053874821073836454 0.06103580393123138 0.0012927842942314638 2.898435973700445 -0.5288884041251499 0.010543373926684627 -0.029734219724642526
0.09467969320437881 0.8890263807792007 0.5015200524657153 -1 -4.400726910618824 0.7132904814118222 0.0005528645000030374 0.01606164576289664 -3.8762435450688946 0.14423230015429755 0.006692923379329699 -0.009627215720449141 0.5256279213209503 1.7945751606784257 0.03484040427485358 0.035902675681523555 0.3357839832188816 0.9720310566041224 0.02655594730679278 -0.0136785875040605 3.7656078550808605 -0.017756613217421502 0.045150702621660016 -0.008875936234516095 3.0721249092087364 -0.5636767195205137 0.03309429272090858 -0.014975943038899205
0.009003751221519763 0.983583066566214 0.6156667856274892 -1 -4.3168738740854815 0.7080404004628376 -0.002834852954105214 0.004768956792147359 -3.837650948314564 0.14407398021856532 0.026564647189418686 -0.020888224790420115 0.6562140563907946 1.83540604064419 0.025683363460606727 0.0144962471038316 0.4720227761058524 1.0246932556448267 0.01814089119852993 0.004444865479319361 3.93314447088086 -0.14563087215092319 0.0392962385732817 -0.02948129354252039 3.2433390786809184 -0.6383275285960774 0.017725931136370228 -0.02218094867190646
10.494749 2.5371735 6.0042906 2.709854 6.5116744 10.014298 0.75904596 2.1628995 5.064216 1.702313 9.952352 0.07972133 3.6397567 2.0932214 2.035468 6.6888685
10.433302 2.6626408 5.8499136 2.7371836 6.7349153 10.360762 0.69722474 2.2957802 5.1294007 1.7148839 9.743093 0.08360493 3.6182013 2.0969224 2.058784 6.688656
10.602579 2.533207 5.9323473 2.733195 6.4153275 10.020398 1.0074124 2.531518 5.0660343 1.7073036 9.94865 0.1016736 3.6951046 2.1147273 2.0439634 6.649908
10.918741 1.9333446 5.914487 2.773274 5.5439825 9.351167 2.2513762 3.762448 4.8674817 1.687106 10.119711 0.23950446 3.895514 2.190229 2.0399432 6.453671
9.377974 0.113478184 1.1292421 2.4878888 2.4939623 8.845713 5.7212467 2.8631558 5.7949433 1.4697075 8.211154 0.6939715 4.9226227 2.334346 2.1582732 4.7543173
11.016888 1.217896 5.7292986 2.8329544 4.918419 9.058321 3.3941374 4.858158 4.7690334 1.6684816 9.855412 0.42249775 3.9896376 2.2749226 2.068328 6.2889547
9.8586645 0.96665525 2.8678207 2.5857058 3.593038 8.745006 5.101912 3.6480575 5.2892804 1.5658172 10.145948 0.73678505 4.7484593 2.2361069 1.9701988 5.732069
10.474359 2.2423782 1.1323763 2.7017477 2.8790433 7.380702 5.690998 2.5572715 4.0820413 1.4565916 6.7693586 1.6363235 4.3705497 2.3098915 2.253423 4.052336
10.684311 2.7253354 1.2590749 2.767285 3.1840055 6.960699 5.843134 2.5671754 3.6542583 1.4840536 7.477138 2.0621777 4.2814455 2.2893107 2.166577 4.4369035
11.04982 4.200061 1.370333 3.115839 4.224944 6.616705 7.385766 2.4076388 2.9185266 1.5037336 7.536855 3.4159741 3.4399285 2.3517613 2.2916646 4.9496927
11.165386 3.685611 1.1908072 2.8642569 3.428461 6.1221766 5.383596 2.2320085 2.712557 1.4549451 7.5485506 2.4829078 3.9332407 2.264461 2.1909428 4.044904
11.216628 4.0918503 1.2392857 2.9940767 3.8228152 6.1508036 6.1348753 2.201387 2.5959346 1.4686437 7.5602436 2.9857333 3.6362195 2.2996695 2.2404149 4.3524413
10.443092 2.8913083 0.90203035 2.805331 3.474377 6.531455 5.352112 1.8148596 3.279706 1.4456155 9.389589 2.4160364 3.9927504 2.279388 2.107055 4.6126094
10.544203 2.5263753 0.9091333 2.7942102 3.4448054 6.523902 5.4006677 1.6776545 3.4027486 1.4723351 9.423312 2.5191147 4.0627074 2.307401 2.0572443 4.983547
9.850421 2.5454972 0.75198877 2.7952366 3.5966077 6.8359957 5.527437 1.5895864 3.628446 1.4404948 10.626441 2.4589615 3.965394 2.2881978 2.0692787 5.0087185
10.048157 1.8518584 0.73883104 2.6572297 3.150497 6.934907 4.961976 1.5407273 3.925855 1.4498913 9.909367 1.9867133 4.3216467 2.2849457 2.0224361 4.876822
9.627255 2.405118 0.6962007 2.7649937 3.5515554 6.9716597 5.4514256 1.5538378 3.7727158 1.4313123 10.8672 2.330075 4.011326 2.2802782 2.0636826 4.98052
7.6576614 4.113289 0.70306766 2.8649912 4.2487807 7.192817 5.784882 1.7852819 3.356975 1.3302428 13.876068 2.4364629 3.4859567 2.117941 2.13415 4.411488
0.25263453 6.4432015 3.1647632 2.842909 2.7574143 5.9660025 4.8472214 3.5638618 1.8161973 1.3876917 12.7066345 2.4139798 3.4074898 1.9108431 2.2827108 3.2153606
-0.23613119 6.472645 3.3378832 2.8213058 2.741028 5.8906646 4.6415524 3.478334 1.6584475 1.3827881 12.57419 2.4118745 3.3638496 1.8767354 2.2711477 3.142056
0.43909645 6.262218 3.1053379 2.820362 2.84804 5.983383 4.6736856 3.4249983 1.7444644 1.368883 12.604437 2.354764 3.3775475 1.8888427 2.2642155 3.124463
0.08198166 6.5293226 3.2030253 2.8586907 2.700869 5.952146 4.9584374 3.6602888 1.8539261 1.3994538 12.725817 2.4563396 3.423852 1.9266871 2.2933648 3.2768974
-0.42789936 6.7122636 3.361781 2.875627 2.613607 5.8853345 5.0622783 3.7475493 1.8385506 1.4194708 12.7872095 2.557214 3.4232252 1.9344864 2.3004875 3.3889217
0.75553226 6.0990314 2.9920769 2.8064268 2.9696836 6.0306826 4.577801 3.2565045 1.7328559 1.3568516 12.591421 2.3342245 3.3579338 1.8781755 2.2425413 3.1204262
-0.72502375 6.7491894 3.3833718 2.8245063 2.8591828 5.9678364 4.5622883 3.3037527 1.646488 1.4065942 12.649759 2.535892 3.34733 1.8608286 2.2536328 3.3112893
-1.7408276 7.4499965 3.4319706 2.8677273 3.0789871 6.3407564 4.485627 3.4041965 1.7018098 1.4616563 12.577288 2.69884 3.3286004 1.8520712 2.280702 3.5112386
-2.3834639 8.041983 3.1516595 2.9020758 3.4504445 7.164059 4.325088 3.536279 1.7992876 1.4937881 12.265532 2.76914 3.2530966 1.8223071 2.302565 3.6541214
-2.7798553 8.48012 2.68934 2.86436 3.4914236 8.146255 4.146603 3.6546247 1.7619987 1.4627037 11.85512 2.6778066 3.1233091 1.7264996 2.2594335 3.7103968
-3.4436216 10.427078 2.728488 2.8476584 4.422931 8.957679 2.8921828 3.293882 1.727508 1.54315 11.041693 2.4782553 3.1812546 1.5889399 2.2865143 3.4915247
-3.598569 11.3298855 2.547252 2.7826655 4.497234 9.723043 2.5045612 3.3914645 1.572125 1.511462 10.312673 2.2202518 3.114779 1.4471915 2.2361 3.357153
-3.6781383 11.97338 2.6001558 2.726699 4.260272 9.080901 2.4431095 3.5285082 1.3300182 1.4975237 10.072845 2.0470474 3.3837547 1.3848114 2.1902864 2.9802923
-3.3455195 11.968243 2.947094 2.6851563 3.8613968 8.114122 2.4734926 3.7091427 0.9803995 1.482291 10.244553 1.9746326 3.5698838 1.3649061 2.1325557 2.7292852
-3.100793 11.903927 3.1848176 2.655023 3.588667 7.5876102 2.506177 3.813526 0.7546698 1.4657845 10.334648 1.9309433 3.634515 1.3482071 2.091636 2.6227684
-2.7806902 12.646153 3.1828713 2.6391435 3.2606285 8.925922 2.511424 4.32487 0.2907014 1.430157 5.3036976 2.0581594 3.0917027 1.290134 2.1039433 3.0296745
-2.7087874 12.639749 3.259241 2.6394753 3.221778 8.855917 2.4993696 4.3110104 0.2382524 1.4320394 5.0488434 2.1010106 3.0551307 1.298015 2.1019218 3.1023693
-2.6290011 12.631916 3.2968128 2.6818287 3.3198273 8.840178 2.5970192 4.4715304 0.27207613 1.462393 4.805931 2.1492898 3.119879 1.3293928 2.1403525 3.0241394
-1.5716553 12.30438 4.1739054 3.0181146 3.5947988 7.7589264 3.754105 6.012129 0.24283767 1.6985401 2.8471348 2.7456927 3.5575094 1.6382599 2.4215305 2.692205
-2.8300867 12.880457 1.9335058 2.7037873 3.6076844 11.99559 2.6496034 5.172262 0.2732929 1.3994437 0.74705696 1.9662471 2.7480092 1.1826177 2.160808 2.8217587
-2.7858963 11.84993 0.7153567 2.0870426 2.5620513 13.181714 0.92620677 2.6115208 -0.9435843 0.9533024 -0.8535414 1.2632052 1.9023786 0.59551287 1.5710127 2.9426546
-3.1534672 12.141697 0.35281634 2.011079 2.487534 13.667524 1.0183837 2.411901 -0.5714886 0.9178238 0.3771634 0.95568633 2.029985 0.52213025 1.5411246 2.7873836
-2.6723523 12.648626 0.25217915 1.966976 2.100041 13.436924 2.4791813 3.2255335 0.4870695 1.0528564 1.4204888 1.0076488 2.4127016 0.758 1.622148 3.716669
-1.9938331 4.0543947 0.28188896 1.422758 0.8463216 14.111251 1.2151743 2.197548 1.8418227 1.0642493 -1.6849685 0.11078596 3.023347 0.9481311 1.395928 4.652323
-0.27112675 -0.19595289 0.7753092 1.5081606 0.22183323 13.711445 3.5637903 3.9170735 1.7520503 1.1507598 1.2740989 0.84650624 2.9054048 1.138692 1.5774016 4.354203
-0.30978346 -0.33375645 0.7919128 1.5065821 0.2871871 13.996199 3.646668 4.1118803 1.7168415 1.1316326 1.8301935 0.78281903 2.873661 1.0978296 1.5569421 4.1936893
-1.362297 0.8904476 0.40848494 1.4137394 0.35405397 13.71549 2.6644704 2.8697293 2.0778303 1.0918304 1.0454249 0.5311738 2.8754377 1.0881274 1.5225497 4.753974
-0.27106476 -0.14169407 0.66537905 1.3819492 0.3701291 13.911298 3.618619 3.5711842 1.8401488 1.1064107 2.4333029 0.8072386 2.7158635 1.0832742 1.4703351 4.768397
-0.62344027 0.6011052 0.6406609 1.2177978 0.7400918 14.358061 3.4003205 3.575361 1.7537383 1.0088536 2.7051978 0.64341736 2.285757 1.009911 1.234649 5.8203573
-1.3072524 2.6884658 -0.39675498 0.7232418 1.6621451 14.525279 2.1953745 0.06726003 2.8032541 0.934767 5.0702605 0.15700066 2.2641602 0.82683444 0.9398601 7.0818906
-1.5234766 1.2203069 0.5178076 0.9322735 2.8042517 13.310326 5.6317377 -1.7373562 3.0094228 1.2042501 6.6546717 2.3012502 1.1090586 1.2438948 0.92220426 11.679519
-1.4163475 1.2447813 0.7660397 0.8121785 3.533633 13.697994 6.5429 -1.2626095 2.9393387 1.2006845 8.570377 2.2926574 0.58818394 1.2478949 0.77600074 12.90036
-1.4701533 -0.8979845 1.9050212 0.61944354 2.4470375 14.40839 9.636258 -1.6733088 1.6 1.1530534 8.51849 2.0737052 -0.39842778 0.9720564 0.7496623 13.295227
-2.12706 -0.29461527 2.101477 0.58544445 1.5807428 14.575861 9.6946 -0.79478383 1.7897563 1.0334911 9.897701 1.6343434 -0.9272918 0.9018626 0.7138977 13.82971
-0.5736785 -2.5360913 2.0098076 0.43286014 1.2527523 12.906819 9.536684 -3.0084088 1.6779096 1.0948387 11.228827 2.39048 -0.9141059 0.968169 0.7685833 13.81875
1.568769 0.06186533 -1.0376701 0.7401582 0.7828703 9.661597 7.6225147 -1.5405676 -0.09404206 1.3147413 10.283763 3.0631282 1.678402 1.4003376 0.9984164 15.372435
2.517738 0.27569914 1.0206292 1.005512 0.57744455 4.441033 1.2831714 -0.22886038 -0.78307915 0.932457 12.270456 2.0441039 0.17672068 1.1444073 0.8544537 14.158568
2.7533069 -2.8304744 2.8860824 0.8325647 0.34472418 4.2942977 2.6350465 -3.2976866 1.0211204 0.75138545 13.531588 3.0941353 -0.08197707 1.1439356 0.94371796 13.651486
3.4742785 -3.0388942 4.7169333 1.0516562 -1.7002721 5.33514 13.35596 -1.1441827 -0.79951316 1.0279745 17.339504 5.078729 -0.33592504 1.535247 1.1023282 13.99461
2.2071218 -3.3273716 5.344227 1.1691968 -2.3305073 6.135346 14.646061 -0.82418704 -1.6879319 0.9518088 17.541046 4.7257433 -1.8102292 1.366664 1.0890653 13.113947
1.4543681 -2.8752666 4.961668 1.2850202 -2.4538517 7.440109 13.307896 -0.27870035 -1.6880174 0.80239284 16.315514 4.6279163 -1.8349025 1.2211441 1.021499 11.947602
0
0
0
0
0
0
0
0
0
0
0
0
0
0
0
0
10
10
10
10
10
10
10
10
10
10
10
10
10
10
10
10
1
1
1
1
1
1
1
1
5
5
5
5
5
5
5
5
5
5
5
5
15
15
15
15
10
10
10
