59
1.8904008889305155 1.9375889261812123 6.140781709196314 1 -4.29 0.3999999999999999 0.0 0.0 -3.69 -0.41000000000000003 0.0 0.0 -1.06 2.76 0.0 0.0 -0.46999999999999975 1.96 0.0 0.0 1.3600000000000003 4.54 0.0 0.0 1.9500000000000002 3.7300000000000004 0.0 0.0
1.788680015174181 2.038633008574377 6.114897602267728 1 -4.230116014217256 0.4440606144075967 0.03236687148076011 0.019415054279855265 -3.6971182312382824 -0.44397726178088703 0.004711249305580322 -0.014087529625347239 -1.0638209374972507 2.7628923064596664 -2.2828036980049142e-05 -0.003936675071930488 -0.4726498665441188 1.9583898412905123 -0.004429900188234437 0.002562893885154455 1.2935555177906277 4.461754438913591 -0.027184417032591543 -0.03496638974758434 1.949630225842502 3.6514216084739584 -0.007368440825668374 -0.03200890023346868
1.8601101140237177 2.2312541063515585 5.980051259100269 1 -4.087840326808141 0.4481900494493023 0.022858786741291298 -0.016662215990784258 -3.6894825265100177 -0.5315477316240695 0.003405449331522913 -0.012321352194049272 -1.118471499789805 2.755141551063643 -0.017117425319375438 -0.006608566445967239 -0.49380958124459795 1.9170752598511487 -0.010325175327435064 -0.013805233665744146 1.1478825800715668 4.239422898936383 -0.019441732477588333 -0.05687345908110366 1.8820738302502136 3.3765672720803854 -0.022943890567929406 -0.06861119636760352
1.9915724687554106 2.309452968445993 5.698734191160597 1 -4.070890186213948 0.3505443415044025 -0.007778708057423107 -0.018633605285716077 -3.663976211962649 -0.5852748953267237 0.006963844751741108 -0.004152959275969495 -1.2346974191878881 2.707892755690844 -0.03999016438478842 -0.02608620715126352 -0.5780821642956067 1.7999204943447396 -0.041138207360525106 -0.03950695751976676 1.0888440135651853 3.9434309651951978 0.0017196743214217894 -0.046088689419458984 1.7444288581330047 2.9882260437567023 -0.0227969468649039 -0.07397120255402119
1.9568793662159158 2.2274294179601903 5.489839283760675 1 -4.158526470927353 0.2861774934877044 -0.015510261275301212 -0.004768937341036171 -3.6319452050129697 -0.6280323490284438 0.00948728113774108 -0.013494688684333959 -1.3699888366792417 2.606550882478661 -0.04618198358891018 -0.039320998725087784 -0.7376772722037659 1.6444822146631228 -0.05791855063346228 -0.042625423591116304 1.016484430876858 3.6753646879871162 0.010578657556803192 -0.04024223917934895 1.577011074735057 2.6469851629094348 -0.00428030130236666 -0.033641605765956234
1.7849176981672283 2.1023335113172994 5.356348598651601 1 -4.21712270633235 0.25493839117756356 -0.01589451644409766 -0.008725710789574626 -3.6310934976177753 -0.7388366556425572 -0.01310247659880315 -0.039853602177603045 -1.5361179253824337 2.463144424878169 -0.045470853116835096 -0.04297007067017183 -0.9254610726877184 1.4844036911998035 -0.05378055065263712 -0.03899503342982927 0.9167656777583728 3.424743695748594 0.00974352049304526 -0.03357146910666241 1.4542317787417938 2.4061055653094146 0.002435530360084615 -0.024171048135749322
1.7075424890249362 2.0404338775276245 5.202603694870346 1 -4.189669907342813 0.22291483784487864 0.01698697041875711 -0.011158244600751967 -3.6721684991218 -0.9143666671425991 -0.007625009789103607 -0.030053498022812406 -1.670846445880891 2.315215372166273 -0.02421569278178996 -0.03540210775359813 -1.0728609498904684 1.3202990410424111 -0.03369452523858869 -0.03788090521988214 0.8214256866517164 3.2155563484883185 -0.037496136028742855 -0.051999792956957405 1.368935330980353 2.227199334979626 -0.03674958300208485 -0.03966442847691939
1.76874902018648 2.0461464946819725 5.06344654259664 1 -4.151140362623105 0.13079351303555153 0.023607206243765493 -0.021534300503511065 -3.6803287784091028 -1.0737802626501392 0.017294444216017626 -0.019776809125223564 -1.699352251921621 2.190941084961063 0.015718720359479913 -0.016309351091344106 -1.1361679903442137 1.1585083436042032 0.010028267726753342 -0.021596045182590402 0.7692210424994803 3.061851501094017 0.010424060429932144 -0.0380546524627237 1.2977934896079812 2.073101472846241 -0.0136371560938623 -0.007313130209819413
1.7959810752657297 2.0577976530795934 4.994025923144642 1 -4.112137177067372 0.022904318817749125 0.024192096671129638 -0.01670007517988346 -3.656475422946929 -1.169771000655407 0.009878537143221799 -0.0030580922056868774 -1.6663053450360192 2.0923363597454707 -0.007165116576586757 -0.03182725519480276 -1.1174786293894634 1.0294798055642294 -0.012281194872348258 -0.027343431685674123 0.7742978941794201 2.9506360365048407 -0.02264529987492587 -0.0396822192268205 1.2760881190179827 1.9327051974782137 -0.02286373557450705 -0.030462146204900165
1.7770603480914926 2.0791761342680006 4.979319588196456 1 -4.061059661642247 -0.0404317079947335 0.026567571895822564 -0.008674869821920188 -3.6666600049181937 -1.2040276737753834 -0.0025021042502922537 0.008081316780462647 -1.6106805014063093 2.017834323327665 0.02480122634533822 -0.0036114140712935373 -1.0331909802558314 0.9610130602893976 0.03643507390401029 -0.002105378976261953 0.7818911647256916 2.8627664380487325 0.004034409751756264 -0.004692420058990097 1.340510283002974 1.8508311526886598 0.028804542421349836 -0.014365349184779708
1.8739313018572152 2.181697873250135 4.906027732853986 1 -4.009528309548176 -0.0430376807593853 -0.005958963202629178 -0.0038937017193621816 -3.7232972132963944 -1.2155239045064234 -0.021136638983562755 -0.0005435451421983198 -1.5439434141471833 1.9522799345242507 0.006532161107037398 -0.020742977406199476 -0.936873355157974 0.9154763797399348 0.005911908132294207 -0.016444940311479687 0.8350109736354536 2.820614122655072 0.03683434161707681 0.005060530861273862 1.4671686490779434 1.8562990175032739 0.03904065130644652 0.02175608772526018
2.006786116296001 2.316734569898491 4.85432139234221 1 -3.9658591209820186 -0.03833466077952641 0.013458664810819747 -0.006491756462215549 -3.764116758514409 -1.2170053535834409 -0.002419450210707483 0.009087405214250686 -1.4267152130282716 1.871495641681097 0.007933861052737419 -0.03250550434979772 -0.8295988044419671 0.8629760405802418 -0.001215123876599413 -0.027506315618179657 0.9429428127999859 2.8188987176478855 0.05024725277946408 0.031147126255313722 1.6030480239837903 1.89513869185771 0.05904588415754535 0.01917500407647091
2.080207690617204 2.4114857025408414 4.816090845474607 1 -3.939845814209678 -0.05252424700959524 -0.00832777435073289 -0.008463653268858189 -3.788779095539969 -1.2244697515306044 -0.013170843563158386 -0.00024772491902148343 -1.279300640426844 1.7544657165374664 0.045906868632501395 -0.015701263303880234 -0.6938827279034641 0.778132044956555 0.05096918256315733 -0.009061607619948876 1.0635452525054037 2.8355488587512263 0.034149430542914694 0.017767385627672997 1.755042704047594 1.957264266543488 0.04375991865783819 0.02310306707548182
2.109240594437147 2.491961586113198 4.813530145597596 1 -3.9137958388794845 -0.07922385103351925 0.012600591503332828 -0.006629552708864623 -3.798549973155751 -1.2360946175301997 0.002693441327677088 0.0013940112642269924 -1.1325535330054421 1.6085120070768872 0.015706135299701218 -0.03887198241150926 -0.5297665740381801 0.6698112821751219 0.01938936495197708 -0.032245752630058265 1.1424609986712815 2.8622265345644298 0.012312633810192403 0.014742745601896343 1.9023045762714759 2.0524129784755036 0.03543389008412954 0.018626921444502273
2.197464045742809 2.5832518074773323 4.829999599535997 1 -3.8839438678672367 -0.09647591069338479 0.025906177141331484 -0.0038611845817745657 -3.8103440700021824 -1.2364221266365207 0.011475342072870131 0.008292266613874302 -0.9846471174727078 1.4638767581240741 0.015576455432241534 -0.03571801751142639 -0.3652230421626781 0.5528549992527576 0.01639256464174964 -0.03444933038427159 1.1856100881623801 2.883288616328892 0.0026574407062668823 0.009352596254153193 2.0119298597021444 2.13985544535991 0.024391483148426756 0.0017008782381620138
2.2301855953959913 2.5974252845026315 4.741120607428368 1 -3.856687724222644 -0.08905163555318774 -8.089297183389542e-05 0.007475941546137099 -3.8150033378210706 -1.2133292063153016 -0.0018695026459023853 0.001193451888936277 -0.8356950074921521 1.3390711917241482 0.01755351330287972 -0.034507132347571426 -0.2307668214182943 0.4301290721171003 0.008702762340248846 -0.030004190369690778 1.2310276061403371 2.880937352120247 0.0143416919965836 -0.0026422599653703055 2.0704811458595227 2.148024589903471 0.008283279243088823 -0.0007936829469056897
2.1429829010119374 2.544687885655544 4.634500335075697 1 -3.8397067210427105 -0.0698097312599889 -0.006128492901228002 0.009130054786697778 -3.805475447187196 -1.172684163534075 -0.0031855989640141914 0.0006346692883351761 -0.7196708608540741 1.228646332497433 0.00906776975013461 -0.034969843334044515 -0.13414817083032826 0.3039700920056825 0.00022889436911679648 -0.025376815108118355 1.2536217921965047 2.8229537157224756 -0.008322664020078155 -0.03411841514991336 2.1026140188717015 2.0915374962394293 -0.006892495530342244 -0.02091165171738975
2.16612741275444 2.5611538252005346 4.52050956368487 1 -3.8335843433126833 -0.05549261093403113 -0.006517366655876756 0.0018790079035081297 -3.7969688944518434 -1.1447449129847016 -0.005418863105169189 0.001850712671178584 -0.6622187339404269 1.1222862338851902 0.020595733605328393 -0.01201662957607827 -0.073219621972056 0.1905310580845927 0.0212344268453287 -0.012041944175065836 1.2541105493845501 2.72181541906742 0.010878386957117318 -0.02983127738812307 2.1352746248711583 2.043921964981235 -0.005729995239127213 0.001536378069952756
2.2823652860078028 2.6632403896913397 4.4198786718945104 1 -3.829966435863321 -0.059767136377093966 -0.008708087903945099 -0.004534759169728918 -3.8010384673682576 -1.149373560971812 -0.010393659909111688 -0.0027871633449488243 -0.6455402036454432 1.0162113228623966 -0.018957384332088455 -0.041510218234612775 -0.054601639198537555 0.08553242271072992 -0.026465471861206277 -0.030035740141836464 1.2665776675796314 2.610640439506112 -0.007055682484387371 -0.045358949057007956 2.172148795140746 1.975790741958377 -0.007569287943882338 -0.03483626715383255
2.363246743288635 2.7277012227574833 4.3300946266559155 1 -3.830551922751929 -0.08545147742272474 -0.006818628637136644 -0.002210756909878894 -3.8211309866976233 -1.189840758435192 -0.010213190729953553 -0.016495718098951208 -0.6218469827535533 0.9231405393440859 -8.186476616701098e-05 -0.016870820721272307 -0.06248250164384661 -0.01802598474215189 -0.005778253803833541 -0.025597142827511927 1.303438426573682 2.5034077330024607 0.019967034075441197 -0.03137632358655339 2.2064071222433776 1.8868912245002312 -0.012150653012969925 -0.004568946706965428
2.3668020313659914 2.7477928203070814 4.241755797625571 1 -3.8242342696041556 -0.1274009531052156 0.015522960978847986 -0.014263177746823116 -3.8479868350214743 -1.2442021299325416 0.004846029487670234 -0.005373940801057686 -0.6030391615028554 0.847722411553341 0.001842421089699585 -0.007718583287654998 -0.08665555547946457 -0.11410148551663368 0.00019957428675169628 -0.020737154269294476 1.30739812628053 2.4008651808562593 0.01177816387162646 0.006813968985950429 2.2267079218018333 1.8076003297318692 0.015120322116583781 0.00831104286795039
2.549324500194169 2.8646874409439933 4.079662172308963 1 -3.868984149640985 -0.27459004112703445 -0.005591302082347911 -0.026534620703513322 -3.825333636237201 -1.390196691808766 0.0047657731750520935 -0.05240112377652863 -0.558473560600929 0.7146182538124151 0.03546836634382948 -0.032493772400214845 -0.07368163920287873 -0.23448380519618006 0.02051748287997924 -0.01635479528451599 1.5053178976949422 2.3010376997730666 0.060178466511396085 -0.023076157577116754 2.3333551993176913 1.7668400920001957 0.0363994395094341 0.003177172795325323
2.609265912594683 2.8959339210253034 3.865318931507474 1 -3.812025611549722 -0.5138791111656983 0.0033791277221595674 -0.058218290134583295 -3.9460790476771415 -1.5364566300797358 -0.058395657510254 -0.021782778956158565 -0.3755622522411004 0.5449983116451198 0.03802886162753852 -0.03756745451722039 0.0464146718026992 -0.34433202090717974 0.026091760024831333 -0.019613592210228393 1.8492242691705565 2.3360661736298116 0.07060927536855381 -0.009414417659603588 2.646867220349894 1.9700369208484507 0.04160491830573832 0.060168465970685744
2.658182864402939 2.9571396736717652 3.715446487485847 1 -3.788863541577335 -0.8229792467280792 -0.021567335370917557 -0.06331479325735793 -4.150294312408091 -1.6814641627558053 -0.020073870011741324 -0.022194426545547367 -0.06613756059136566 0.42709994427411435 0.07729294921849714 -0.02826692379032386 0.32660005740998077 -0.3756702953853771 0.06518976819035793 0.01454115325279953 2.124004616317749 2.4690027661206795 0.06445334726914509 0.054881252396859294 2.9542905922368075 2.2685660388817785 0.03915091696005198 0.06510763262589733
2.750047187775098 3.0594237105893685 3.533570316136124 1 -3.872448743611529 -1.0473771328651111 -0.007824750866578578 -0.04983017269133727 -4.163145312212386 -1.837183583948733 0.021937046990642604 -0.000336607477938497 0.25439923124932573 0.3564337439046634 0.06976319419957269 -0.03748691154201199 0.6562131350129663 -0.36610942268358115 0.0432174955187619 0.03195327682752189 2.314096279542447 2.6456078983658204 0.0430301981302522 0.04615944372555163 3.1574229990353944 2.470539737455293 0.023494002387857288 0.04981149147816821
2.793762840406076 3.0963866886445524 3.3750760143900465 1 -3.8614294978160784 -1.1277313231717545 0.00751157112259229 -0.022427757760641952 -4.116088203498697 -1.849448278032128 0.024123214462459935 0.04405346346087881 0.49773925114527984 0.32893251545101054 0.0469949950265806 -0.02695118505794129 0.9019437859026258 -0.35453877256031074 0.02332738985140138 0.020869323525013927 2.4379019589009703 2.7383563470432435 0.04037980563949879 0.020149374316695487 3.2880846712710827 2.647671306557814 0.00044767045543464903 0.03767209065708209
2.872816923000092 3.1193659098176214 3.3007635521135197 1 -3.7678398229865433 -1.0427938290018728 0.016791495374691674 0.023507445095821557 -4.056728780359368 -1.7168775474259617 0.021674635730284393 0.04234319587396401 0.6538775914628134 0.31540456924929416 0.02998311915401402 -0.014574792290121439 1.0665821887770317 -0.36069209243679834 0.020231752093781294 0.009952059755483524 2.5287854971573624 2.807939062383649 0.026253888084588055 0.013493759951694335 3.376586977379189 2.7224740813525234 -0.001273611713350116 0.0038158671150110924
2.912642533033106 3.0794815167410388 3.276000801880461 1 -3.682172367210403 -0.857965392356149 0.009703185751572715 0.03146835713921863 -3.9331224774358002 -1.553960047667804 0.03341487527191536 0.04012805722597694 0.7352540729274715 0.2877669544667385 0.01567007799145078 -0.016852473696941227 1.1844245593268452 -0.3790763674810027 0.011986367648353057 0.005408878667194021 2.5831955230643437 2.8477017530644977 0.01608811789319073 -0.004307497019758963 3.424566337390388 2.718429161500274 -0.0052243964114641085 -0.00035311970082630003
2.9083703534420065 3.075558311078918 3.272881444461693 1 -3.644288591151592 -0.6801803772617734 0.005174204294491731 0.022563409759258145 -3.8080049694209457 -1.402383247560551 0.021226688847836392 0.03636569550755601 0.7619401981597198 0.24322453612703665 0.008278014318575035 -0.016744604718404287 1.2482497628653233 -0.4157609415500716 0.0008167842226459842 -0.0015724850691304741 2.60288191464299 2.8025497654190645 0.011114114154859828 -0.012402581920947075 3.451407050281875 2.693584611171003 -0.008350725721496529 -0.010678879983132349
2.8723712503499597 3.0426480782391008 3.3242966551365103 -1 -3.6352603547792026 -0.46808809920795424 0.006588570713545303 0.04259649899340733 -3.5873615089954414 -1.3245727851416111 0.07037453067203579 0.022525801670088712 0.9314528372484903 0.36535580755883035 0.04435188659170934 0.013610602805815943 0.9975818300260002 -0.5858355919240981 -0.0821992510343161 -0.009354977684652974 2.4562578062559712 2.7239396415764063 -0.03734352633806917 -0.04040029472833649 3.36800039265549 2.5864795685887807 -0.04634541995742806 -0.03761934542902862
2.909903539986293 2.921461492781825 3.369169502266043 -1 -3.623347012141591 -0.215361244703007 -0.00650449394106265 0.06658396499210668 -3.381259148720277 -1.1385157157072419 0.004572127033650111 0.03737578056511779 0.8736079268656596 0.4547126616611341 -0.06139928763730642 0.027938589095341665 0.7233677716204925 -0.6301843760491836 -0.027192129989573363 -0.019212532972989783 2.211645764696983 2.489821958009701 -0.023109180019450365 -0.04889218184753961 3.258600928157729 2.2395949073857087 -0.03222503912780536 -0.07908207646453325
2.8424313499401452 3.0412655963977633 3.445967235791566 1 -3.7149139234494717 -0.03194550973396226 -0.024758992196666683 0.021801468866898457 -3.467752040004852 -0.8974088522972474 -0.031272909943337396 0.0409051554356799 0.5218821905242486 0.4823258281911438 -0.08791749416140564 0.016883016699379465 0.5330148526276259 -0.5972688070866896 -0.034299826517729406 -0.011799525194336335 2.1154349909845243 2.142768529410253 -0.017860019637576323 -0.09413866482620098 3.1286865029060555 1.7227693700144595 -0.03562893714414066 -0.11408647708860774
2.4750052744038347 2.91631384744686 3.2690461909591897 1 -3.8596556488115934 0.1113879496834922 -0.028861615931025108 0.024302602944923528 -3.623206457199194 -0.7962506618937009 -0.024791228245638272 0.014136795973063315 0.1698629941495433 0.507624364395215 -0.05592070222173642 0.01741585758148511 0.23713437734394915 -0.5731178342161253 -0.08288452806333357 -0.0074573288608509435 1.9999878485347224 1.7624697841626853 -0.04631136786138198 -0.06708951303374881 2.9578213551177397 1.2304176935428974 -0.024266362063454953 -0.0971383793274722
2.3369772426839464 2.74774655511692 3.2036858292655426 1 -4.025813903172176 0.2622174367044725 -0.03335031527018213 0.035536995459569294 -3.7190373137387094 -0.7568287189092795 -0.009670773279155612 0.007565675621508044 -0.013576393194242975 0.5315848616763033 -0.032825490859303794 -0.01264016773380303 -0.26588537741620133 -0.5070781343193619 -0.10840929171722971 0.03597550350653143 1.8177244327297748 1.4540625918330674 -0.04982797243167258 -0.07526463834219463 2.735127021627858 0.8581148047369482 -0.058205069152418916 -0.08404993406795021
2.359403497014114 2.717586661011666 3.2099951614812334 1 -4.211092036790905 0.4170887013869313 -0.04802124375539824 0.02307047048316592 -3.774962223765881 -0.6853553881140049 -0.022981732995135923 0.01644546938771058 -0.21281220848772975 0.5292916307579099 -0.05286336644158593 -0.009021114693550889 -0.7063287540181364 -0.44027955889190273 -0.0680036879734369 0.012829845194718392 1.675849794771029 1.2084444883203065 -0.031218564010244282 -0.06633742980605384 2.512341683837711 0.5205720293068046 -0.055109670939324805 -0.07815551862443748
2.218226860553538 2.5904484907218213 3.08622125471343 1 -4.391380948868318 0.5355760442523094 -0.021053173048848704 0.014138940409836926 -3.808794261058007 -0.5442224766519621 0.00012143124509949752 0.04468917375509591 -0.45253055491657346 0.5238572827159373 -0.03266274353059584 -0.005221219329139778 -0.9697138956583458 -0.45154790135245293 -0.02475311636823472 -0.007697517301036995 1.5576165245093208 0.9277046807320608 -0.038759227333888674 -0.06740657602026917 2.3115520979611706 0.17611061600893407 -0.04610917769076274 -0.0716650629285814
2.066814885518623 2.420337152591504 3.0361767392454557 1 -4.548312523669655 0.5968894054616356 -0.018905871172534817 0.0090122314664371 -3.8409563347150453 -0.37772556660604195 0.00039961175992162185 0.04060419411411131 -0.6416727351879254 0.5460286373346499 -0.0038446741325110986 -0.0005647986609855354 -1.135581873743042 -0.4584561473108366 -0.014862867279698964 0.0015832752969781594 1.3984007466107622 0.6856218370234719 -0.04272091993110783 -0.05128906423095124 2.1191821396061066 -0.11583559433774193 -0.05257711306588808 -0.05778492354110307
2.0008748716096765 2.2607458886838194 3.0273726406772883 1 -4.66478245860256 0.6467357378882883 -0.011298562545582216 0.013904251870083402 -3.899912181592587 -0.25004440865709554 -0.006567849953639668 0.03007012690289343 -0.7053590405978611 0.572146381842692 -0.02120964633328276 0.00807507454217379 -1.299492506358277 -0.37942892881006707 -0.045669622931971514 0.0319561174804959 1.2902491419807358 0.5419837625665143 -0.00037180836504684123 -0.03677090071192762 1.9147776826811764 -0.3522233979755065 -0.03611888344540037 -0.025369999539298825
1.8673036237127802 2.0810146082954586 2.9147217085410673 1 -4.7490311018394396 0.6864404804781148 -0.0035332335446556402 0.0084546939864603 -3.9663853663170867 -0.15973386998433092 -1.0076457019562307e-05 0.0310259866974532 -0.7146849301764315 0.5813247603333056 0.014336818329986503 -0.008945886292575528 -1.452072205261591 -0.25245067099731466 -0.0178660990238643 0.018009970297252036 1.2330646002002723 0.39798381337564215 -0.00043538376598151185 -0.028794321893251415 1.75182136591613 -0.5619810180762814 -0.01757059379793886 -0.026977522384554028
1.6949832279179315 1.9208033703647782 2.8390679311195215 1 -4.8256176428605055 0.6780239927352805 -0.025350883406453875 -0.008097268550014138 -3.9966763340838884 -0.0716640026326838 -0.011465815933276446 0.002859637324057822 -0.7609645451447657 0.6000543265411658 -0.01648809491513137 -0.011055772170587693 -1.5767505110623423 -0.14825937031968717 -0.009949556478565975 0.026175854592700287 1.1657860239827906 0.23996393250116776 -0.004358586612749474 -0.025628768965905806 1.642554983636944 -0.7274868400018637 -0.014333155899671147 -0.023504935831576094
1.6416829590876156 1.8406178062321767 2.7312329680460214 1 -4.8980176456006985 0.6448900934322213 -0.004610878237921771 -0.0010386756247577381 -4.006301083597957 0.000946459669716404 0.0016238356033500731 0.020481708714442298 -0.8271549027807756 0.6321892065423311 -0.022370118604498845 0.0165087396702309 -1.6632743806811785 -0.0861028937772158 -0.018082240807753294 0.012865709405173929 1.0811257171815747 0.1269404490900674 -0.007229531041866723 -0.014761187600869325 1.543324765966399 -0.8467106181753515 -0.012329105720417444 -0.017792102223533876
1.554990494247502 1.610077764518123 2.707487014476941 1 -5.039690287803186 0.6922783497755003 -0.03832483560383646 0.011823712027196254 -4.182104230300251 0.16842929010574936 -0.05839936079941066 0.03081109979050269 -0.9709103950123401 0.6672809054075388 -0.027419850602136343 -0.012774478275920707 -1.3982214034484124 -0.22465101961202982 0.04531726598575926 -0.013566803850942407 1.0815560652438947 0.0826425472415313 0.035807289704707305 0.0010606828863674953 1.4313574859441323 -0.9881825393075376 -0.014582316459682838 -0.02644602866468897
1.1287648777902992 1.2410868949310268 2.6354272902444884 1 -5.168740967385537 0.7281276691139196 -0.033464364416670514 0.0042736084652402586 -4.410517442723429 0.3731543445819667 -0.025259817410470675 0.02961978432350659 -0.9217434458798528 0.5229602080099149 0.03449176974261792 -0.03201303694729083 -1.334802950638874 -0.22597677576665287 -0.0056722980486988836 0.004022489400336075 1.1317450969822138 0.09166082367957773 -0.016410128848867386 -0.0006190787768726985 1.3941535025343121 -1.1060539250992694 -0.006395217550482286 0.0016872020417524058
0.8310396937306693 0.8913417783045833 2.307909206845586 1 -5.227649624789195 0.7238147870826046 -0.025829834808076584 0.00929821599186869 -4.52012713489821 0.45640678584272965 0.007496561315087254 -0.0026933199010109416 -0.9096523331096757 0.5142505672497348 0.011577188269870923 0.008088810363612475 -1.367661328095637 -0.1665580638293962 0.01795521707249986 -0.00047513647863928475 1.1957671184281713 0.161813574558628 -0.004769289344754417 0.012623864221112143 1.4835240758338974 -0.9968057709230485 -0.00793065199371367 0.031797830076608254
0.7413098532938298 0.7262070076683231 2.0214534886559505 1 -5.20777848946092 0.7397258163945564 -0.016489228790524887 0.006191267328587316 -4.501916408052578 0.4467792032174651 0.02688974065571135 -0.014058214404674306 -0.9863536812918001 0.6574727874947504 0.004634271802433312 0.025240782801204092 -1.3192649053675503 -0.12235401609738217 0.00805760237604372 -0.0004822624473732832 1.3460845776161312 0.27140706506803847 0.03048384157244685 0.014637006586760273 1.5018569817546528 -0.8552870877251798 -0.011821708752940144 0.030203136621053842
0.6682725438717522 0.5818708639980138 1.8372495423411612 1 -5.196323739252914 0.7050038341606712 -0.022691194764243125 -0.010043456036995633 -4.436189408558771 0.4042831491750991 0.023546269785881924 -0.013426660886771958 -1.0131874918502395 0.7229526759044445 0.015185725255158475 0.016589572930636776 -1.3149304456258029 -0.06310711429810612 -0.006318186632672293 -0.00445115427688016 1.5488935035499933 0.35343643124289903 0.037996519680252146 -0.0027528423090567335 1.5022180874529445 -0.7482106377301377 -0.001951276302835486 0.035775390640735566
0.4723466042864069 0.3181619904047787 1.6958905757107305 1 -5.245880105707469 0.6286061247485242 -0.03770641284545396 -0.005709223844778549 -4.415529650351814 0.3841156931960106 0.012085253183751869 -0.0036874312989206804 -0.9891329941339801 0.7829258220540216 0.01699166651583315 0.03668835667612519 -1.2482939657418215 -0.0008868170203299997 0.018819041777269403 -0.0007861286392097959 1.74451994127753 0.4209978923311737 0.0537528041454261 0.01575920622470439 1.5198157143173017 -0.6501188710872028 0.021473509115352403 0.012901516185598797
0.25370003720892864 0.06333120075473668 1.6702201895340145 1 -5.326244498458264 0.6181284001097846 -0.010332254792172174 0.008057699134778912 -4.480564191558715 0.3890042698943421 -0.0216928729596966 0.00681747986917557 -0.9237588177382645 0.9342542605646376 0.02718252989668785 0.051515411023913785 -1.064672384142157 0.12105449956183034 0.03413890749487361 0.014227715655893192 1.9166383989503837 0.5038691704979799 0.05631567087768959 0.006630570187593285 1.5717610398873951 -0.5349484611770574 0.040026449190752864 0.01648155274063376
0.08849341530314073 0.12526473297164661 1.459188438137589 -1 -5.396551269499141 0.6717924274710003 -0.023082203681396067 0.012385960350075173 -4.582689236263825 0.4018530566643477 -0.011729253276374347 -0.002128853440881104 -0.8139924974673924 1.1166385147183924 0.026593882553140026 0.039370916797737986 -0.891120994962427 0.29670215792499044 0.02741344419258627 0.029372053657274716 2.0794182114158666 0.5909233754357446 0.013917151081998955 0.02057415727712297 1.643917846916441 -0.42069949073595714 -0.008498553206071988 0.034141862924090945
0.06971487973312085 0.3199595850933478 1.0291227700626802 -1 -5.422641948052345 0.7017555450020831 0.02185685857930659 -0.001121399910234834 -4.640552533769913 0.41928583185018375 -0.012064163647255951 0.02028105843610293 -0.8238866114448138 1.364936419080343 -0.023405122515454513 0.05574066035967579 -1.0690492754470946 0.4528067122200905 -0.05111452897567486 0.02758422256843888 2.2984326977905987 0.6472796237282432 0.05821756859234952 -0.008188473741046962 1.8620224025172414 -0.2169181164037195 0.07190276738702102 0.04378486901639511
0.01769767942238919 0.3745626630958448 0.4935247047973623 -1 -5.42409724378892 0.6926495338881478 -0.019503570851951285 -0.0014567749262256466 -4.6323204438698715 0.4105350622861941 0.014345326292676293 -0.007442299275455643 -0.9510802706522248 1.520352410563604 -0.013586310617992148 -0.00353552915872523 -1.1431182010643282 0.6497592270720829 0.023685347785309264 0.05875551226990284 2.610704080751149 0.5674087445877078 0.0668234774830237 -0.015162534973621536 2.1640342215995476 -0.1157948731768621 0.04042194587587928 -0.010124539262952901
0.05213203860171236 0.3772112125193116 0.21753774367109976 -1 -5.448563788512977 0.6369094172026022 0.01395180245799603 -0.018454045463972574 -4.624354709009292 0.40699991340892816 -0.012551681488255379 0.008180182679752013 -0.9195771688987455 1.6085181624207343 0.028837143539864246 -0.00757318704882981 -1.058441445128738 0.8041865206874736 0.027015906370598645 0.04713987262079164 2.85905154332975 0.3982483648037116 0.017354269791961262 -0.06438025347499678 2.3757931127649607 -0.2051484470824665 0.0578267156234474 -0.009490163359338747
0.09367423780531466 0.3925395417376419 0.18802423213572736 -1 -5.478043266132092 0.5726070989575822 0.018156975156035197 -0.008270746132984919 -4.63798275450236 0.4232349577339911 -0.01669392481263996 0.007498270972813445 -0.7251450342224577 1.6701100684844454 0.04735300403834719 0.044977895544484725 -0.9544187275032585 0.9358947871708858 0.016242895653634223 -0.007953753736166993 2.987534166065621 0.26389834722649397 0.03843036092089332 -0.003032520416418206 2.481414272244403 -0.3523685692640455 -0.0007743550723826632 -0.05121249744197749
0.16189906766455373 0.3548533034911919 0.22547469458977001 -1 -5.459896350038496 0.6018012262496666 -0.002467516720669252 0.017421345102585712 -4.643355714874518 0.43385583710968834 0.011988830254824044 -0.002824963193062143 -0.5663034014989217 1.7456908441140486 0.026762833281068245 0.020142912327189007 -0.8009762644031158 1.019025535076163 0.031510822434103775 0.006535819278854632 3.038659157709154 0.15809405191128723 0.008018091677096058 -0.010998925197413613 2.50609676332862 -0.4644513570485961 -0.004458234006683669 -0.021282742994484447
0.20369707545593072 0.3236329107947977 0.2752286210704126 -1 -5.347471034432232 0.6922192558121323 0.022331665284714287 0.018332646880085134 -4.586732729193952 0.4399490045954302 0.026234648259742952 -0.0034179257410134577 -0.44716621790702327 1.8117125024799785 0.02831194404758653 0.019515622130414786 -0.6707863515718961 1.0580512997380818 0.015303349907948818 -0.0026859937522432653 3.0292180125287764 0.10263141269173182 -0.00034686146416250396 0.0016536969311562871 2.502453742293631 -0.5328631940355972 -0.0072012246483425 -0.01768221621330333
0.23143808980443434 0.2943741958275018 0.3227671512960005 -1 -5.163493203533415 0.7412733431063065 0.03052820622230746 0.0055250798587260725 -4.447290758748981 0.4202131124794328 0.039127630905393354 -0.01136455696520726 -0.3222988099808912 1.8509175495869985 0.026832134497216754 0.016655639370578457 -0.6033464138575844 1.0846987985447423 0.009436941266064088 -0.005203355812642564 2.9927813061222563 0.07955911428392626 0.000762592050140308 0.003149639849137631 2.479705619101443 -0.5745586655310692 -0.013399135473797952 -0.013525838262267852
0.2723121811863734 0.24381063190730454 0.3407853534758111 1 -4.970000957297856 0.7278852711580757 0.027224288944898117 -0.003709137024183644 -4.274623550321079 0.36456810023159125 0.039812185152729426 -0.01760195359497068 -0.2266636187272022 1.883538247219243 0.0203435560244999 0.017088401891839744 -0.5270877937058556 1.0980010629941601 0.013728001778026414 -0.0076230690485795255 2.9723631603888085 0.05611776438771954 0.004265887154009267 0.004905014405880946 2.441821644011158 -0.5992482982989074 -0.011131319723612837 -0.01340649702798025
0.2921095635994328 0.21870871234158384 0.3057407199253686 1 -4.809027176652207 0.6852426224132084 0.018643905980215605 -0.005207584659950417 -4.12112031582828 0.29055046942732465 0.03259508513201809 -0.020537145899200186 -0.14466875398963897 1.9142944296588964 0.021888305607452335 0.016414565530753437 -0.4489803212794765 1.1160347195498637 0.008886097379583721 -0.0031379380511377536 2.9628156677340423 0.04479668863185604 0.007178137811583506 0.006449307405283877 2.43779419906455 -0.6300304931582872 -0.004126501548165448 -0.014819178716822864
0.32175744790899463 0.19828194329251825 0.2667274798401958 1 -4.692815777561345 0.6482383662575346 0.010057660254061226 -0.0018086105447122636 -4.013222976567736 0.2129076038843687 0.022487591279478716 -0.01987208733804771 -0.059878261749652495 1.945442836973061 0.019861367891039046 0.018024707812729805 -0.39576753214183924 1.159576595207621 0.005971790417741058 0.0010080183203436885 2.982422194140071 0.019591526075513066 0.01476572015387282 0.0006185800399404265 2.452454937987424 -0.6571063078289087 -0.0029380874827189714 -0.01312644304842445
7.565102 2.0838058 3.8707066 1.8522086 7.2142563 7.275158 -1.5023074 0.5113921 1.9386128 2.2429082 6.252101 -1.7802998 3.4905338 1.0938159 2.176085 1.3339539
8.652951 2.2826967 6.8580093 2.1384945 5.6033792 6.384755 -1.2039845 0.80366707 2.88504 2.1075635 7.14003 -0.25866616 4.325573 1.2254851 2.6883981 3.989097
8.586233 2.3779004 6.755274 2.1468408 5.5639195 6.397173 -1.1359904 0.94448984 2.912865 2.1249492 7.2079277 -0.3002106 4.345125 1.2268072 2.6720552 3.8957343
7.6317225 2.4908063 4.339272 1.9814918 6.5644603 6.9839644 -1.1133989 1.3008834 2.266078 2.2782786 6.7735186 -1.4968194 3.813359 1.144613 2.261712 1.7069211
7.567672 2.4370966 4.306178 2.0173953 6.5261397 7.183211 -0.8909558 1.5741097 2.3498206 2.2948542 6.727217 -1.5119644 3.7715597 1.164333 2.2818544 1.709342
7.554802 2.4007378 4.367125 2.0460844 6.4651356 7.2862015 -0.7507132 1.7417781 2.4230912 2.3003218 6.7150145 -1.4801813 3.7644167 1.17948 2.3084583 1.785327
7.8488836 2.0839653 5.547375 2.2880614 5.7672114 7.714031 0.12605536 2.7331963 3.0491672 2.2850232 6.745206 -0.89267623 3.8755593 1.3066633 2.6142547 2.9649591
8.309151 1.6318309 7.5113783 2.748965 4.511842 8.3486805 1.736716 4.8456583 4.047635 2.2798095 6.844838 0.11947775 4.0381618 1.5334373 3.1412752 4.8777266
8.137317 2.1837316 7.891523 3.0256329 4.4064326 8.002369 1.7567596 6.0641537 4.252678 2.278368 6.9772506 0.3951044 3.5401115 1.5492529 3.3253236 4.7648325
7.7304544 4.6259847 8.617515 3.6016736 5.4329243 5.3646784 -0.6662533 7.3274193 3.9284227 2.1092741 7.2126455 1.0133414 1.3038791 1.3310287 3.6789355 3.24644
6.661085 6.662778 5.345956 3.3775456 4.2086735 5.6486726 3.7200394 5.431789 2.682553 2.1448064 5.2544365 2.894598 2.4167118 1.4690789 3.411304 3.2565928
7.488258 4.846966 3.4081101 3.1720428 2.6678333 3.604718 4.8552947 2.4792888 3.900447 2.0478892 4.4763446 3.8512514 2.9040165 1.6605473 3.3610291 2.5152302
7.534908 4.858657 2.7348027 3.0018873 2.297122 4.6039214 5.6635427 1.4973876 2.4574924 2.1170702 5.91334 3.9434073 4.0369806 1.6453128 3.1879668 3.6124249
7.4940624 4.64759 2.5717282 2.9939811 2.1979325 4.4694033 4.985877 1.3059366 2.2533195 2.0931325 6.225819 3.7388666 4.0987506 1.6101248 3.1873248 3.694954
7.420722 4.5219293 2.404901 2.995163 2.1308093 4.301969 4.280952 1.1231083 2.002648 2.0658917 6.623092 3.5549371 4.132543 1.5662721 3.190147 3.760685
7.32756 4.472117 2.3341517 2.9894202 2.1216836 4.2858095 4.059038 1.0722506 1.9318669 2.0522237 6.9038095 3.4827492 4.13899 1.5458037 3.1887383 3.7750802
7.4037495 4.407675 2.3616889 2.9880545 2.076489 4.280564 4.096985 1.068082 1.9844787 2.06194 6.6302342 3.4777312 4.1710157 1.5625542 3.1886988 3.7923284
7.310096 4.434904 2.349834 2.9833107 2.1057544 4.3316145 4.1568065 1.0922292 2.004176 2.057918 6.81119 3.4850898 4.159183 1.5562491 3.1862159 3.7785115
7.358965 4.3959484 2.3867671 2.980401 2.0783179 4.359832 4.278944 1.1133809 2.084415 2.0684886 6.576482 3.4996204 4.1840553 1.5741434 3.1850266 3.7847672
7.08402 4.3161163 2.446125 2.9293828 2.121035 4.811721 5.0830636 1.3564895 2.594333 2.0813491 6.8497696 3.5423322 4.2300415 1.6047018 3.163171 3.7123556
6.7771845 4.332072 2.4046648 2.9013612 2.1954405 5.0185423 5.3009605 1.4604065 2.7374215 2.067146 7.4965186 3.528915 4.216242 1.5861499 3.1504626 3.655641
5.820002 5.003025 2.2576234 2.880958 2.744773 5.2203774 5.4980497 1.6764385 2.4426749 1.9834716 10.071716 3.6903653 3.8893857 1.444329 3.1303442 3.3833938
5.1805925 5.465105 2.1159873 2.8831115 3.1660886 5.4113016 5.4989405 1.7004559 2.1657624 1.919793 11.75215 3.790228 3.5984755 1.3410443 3.1322644 3.2335072
1.4249167 5.858003 3.403176 2.9996269 2.1825438 5.3043346 7.0716887 2.5220025 2.5971463 2.1260407 10.692804 4.631056 3.5802975 1.49192 3.0781326 3.6378164
-1.4608092 5.8907022 4.2264323 3.099784 1.433846 5.256383 7.379906 3.1545973 2.5536826 2.2605307 9.501665 4.9364786 3.5251305 1.5713322 3.0526094 4.071405
5.1492176 6.9725704 3.007776 3.0754838 3.182507 6.556644 5.9382544 4.1276693 1.9610479 2.1642885 4.063321 3.425156 3.549064 1.5476629 3.1606777 3.620152
5.379407 7.3360834 3.122291 3.0949924 3.3689132 6.9122415 6.306808 4.62577 2.0210936 2.1999345 2.814427 3.3926134 3.500215 1.584976 3.1643186 3.6157713
5.8081393 7.057583 3.10469 3.1064913 3.2297382 6.591764 6.4455404 4.295308 2.1371799 2.216419 3.0684114 3.5147524 3.568573 1.639786 3.1766744 3.6732721
5.8675 7.1266108 3.0906963 3.1335275 3.2477968 6.603339 6.3768334 4.441269 2.0747912 2.233147 3.0840921 3.4460292 3.5476167 1.6650581 3.1871586 3.7545233
4.402441 7.667491 3.272088 3.0959792 3.9388454 7.2869105 5.7013674 4.9690275 1.7376952 2.1038308 6.391625 3.1794527 3.17438 1.3964213 3.1713185 3.5390406
6.300007 6.852049 4.476585 3.2023683 3.7141953 6.334468 5.531069 4.4423075 1.9250104 2.187438 5.9329815 3.43497 3.2481601 1.5146871 3.240518 3.8216162
5.1904945 7.499898 3.146643 3.0906427 3.4284317 7.0366096 6.0888643 4.947658 1.8985031 2.2011454 2.6115642 3.2384975 3.503119 1.565799 3.14995 3.6286163
5.388566 7.743881 3.3324947 3.0664597 3.2847106 6.5101013 5.7546234 5.2877264 1.5482024 2.1931355 2.521562 3.1753802 3.6432242 1.5361238 3.1172686 3.3505225
6.4128714 9.70546 4.75758 2.7219493 2.252653 5.6370187 3.4873235 6.9012156 0.042627275 1.9596028 0.7443857 1.891522 4.3451357 1.2008498 3.0186472 0.047548294
5.807356 10.03624 5.424264 2.724155 1.6791539 3.8041635 2.82605 7.5535946 -0.8306812 2.0038772 1.1553955 2.174381 4.618074 1.173003 2.9011168 0.027009964
-1.6070299 9.933821 7.3836555 2.9585423 -0.27165127 3.3607578 3.953278 8.643684 -0.7119887 2.3259265 0.903533 3.1389108 4.458261 1.3987757 2.8288705 1.151833
-1.7803459 9.865374 7.5475616 2.8714101 -0.32154799 3.061613 3.9284196 8.44853 -0.7683594 2.2739022 1.0096803 3.32851 4.5141764 1.3086705 2.772774 0.9578161
-3.971768 7.205819 8.197102 2.84626 -1.3094158 1.9582043 9.721229 3.1586647 -0.94753885 2.407618 1.7410665 3.284268 3.2108622 1.3982557 2.9101589 4.0945606
-4.3948674 7.021099 6.405261 2.4133773 -3.5026126 3.2254572 11.137087 0.020566463 -0.7498394 1.84659 3.9099298 2.3441422 2.2993202 0.95095074 2.2506993 5.7239666
-5.563926 5.9170003 6.3719034 2.624498 -3.7778196 4.0381722 12.296133 3.1715755 -1.385321 1.7863653 5.1553826 2.4017537 1.7287892 0.8885622 2.3695219 5.364835
-5.8952737 4.89574 6.1831045 2.6100326 -3.852292 4.6670103 12.439719 4.120409 -1.5734632 1.7201325 5.452969 2.071365 1.4978716 0.85640275 2.364274 5.2984247
-5.3139973 -0.25394392 5.5133677 2.029877 -3.7623916 6.9579186 11.8296175 2.6392946 -0.18800458 1.6022263 3.4892497 0.32348573 1.8012135 0.9706352 2.206165 5.7147074
0.12908602 0.3726151 5.644305 1.626179 -0.1643877 4.6300135 14.469093 2.6992373 -2.9085796 1.3797483 6.4338965 2.6332726 -0.15526354 1.1491302 1.7184006 8.2072315
0.9256339 -0.0064721107 5.8479385 1.4921557 -0.03999138 4.35352 14.483466 2.9172187 -3.4229386 1.331784 6.5239916 2.8951025 -0.41069221 1.1903718 1.5991762 8.729817
0.41079712 0.5252943 6.8811784 1.5831183 1.2014699 2.467558 13.191076 2.8235886 -3.3646345 1.6539049 6.460945 3.3567872 0.075231075 1.4194759 1.8653004 9.07553
-1.167778 2.600636 7.701003 1.5124128 3.2240205 1.7485683 10.702873 0.32504606 -2.1848128 1.9238955 5.661067 3.7154355 0.19300252 1.6150422 2.1475747 10.186503
-4.211652 3.8388033 6.6580043 1.5968018 4.5490737 4.833065 10.45977 2.1792922 -1.3743207 1.7599607 9.173054 2.9748793 -0.34072077 1.3832023 2.2859654 9.63786
-2.808392 4.8866043 6.5645704 1.2166475 1.7998285 4.9913173 12.989985 0.81997705 -1.2119973 1.4895263 16.193604 4.481489 -0.18054342 1.2221866 1.5847507 11.0492325
0.92577505 4.0733747 9.514741 1.6988056 1.7833064 10.785052 12.681844 1.1392226 -0.37364513 1.1138777 13.826659 3.1838636 -3.0800104 0.9528886 1.5925777 13.473508
-2.054562 6.2379575 7.3853025 1.4552591 0.4532485 4.6119313 9.604696 -2.497754 -0.75958943 1.0949672 13.9014 2.3472257 -1.591042 0.6660012 1.3944204 12.833979
-1.3842344 4.7833853 8.512678 1.9173181 1.8807855 5.440661 6.1872563 -2.839548 0.8820884 1.0766481 12.86278 1.2402761 -2.9683397 0.66358197 1.940743 12.517414
-2.9338179 5.548491 8.218436 2.0762155 1.3143215 4.017753 5.6554794 -1.5327945 2.8895972 1.0141261 13.154507 1.1959924 -3.548976 0.6530198 2.0932698 11.190357
-2.1140661 4.8411155 9.380257 2.0353239 0.023611546 4.0994387 6.2562695 -1.4825714 2.9769206 0.9645504 13.990217 1.0022926 -3.6921287 0.62049544 2.049856 11.399262
0.76759624 1.56423 4.6566687 1.76885 -0.08055973 4.572926 4.2786655 0.33247685 2.4293995 0.90417993 14.257326 3.1087875 0.34295505 1.2097497 1.9139664 12.265365
-0.23178864 1.4214983 1.0489848 1.2732978 0.9168062 3.418536 3.175796 0.3884015 0.3035189 1.0774852 14.456356 1.1469104 -0.19334424 0.9759755 1.058719 8.529538
-0.42456913 1.0723982 1.0552845 1.1689123 0.6436548 3.5442538 3.0079825 0.24976373 0.32095796 1.0273975 14.704208 1.0030446 -0.33782148 0.95663 0.9870479 8.83608
-0.7787242 -1.2951856 1.9443719 0.90490925 0.0024366379 5.3104606 2.8156443 0.15206861 1.4089879 0.96385276 14.530226 -0.6301695 -1.0491738 0.9107313 0.87566257 9.325989
-0.82330036 -0.18032074 1.2442828 0.9660169 0.19886112 4.732195 3.22966 0.24183846 1.142934 0.9698365 14.523359 0.4115423 -0.6378952 0.9808793 0.8819866 9.467602
-0.7229099 0.8289242 1.3560721 1.079887 0.4732895 4.329123 4.234786 0.84598374 0.7565639 1.0000355 14.3088665 1.2231576 -0.78633344 1.0207301 0.9145086 9.334299
0
0
0
0
0
0
0
0
0
0
0
0
0
0
0
0
0
0
0
0
10
10
10
10
10
10
10
10
1
1
1
1
1
1
1
1
1
1
1
1
6
6
6
6
6
6
6
6
10
10
10
10
10
10
10
10
10
10
10
