63
1.8682012577778644 1.915455671867235 5.855271129503739 1 -4.23 0.3899999999999999 0.0 0.0 -3.67 -0.43999999999999995 0.0 0.0 -0.9100000000000001 2.62 0.0 0.0 -0.34999999999999964 1.79 0.0 0.0 1.58 4.29 0.0 0.0 2.1399999999999997 3.46 0.0 0.0
1.761772222889526 1.9913677427566965 5.830745663530463 1 -4.168404203914056 0.43261819969389426 0.03314829989456087 0.018490543742787677 -3.6801222605106654 -0.4732040223983839 0.003756482134345141 -0.01390269762468189 -0.9134332726685828 2.619745262289117 0.0001857287554928545 -0.004672414899868263 -0.35107357179857424 1.7873191236935049 -0.003854409305069563 0.0022872897703604816 1.5129113430805647 4.216673710672801 -0.027096463476173286 -0.03356358458950576 2.1378451994615757 3.385241798094482 -0.006943046235789578 -0.02850442308175568
1.825611630012595 2.1681165861025615 5.683522223235987 1 -4.0246116980571705 0.4344588701144694 0.022515712376397844 -0.01750965560328053 -3.6761135279420056 -0.5596631768335665 0.002514654493641224 -0.011995181561219856 -0.9630379136232161 2.6125126781724086 -0.015505871172488372 -0.00593503335055162 -0.37096483204956066 1.7461948214536953 -0.010058833162412278 -0.012672819480058595 1.3631980793712408 4.007329682725786 -0.02057288143887514 -0.05250702457284379 2.0747445419460675 3.1400934646363146 -0.022859567053342127 -0.060527298199250464
2.002515399727795 2.2964266180149027 5.4539879903629895 1 -4.00903346535494 0.33594130902010266 -0.007336187828882506 -0.01914247467855642 -3.6524913082292003 -0.6135268695179548 0.006650572672367049 -0.0033369181253395854 -1.0662315002611398 2.5735350408686255 -0.010147998729153966 -0.002071765377410058 -0.4490995107646176 1.6408728287492287 -0.008263813685231127 -0.018738953877273562 1.2958794557263893 3.7794951060282225 -0.03016366729453712 -0.0662113973530766 1.9082404196678935 2.7988297820177435 -0.06555732809258759 -0.07955717362091368
1.918846889433359 2.2122418517473945 5.268855545343179 1 -4.097208948725229 0.2730367967425644 -0.010097998681953296 -0.0063368287398057515 -3.6219478023321585 -0.6550290936113569 0.009638644899393053 -0.007473816934134001 -1.191783454486898 2.4795555848975335 -0.04057278063627316 -0.0307413059552253 -0.6027671153210008 1.496678019822658 -0.04795022615075902 -0.037934373105511926 1.2310771922568193 3.5362454724338814 -0.03583352234671937 -0.04905886063539985 1.739371462208931 2.487735379233841 -0.025117078605773335 -0.06626385616113593
1.7452312791265658 2.089734992566009 5.1439560600942125 1 -4.152840908128577 0.2433585425786149 -0.012891252560286011 -0.008822503157398002 -3.624117169707033 -0.7560149888251617 -0.0141873646300279 -0.033765425201899936 -1.348739754716278 2.344172759177596 -0.04747036743346275 -0.037478313789863785 -0.7718589676877796 1.3501658382135404 -0.04745606583291604 -0.03897543752335037 1.1105681248316612 3.2886145116945587 -0.006884041776008375 -0.029569920595336145 1.6415664464016029 2.276639050451046 0.002526761039895008 -0.027039888462754395
1.765478421517075 2.0883682973663094 5.041796191410452 1 -4.129650894701391 0.21375807749785558 0.002537024621506248 -0.011329684367269607 -3.672747242553611 -0.9208783961711877 -0.015554242905862738 -0.0365157862862832 -1.485146204831108 2.1989973192482424 -0.004973406911030758 -0.0208178673503171 -0.9060820570079917 1.197360087580742 -0.0068498671676544805 -0.02293707122853728 0.9964988417062868 3.1036758976692083 -0.04015756408536729 -0.0480469507750115 1.5642588006285578 2.1382185247094636 -0.03948411936217004 -0.03626888932654212
1.8532302626801618 2.126544738672285 4.929735895551309 1 -4.096676469910023 0.13528467655689158 0.017404442640943842 -0.02440766052033011 -3.695434746238192 -1.0749045004302196 0.011274182897810648 -0.01559682814856967 -1.5160533759293302 2.071347958628394 0.01619742021339686 -0.016847323752500358 -0.97419683834767 1.0376999768079873 0.009181313803273954 -0.023139730360139225 0.9472532523036774 2.972433994711729 -0.013624506058824433 -0.03536463275871972 1.4881616581945059 2.001121145836947 -0.026349696862728124 -0.029885742659784758
1.8247600267758723 2.111966039506892 4.913803708508605 1 -4.0733042038037635 0.031742828994224315 0.02086454564264064 -0.015404828537611048 -3.6695653703685602 -1.170937492329887 0.013317379766870788 -0.006880048259723522 -1.4841384164082845 1.9611325492051384 -0.010751315455504546 -0.030646243124528058 -0.9634827896880434 0.8961728850345911 -0.011373865134709588 -0.033602013523057056 0.9296980840270308 2.865257774663422 -0.013922886542078131 -0.02621066150523188 1.4614803385174442 1.8688385323577852 -0.005945236491462334 -0.024170777328815396
1.833916141185641 2.144422905055818 4.844206969704657 1 -4.030994109437913 -0.031071917457271225 -0.011166002106319583 -0.014716256655109373 -3.679825305159822 -1.2120420184185159 -0.023862513568513544 -0.007230534679290211 -1.4464121980130593 1.8657672788600799 -0.0048798812686356545 -0.028940243639091104 -0.8867848637081326 0.8031971461580856 0.0014198787968920587 -0.019596911327938015 0.9042782989077001 2.7827193826492476 -0.02383059589096287 -0.030909136750528976 1.5123359624305737 1.813162042708063 -0.006112279046615079 -0.01107873289428326
1.9509968229587442 2.2630493533129075 4.798744780667509 1 -3.9720639561003566 -0.04342355255971364 0.025358778424220397 -7.350385632839593e-05 -3.7350373124185685 -1.2251271864546052 -0.0014260480525310943 0.002840165418624649 -1.3881673540914474 1.7826310145859021 0.012616671773576966 -0.0036549043684914115 -0.7883950879960535 0.7424564515141472 0.027095280606813148 -0.020482744608493784 0.9276602635406643 2.748629775712397 0.021247222453163368 0.007514226917022467 1.6079094064063417 1.8293293758086078 0.03197112253342532 0.010740427737445291
2.0505909959012483 2.3787218175763334 4.758710585626106 1 -3.92494160555351 -0.05306968834320891 0.023686939467009394 -0.009330791781523063 -3.781254138059176 -1.2339735778038914 0.000478001849545611 0.011514892648522432 -1.275244417740296 1.6911600171252257 0.04453579176384098 -0.014257227254051038 -0.6887097457101383 0.6739779214368999 0.03895262623182063 -0.003956362253256573 1.0074640600760558 2.7363753949279532 0.003799370750924694 -0.014584464762892603 1.7161954750969493 1.859502403792392 0.010748092556147984 -0.0036969440059727568
2.1239879433345017 2.4658352102299865 4.727171729238013 1 -3.8942979386317687 -0.07553225093800031 0.002377694546608595 -0.009014541158314387 -3.8055780680738045 -1.2463779834433593 -0.004960151350074793 0.0006845939767174403 -1.138214843269318 1.566063870815892 0.03375530742276321 -0.03037084596105271 -0.5656988004963162 0.5756641352689624 0.030570367304072494 -0.013776120103986272 1.1047460493632855 2.742784144084837 0.04178129661895744 0.023662669651508005 1.8511454207680744 1.9153188855812457 0.0449648433450367 0.03452424765074082
2.186855185896471 2.558257529161418 4.7374915983114185 1 -3.8682686423602255 -0.10896802458971044 0.0005003461840975484 -9.924773863996018e-06 -3.8147841162398497 -1.2618098190089226 -0.005033492749983451 -0.012316960097709957 -1.0103711683394891 1.4166098737523347 0.038286163546290525 -0.023361199909225885 -0.4125892789550418 0.47124266459665987 0.04404557551418724 -0.011198138367038021 1.1667673878126914 2.7591254273042343 0.027957608352885084 -0.002136349870599779 1.9727291220374692 2.0070847948943853 0.010300117289760779 0.04528362728190087
2.255070359398178 2.649381468868007 4.6808917886056625 1 -3.83838490787634 -0.13386858573723792 -0.012785621877652894 -0.0012878494586296815 -3.8279033433010348 -1.2649787615206374 -0.01671237663166509 -0.0006544032442057832 -0.8860796186847133 1.2758269303065566 0.012538942777069796 -0.03927094568928436 -0.26483095350495667 0.3626089833912174 0.009582783250718659 -0.029465934484605237 1.1895502576135746 2.7649223847014777 -0.010710750749819623 -0.01688959207190348 2.0638421803134355 2.0840280209920294 0.005159423841285892 -0.009417938375073206
2.295198801073633 2.676250285221543 4.599724014211026 1 -3.807494850264361 -0.13693890948281684 -0.003778426677452022 0.002403052333097753 -3.8336380465380397 -1.249832089822807 -0.006583942504938808 0.0038091832248580205 -0.7549027787310036 1.1578494929098024 0.03856855046467028 -0.013317114232541356 -0.14353735522048794 0.24724305817110048 0.033280664691646145 -0.014814037869009058 1.2153639427508658 2.743695948926863 0.023292553769125257 0.013627774884722908 2.1094899842533126 2.073428739917906 0.01763443502264176 0.010527921521950293
2.233389869115538 2.632171609753257 4.4995441559737674 1 -3.7878689192323067 -0.12770889577221267 0.008433544312861214 -0.007513809873073769 -3.827470122401899 -1.2197720143004804 0.005822236686193152 0.018582141547654717 -0.6605810989902969 1.0462417249392448 0.02775987920993235 -0.014426324958874987 -0.06691880164677233 0.11845427102258776 0.0231489402076124 -0.01695337242236618 1.2351619523723611 2.6792067646708255 0.013356427352030428 -0.006596729969006475 2.129590565307538 2.003207872704568 0.009352146173083817 0.0002581556335090468
2.278045820496665 2.6497305692875104 4.39015421055373 1 -3.7815294628226455 -0.11910773899118077 -0.013465393493833777 0.0010454148062935256 -3.821207197015045 -1.2010432357304974 -0.011182135297037155 0.00234579711918172 -0.6172401106414429 0.933867858747367 -0.008054420384575902 -0.02923881807595785 -0.027322946250430746 -0.003331896012389035 -0.005470331460407656 -0.029864803187104882 1.2347354583566172 2.5689223939603445 -0.016752808404002513 -0.043897997783270984 2.1468255454035177 1.9486386519070686 -0.007868994917898102 -0.03075951389716219
2.3471277653325626 2.7101730929502446 4.298325964002013 1 -3.785015394543396 -0.12476054601067532 -0.009341619404213821 -0.0009523022827918858 -3.828254762635831 -1.213686338941544 -0.010047969689480976 -0.007391079087710124 -0.5975349721770904 0.8291309860400775 0.019087927885158184 -0.007241107940888626 -0.0125348045490421 -0.1017061112686406 0.01658607667805223 -0.011187989826658707 1.2386754429540483 2.4766824954789244 -0.013175684558881011 -0.04190786168480202 2.166040823804403 1.9023709734575043 -0.009409510847104709 -0.031172003116566514
2.361290947059598 2.747695195582375 4.230253301480943 1 -3.787076208993592 -0.14993482606043662 -0.007805829929754506 -0.0019250090620694799 -3.8500591282317407 -1.2515803047332388 -0.012204792513484065 -0.013340366159203957 -0.582037385474254 0.7389709536911193 -0.014614389517167228 -0.027047415563461914 -0.02482327786941685 -0.19758867167646765 -0.020057200384628496 -0.028417900621840898 1.2384252800447548 2.3879483880458015 0.00956690557635356 -0.028248716199411765 2.184508175861981 1.8481826378228767 -0.015445785193244441 -0.0018372107324987272
2.413675849113882 2.8020510111821095 4.166904924952504 1 -3.780193135825158 -0.18633130004854626 0.010321809040269296 -0.00820139186761851 -3.8788161275690203 -1.2958690330083211 0.0008241675028796357 -0.009534428012205082 -0.5701303880710231 0.6692288608142383 0.013552853826608782 -0.008034298357047928 -0.04229419555286995 -0.28736415336427945 0.0058837403092662326 -0.008012429169557201 1.2195354984563709 2.2983264026636974 0.003932830002057335 -0.009535248799249663 2.1870310508576125 1.7907708204239894 -0.0032156533056117917 -0.0006878031216563801
2.472553411025518 2.859821159777729 4.1112815657016455 1 -3.773421113572215 -0.22257691992244033 -0.003939764472940827 -0.004102817509672181 -3.906244307817981 -1.3350389620110452 -0.008690302184590298 -0.009698558684861294 -0.5827015167285956 0.6043404971662738 0.00957076913459472 -0.021948257381583534 -0.0625517222275116 -0.3566922194835582 -0.006481041241420986 0.008171114074277936 1.189401661444136 2.2134891033716797 -0.019502128562832503 -0.04612588412022537 2.1678311652227897 1.7267196918143908 -0.016809099484928505 -0.03750761616012301
2.472631360923644 2.8671285927552086 4.064458167948792 1 -3.7711447235813864 -0.2585333822775454 0.005202770562641838 -0.006003993125583632 -3.9240219339984526 -1.3680096511688156 0.0005362600764060588 -0.009199177027179569 -0.61283935125766 0.5505438693215317 -0.01700327927248978 -0.018024708496595633 -0.08146947205780108 -0.41541678913683666 -0.01499383555076363 -0.016327847637310842 1.1589849089601474 2.128807177376265 -0.015749199394807657 -0.020798934280986583 2.150087890260025 1.6551243157657534 0.0030126322232579307 -0.02386691623292786
2.4746026623060526 2.8701609504071 4.032473160671274 1 -3.770748552916379 -0.2908956779634675 0.010555435042880007 -0.009773459875917833 -3.942969897376838 -1.3977068384764957 0.003337622563401733 -0.004535795953593947 -0.6370903491226971 0.4933180238354362 0.009786568590300767 -0.005338694701225735 -0.10306616559333381 -0.47531264286641484 0.007610194605530351 -0.0052767171780054 1.1238432484712426 2.046474244501663 -0.020842281399665354 -0.0428580535394224 2.1212382338054816 1.5961230987028676 -0.01698739040774272 -0.03243233627840671
2.5062000814769165 2.892414466338099 4.012115443335231 1 -3.7644375642932473 -0.3197579469898114 -0.00041250917219798 -0.0004343348445633097 -3.9733441164400425 -1.4282535827534368 -0.010371048005189109 -0.012161355245130371 -0.6542517134198254 0.42555912676331387 -0.000471340326202877 -0.025344932180913368 -0.12361278887647664 -0.5448956557628305 -0.011742050738307724 -0.0040590820578941395 1.0779134709352824 1.9903216322807755 -0.021705817509415547 -0.029328650066398863 2.0811822480421647 1.5507606393629918 -0.011679907113107863 -0.02657248966922002
2.5089388108420545 2.8999726739571425 4.005197481755598 1 -3.7547608383410314 -0.35315384426936625 0.008872917772954382 -0.011244322474913897 -4.006828467769767 -1.4553683348196098 0.0003681621311289367 -0.003644652825599772 -0.6716996402094693 0.3541124746208497 -0.011679914815740926 -0.007929396609552677 -0.1320608274173667 -0.6210853398288587 0.0020590659035419727 -0.02691648507818642 1.0312651600359857 1.9431425747373088 0.0017354846471941206 0.015472916799856209 2.041640970011912 1.510395183946268 0.001745572555735037 0.012079665688782574
2.4932924912419523 2.8892879696793354 4.006531832086381 1 -3.7513295094048287 -0.3878852366287442 0.0009586646781243671 -0.015455356199203924 -4.033320395018213 -1.4827942364974536 0.00016470176968176077 0.005018246057888287 -0.6895755536211783 0.2728406388491824 -0.0006900106126210628 -0.019159728928474284 -0.1354985817302765 -0.6940927901819902 -0.0010204641494586907 -0.011424174239544293 0.9906231922956561 1.890710773356476 0.005020050834230277 -0.011721976301725444 2.0027801622711205 1.4763622678089368 -0.0248828753319121 0.004909365908923225
2.493591677998792 2.883927962400668 3.998841221623922 1 -3.753632841458961 -0.41964192593801986 0.00754274824035088 -0.01126524658893191 -4.055196760145562 -1.5102882300245095 0.002899405259776385 -0.0033835169624122576 -0.699195788456834 0.18552978749235605 0.0014912225601992242 -0.029526653818933844 -0.13680102598279476 -0.7659904939740194 -0.011086495331851298 -0.00239741473891409 0.9441154518718653 1.8535929738717596 0.006438455455112309 0.006925162350445635 1.9610828171952717 1.4516434431584435 -0.017000841792615205 0.01523250199785213
2.4884256675282677 2.877805446804863 3.9924329707494617 1 -3.749940255661496 -0.45222599581826184 0.012488380621699236 -0.012202722841373711 -4.080020105704527 -1.5319172071028366 0.00384118297460021 -0.0032616830668308573 -0.7085724466075041 0.10901410695978875 0.007522294653980137 -0.025046604676324472 -0.14100356080116772 -0.8372121320524799 -0.008652039929304618 0.0030859282394841425 0.8970723652751795 1.8199408982320788 0.002393375503587661 -0.015691345061974383 1.917612861064426 1.4317821270027227 -0.02803469949019278 0.00206968682910115
2.6404083639390246 2.9501775980612868 3.8866757059397363 1 -3.806098086125556 -0.6156104759183084 -0.028981665547451924 -0.04734456905070312 -4.118164207216708 -1.6660719597308864 -0.021757863807216837 -0.03247736038405974 -0.6340314916767258 -0.05497835683828012 0.026469795540115134 -0.03984121883131331 -0.08808171977001322 -0.9704541756874299 0.027062715438407943 -0.0433465927591151 1.0872719222619969 1.8136133791173337 0.0831629657789569 -0.004408374966462309 1.9981392694974343 1.4403405364824966 0.009254152463836703 0.027259769426389996
2.6963791278392533 2.9573674477560234 3.7283605241141644 1 -3.8363448698845657 -0.9191153719748038 -0.003568184489406165 -0.057666125461166395 -4.283429339785453 -1.7774802662428342 -0.05757939135421086 -0.02092185457066041 -0.41621474095032607 -0.3023955439883278 0.05181936229105184 -0.03871019160802578 0.08376782624066781 -1.1220723262267622 0.055087138375899285 -0.0292711018151811 1.4009721789009832 1.941850508996318 0.04335124833509741 0.03580979835140871 2.23931824749043 1.743960789398356 0.05695033411734161 0.08340454507020138
2.7282781576323023 3.023128641630568 3.5651475757215634 1 -3.9168796968362516 -1.2076704360776607 -0.021600947158819522 -0.034261157160978495 -4.492607116827028 -1.838814000049755 -0.032792728636760124 -0.026824649315235847 -0.12098263422050248 -0.48527930042643863 0.0565350536048478 -0.019031965474179006 0.37928104620475533 -1.1789680991758762 0.06862256376276954 -0.007771920378333595 1.585344160183075 2.132990503423235 0.015645397631499247 0.04201087567764832 2.4234797533202013 2.1205750045028386 0.03843608059459472 0.05279617639821263
2.8247012441189527 3.125716815624612 3.3938191850986645 1 -4.018374505568624 -1.333102494480493 -0.005832194896546419 -0.006160346880347611 -4.518354996714683 -1.943144285603437 0.00523190178281871 -0.02322261174374774 0.14750435239018334 -0.5511492769698249 0.039532320259589554 0.003294553918678521 0.6589768022712157 -1.1552581401377635 0.05104828847862456 0.0005417561644617264 1.6642571326662283 2.3207265407795146 -0.000671298251114269 0.025384911316014593 2.515236565717249 2.2939395964560605 0.023154034158309203 0.022957926748736476
2.8615404151285895 3.1262802045986087 3.3186112454962946 1 -3.989739672858079 -1.3460006288607058 0.021495452064292646 0.011954745833397156 -4.419206162616194 -1.9552379130831123 0.019073112087330226 0.0070078391490851835 0.3015990712744534 -0.5414858199760396 0.012391782094925315 0.010588749974498143 0.8235072399828045 -1.120451942000709 0.02851734724723269 -0.002427496913672736 1.699313326649798 2.3776269485758603 -0.003270110052474809 -0.0001434459501841838 2.5513452804952523 2.402455670750317 0.01694785041415623 0.01619853533046425
2.91608280181229 3.07381438614235 3.293194651083298 1 -3.8673274561426205 -1.25801024309104 0.030487675401195787 0.03306721419734907 -4.285010678847049 -1.8434114420768273 0.022702083034427646 0.021627089723476114 0.3497395024161616 -0.5256066694715154 -0.001525567151637229 0.008604802236486749 0.8971887994065915 -1.11069095135541 0.016449559320773896 -0.009058758948012176 1.7255407477781546 2.3827526839692212 -0.005756691588126667 0.0014384924627960454 2.574640259646144 2.41332811322998 0.015750482712718915 -0.012919340309942533
2.9409083182409748 3.048353012985044 3.2840073354840946 1 -3.746666331914872 -1.0936458797505777 0.022097127499120434 0.04155435281212644 -4.143394340643786 -1.7097244692760407 0.021478632497866103 0.017998535037738267 0.36132960468374 -0.5259410279879813 -0.006560410840042094 0.004629167293131654 0.9260655747165742 -1.1289693803938423 0.011158940940396586 -0.014185880521098287 1.7333943408506212 2.355611860262288 -0.010098767201366182 -0.017113208520447218 2.5879771720843188 2.322292618077955 0.014246657681341958 -0.018899247189082643
2.9195469750577554 3.06177006940658 3.2729192540659606 1 -3.677628079704392 -0.9320576668231652 0.01308226780652658 0.035248975050580375 -4.033312687208072 -1.598998468403753 0.009819030040184057 0.012431199675029203 0.3505526231990137 -0.5542201449553732 -0.009811724361087761 -0.001665534670169111 0.9341356782943331 -1.170559817684527 0.00794123150350292 -0.01993521784775468 1.731408701089073 2.2404043125326125 -0.010128946169506589 -0.02383688580532906 2.5962162421617645 2.235077627976051 0.014870401985705342 -0.020737524987196183
2.9170219305208787 3.052880330373681 3.2440611055484805 1 -3.6384720456044466 -0.8144803901835054 0.00825035888946006 0.027679764319192356 -3.990000852101095 -1.5142852802977416 -0.0022454362817284045 0.0062330927361970295 0.3420467004969652 -0.6095150124399082 -0.0069236989953491285 -0.005853268939650557 0.9206830245681763 -1.2472191798889658 0.00315164061921569 -0.02825444175595333 1.733766846471493 2.1388961483592395 -0.009291585553210316 -0.019330262898227736 2.6076311266559697 2.0996186199736226 0.01589255276944645 -0.03266689896339035
2.8951246243074773 3.0722612520635253 3.196474104603602 1 -3.625773473016228 -0.7318480057804735 0.004144945348210366 0.02312109893627452 -3.9815547864957757 -1.466409040690999 -0.0038127550687567097 -0.005179838419436721 0.33547925562138925 -0.6878600289191087 -0.009748913891753235 -0.011181038098460327 0.8894966943205578 -1.3543004511233003 0.0014664580339269276 -0.03213027934699256 1.7440293086641683 2.0172627510962675 -0.006877538698368713 -0.02945439730747328 2.6218165508879627 1.9557237452385952 0.0161201422924747 -0.025319585604645554
2.8703536043553304 3.092248218495431 3.13531440687162 1 -3.635990068207839 -0.6859769349567879 0.0026384092825659537 0.014295182288289746 -3.974659828298507 -1.4565522847745762 -0.0039913051284126005 -0.010834374332289731 0.31579348816612285 -0.7891386289921452 -0.008664519132437133 -0.012980900549780919 0.8568184155897027 -1.472348231212886 0.001103753646990141 -0.03467966986035033 1.7622096561431366 1.8699763765041748 -0.006580811491156351 -0.026370917516919355 2.638302612069179 1.8323762806209452 0.016711916163300602 -0.029081045543761525
2.8526667147832936 3.119719550905195 3.068833614157218 1 -3.6410074197552618 -0.6821846265173823 0.005834357243691697 0.006487752801749208 -3.983695504840054 -1.4619732291978504 -0.007566972428299025 -0.01209260747722156 0.3171242291484182 -0.8870533317120478 -0.0030444328859552602 -0.010781821436291028 0.8223117717855191 -1.6003950349839609 0.0014706370121148997 -0.03584604319107852 1.779432290246115 1.753304829841014 -0.006947870921921763 -0.021059016558223665 2.649821676938865 1.679442715070349 0.013565134640562963 -0.030365671409864226
2.6942400264168525 3.0677155678723933 3.0934893203943106 -1 -3.6593887399488403 -0.639112044515872 0.0033135610524513944 0.041424693469367044 -3.885843988521586 -1.528425803063243 0.035107651677545114 -0.03554593675090998 0.43839487371226227 -0.7649855996564653 0.0351042175219046 0.03349596122844243 0.491182517063681 -1.7691499202261616 -0.0794978321212844 -0.004524250852848697 1.6385560714618919 1.618211025142506 -0.027123112239312484 -0.04681600023634233 2.5587552317001876 1.5209988860785724 -0.053456571245251466 -0.03792979343171307
2.6180613407730626 3.099667991440362 3.1613042176474497 -1 -3.657388238808837 -0.4868789749692922 0.000334209055168333 0.049369400854427245 -3.7057812079775765 -1.5049454236805164 0.005083270777168918 0.019155480632194872 0.3480374351309443 -0.6182613638959362 -0.04138403642266311 0.006786967328323257 0.17357834719358411 -1.7069005943430182 -0.05315208651118769 0.051178159467436785 1.4272789006046445 1.341841390819956 -0.011661691104084193 -0.07061337118798264 2.4747480900446535 1.2231725081312534 -0.03299330924919097 -0.08297014132141727
2.671466775492706 3.076350579892654 3.0763025389524445 1 -3.6964767491448582 -0.308428204893168 -0.010121721002640216 0.05172067954840201 -3.7626209281960676 -1.3136670101977193 -0.03366335973695821 0.025206612089721834 0.005101177171918714 -0.5453409891338938 -0.0737807602117008 0.016806791359940204 0.03060695839651828 -1.613404737008954 -0.03619343261618921 0.010569844762046865 1.3911227610258043 1.0818540370004484 0.006115501493679765 -0.05095002763886892 2.4408819169812137 0.7927010209866774 -0.009061072426758479 -0.08592767542071458
2.459720462465981 2.888040882067461 3.0170607801575042 1 -3.7474617569397166 -0.0912084256531166 -0.0035107556720609806 0.04037216166456307 -3.8835589729732627 -1.1772584049422878 -0.0021644238678397362 0.024161035015338773 -0.2366926738628825 -0.4476831038863285 -0.045798985539752896 0.019823246564326366 -0.20272042106218624 -1.5350639959874581 -0.07782360760845525 0.017121928397808232 1.380919351427214 0.7999242140939178 0.002912700724648589 -0.037709234701614594 2.414188299403918 0.36797013084314356 0.00014879365022564192 -0.05672610324971447
2.3412485447636673 2.7622719007215446 2.9651210046640406 1 -3.8592130001953264 0.12822516768764913 -0.019951149540849 0.04120106119308679 -3.8877548868329823 -1.0835787489691173 0.023375586367008712 0.01957789586356744 -0.3518410962772691 -0.3589560069706632 0.010953388362169643 0.005721904246657695 -0.5762549040212672 -1.4402914624302292 -0.05195774085023699 0.017236430891120202 1.3868041051891407 0.5636609186760912 0.010668087503150781 -0.015521123472573969 2.350563778645098 0.042514749671945795 -0.008257022393039066 -0.040764552647440645
2.384638487016431 2.7432997596875266 2.875356431518447 1 -4.013058440296612 0.3123623782584628 -0.0025697683855235073 0.038400939151733975 -3.8411805156607883 -0.9440882276376267 0.021218579001313905 0.041207550610888224 -0.4082090019075997 -0.3627758376338305 0.010201326296854496 -0.018747473125525535 -0.8673446415360062 -1.3925129329033772 -0.020502578758114866 -0.002173861621257579 1.353429676996213 0.37311891314813517 0.007470546397720268 -0.017012994790761758 2.2558967204416707 -0.20231396541274504 -0.0024820979471696387 -0.02538816841321711
2.311498377150561 2.6770050089188384 2.7919758691348466 1 -4.136690226890678 0.4555880439527338 -0.025403018890390927 0.025788219113812752 -3.831877618885343 -0.7552576114820336 -0.0032638178929976364 0.031998671019799 -0.4969248715860619 -0.40640284890744693 -0.04800343074041815 -0.0012379359956262758 -0.9917613616413683 -1.422198251607488 -0.030122496536356756 0.004703449557128758 1.3256718220915626 0.17979332308966156 0.003266339448715699 -0.02956239383657823 2.1960674820072557 -0.4229698143767524 0.0025498324334501665 -0.033850411020619295
2.1899438147211594 2.5676447529628277 2.696191846626006 1 -4.235888014926526 0.5250247181640249 -0.002476301133469732 0.013511055280454385 -3.8155983186271616 -0.5917351024271174 0.026203599574127906 0.036777071777930916 -0.531793820564181 -0.42880016788931197 0.02715918397322289 -0.006001661215334768 -1.0584037399005997 -1.3965584887497438 -0.005267609665595292 0.00815683003462782 1.3212969279292635 -0.0023505393158858023 0.011011430134128093 -0.013424986731795976 2.1761951481044655 -0.632746737389402 0.009874894147332986 -0.03114818689802483
2.02989841597955 2.318376030280382 2.6431643191676266 1 -4.306042065585313 0.5551274588771731 -0.023383007382269606 -0.003747113964228236 -3.8067935883165775 -0.4735576002780525 -0.013331766492330139 0.012495792996811812 -0.5776381779509281 -0.33155295285826936 -0.027229189928833275 0.030135827117491597 -0.9914077114004938 -1.3930570655251588 0.009138728355629793 0.00026039577351610725 1.3204560564528967 -0.10836626444380537 0.006967370226160581 0.008149196733555167 2.119409926619256 -0.8514755028115739 -0.007948061296548289 -0.04355174857790044
1.5931086669604313 1.8964322832419211 2.697036029385698 1 -4.352986970625567 0.5590081372911349 -0.015471214569948464 0.009596304469976592 -3.791844666395417 -0.39516606158896916 0.0024973246923438407 0.002937826770322828 -0.6181320385489926 -0.24051319156696316 0.010507624163399005 0.007067545983089367 -0.9660786134094965 -1.3697598402782383 0.001108410835114577 0.01116805558995519 1.2678331699144785 -0.10914587391341823 -0.032607131700533296 -0.005488980333681512 1.9793780684103135 -1.0405895446714948 -0.04488142230258496 -0.022015379894726524
1.2712883543654157 1.480416294271543 2.733266684458144 1 -4.387271802610725 0.5846572016154239 0.0018213834502576257 0.00430309783211578 -3.812409604620016 -0.37248454677396003 -0.011288947072743034 0.006103673013982482 -0.6462291370894486 -0.18578472909774968 -0.03196464015909094 0.023262502463272758 -1.0737890996407002 -1.2835313544309916 -0.0443710967966612 0.02120210013888832 1.1963550244235286 -0.029364955068663212 0.0164463676233929 0.0383028701135305 1.8713956811236976 -1.0040915218279232 0.007661972236019235 0.02575373740858628
1.1144755341742663 1.244801379530625 2.476908027270997 1 -4.413472756326594 0.6613943242527829 -0.005677943053072322 0.028133634783785392 -3.8838796997206284 -0.38357206999765137 -0.009982196125119011 -0.005948248285621977 -0.7169406036709556 -0.11456674253530652 -0.03309006046389662 0.020802262379329705 -1.1683936180825256 -1.2142421969985908 -0.025542483802346996 0.013964291813617129 1.2320114975583047 0.08070078650503665 0.03495709679670269 0.02023862663105505 1.8012964502233029 -0.9409282038015674 -0.008022051145275513 0.019581645764949543
1.0172878260381755 1.0913732251599215 2.233683647440387 1 -4.44835500596539 0.7078903821372349 -0.025050428575386745 -0.006557235728055293 -3.9194596727186775 -0.36962101622696686 -0.01615915974164901 -0.003154806647310766 -0.8001768159261275 -0.048527114189719 -0.012475001544971531 -0.00245877333921201 -1.1763465262921273 -1.1720306845290158 0.020503975104087857 0.02378054573776895 1.351923279697563 0.16191760743543515 0.00999771758610377 0.006979348809222054 1.7347067172500417 -0.9020173087172441 -0.02692937933160653 0.006275720912414698
0.870462057100438 0.8692084861645073 1.992191515829708 1 -4.512452764183169 0.6896777376679644 -0.01802611826079914 -0.010744222626638099 -3.9044143088185623 -0.33076591308035574 -0.0023186095685690244 0.0028507987566133517 -0.8295322989385747 0.0319102119416903 -0.010874509529912955 0.020039063116476213 -1.1141495383969042 -1.1068884597214474 0.008186342528439486 0.023726706921350153 1.489546952153617 0.24786034088630338 0.006734182302889138 0.013690039422585315 1.722468426594281 -0.8405066421903762 -0.01834928111661973 0.013980869859423059
0.6969286832230773 0.630225922003904 1.7764294512032615 1 -4.550851894434073 0.6683385541627485 0.003283107374757066 0.003948135028715246 -3.8868072913418352 -0.2965766897085329 0.006833285307365347 0.008577914052082799 -0.7882698664324179 0.15743961235265158 0.03091482165937219 0.023274908043010988 -1.0194987259122654 -0.9723451599268905 0.036309478913095286 0.03526301566756675 1.6466607453793083 0.35614148573734705 0.05231520462647548 0.01923912865485548 1.7639933413411537 -0.756608308005309 0.02969848983012286 0.021538368735102738
0.5611068928882558 0.44380005294987834 1.621162575120391 1 -4.538273959587803 0.6738653712445211 0.0056088701905292054 0.006859943585551518 -3.8922053334144753 -0.2909715469188182 0.003749220520703914 -0.001420306292480607 -0.720654128583476 0.3341702322087905 0.002147980741226796 0.040664836443298 -0.9218791107790296 -0.7895368629200201 0.009493391534923207 0.03998457120431243 1.8242394456404014 0.4430465731479576 0.014660090764452377 0.010796228951156056 1.8206129306657326 -0.6733254135845392 -0.013935595661750346 0.018971112495438508
0.4520462847273516 0.2848407727960002 1.4971510499303669 1 -4.501301366235372 0.6593134106632317 0.0058186742881082346 -0.011005754470439232 -3.8806593206804223 -0.3065007817371096 0.0030289676823816135 -0.0059663271330607755 -0.6426702544824932 0.5253929228658532 0.02893864427225461 0.038488719813655925 -0.8156328690128212 -0.5916326616111351 0.03287575277220798 0.03547574923298907 2.0176984748928426 0.4895190650350163 0.03370602362194457 0.002503707210165033 1.8818104327348477 -0.6076224481418149 0.0076861607691511985 0.015541014954337632
0.3485893569807596 0.13489277496093488 1.3966319104906861 1 -4.46964874258811 0.5973630489429751 0.019954806905876477 -0.023941217852530977 -3.8196664831327256 -0.3424379426225248 0.019079757417636747 0.0033202302077839944 -0.5638341232561035 0.7147187851465255 0.02048333330138446 0.051730170065610884 -0.7018735012975239 -0.39677885345254327 0.023662302560403543 0.023748785308491838 2.201683366743201 0.5067547017985334 0.034500199182526614 0.012237807344592165 1.9470101574734002 -0.5598019488509778 0.01036526401880427 0.0006604322874794559
0.2571773885242256 0.003270289732856091 1.3334934945291772 1 -4.418078820419076 0.5228123073938085 0.006032957381591728 -0.016034568840508533 -3.7441933831497973 -0.40142480354111676 0.0019623128890254348 -0.02278993732156372 -0.4824907939315919 0.8988696198155539 0.007712853875447857 0.03741872991807893 -0.5828221666181697 -0.20216664934371897 0.014293452792594946 0.039383092635367954 2.3601841077590944 0.5076912461469123 0.01992543272800696 0.004687907948890197 2.0034984264739073 -0.5226351488014102 -0.002595554311026385 0.008788883806447718
0.1723491869659586 0.11144606793823998 1.1581187026280964 -1 -4.3275616777320005 0.468643568855325 0.005827949262374694 -0.019165189432299 -3.709260471241093 -0.4690531948795992 -0.013943010189703718 -0.02461037221972886 -0.39549273160317266 1.0736105759312289 0.013403117558544569 0.013942527737687501 -0.4738758221684183 -0.014305782938052403 0.018591988050728623 0.05215658785923096 2.4908027899350076 0.49733856951207533 0.007141756801988815 -0.0007668634368098691 2.036607522301048 -0.49123791637380776 -0.010778493197062877 0.017925055411811837
0.058524362847569955 0.2641429070133449 0.7478521039876105 -1 -4.259009382551092 0.5101270923225978 -0.003273441160133412 0.01565099235898146 -3.779166316821712 -0.4470959210689953 -0.01991234652367815 0.014853796577073395 -0.30911464767386754 1.2573381581210499 -0.004516599276808163 0.029384907930424375 -0.3843415313166423 0.19289039790548768 -0.0016532731852045394 0.05719338867076875 2.6633562084536386 0.5000827209707761 0.06535288472296857 0.010240347159510103 2.2089785224968885 -0.3956272390602017 0.05291380320717025 0.007127200452521246
0.05705169869746429 0.3523236991324166 0.28170358087925096 -1 -4.356360860363321 0.5474336955380121 -0.04147701549123509 0.009592203680704946 -3.7808805127213954 -0.28963807951461784 0.011092645535403206 0.032005752071085906 -0.19104801892150736 1.425619226221548 0.04649375366301485 0.024307149320537444 -0.22481372526030174 0.4384776419635321 0.05606035085104727 0.05170271120909276 3.054823671911114 0.3939037231954825 0.0886640222791358 -0.05358951471595348 2.523750275077096 -0.348049815234694 0.08072173353264256 -0.0010217715786456673
11.270908 0.2707386 6.765831 2.442692 5.244133 8.292561 -0.12655282 1.207028 3.6334767 1.6000892 9.834496 -0.50883937 2.2103448 1.4437863 1.5100472 5.899679
11.688055 0.8726964 6.98878 2.648778 5.196991 8.59444 0.47581935 3.26254 3.6127462 1.673055 9.670517 -0.4397292 2.357536 1.5334597 1.5908978 5.933187
11.915932 0.85967684 7.2506824 2.789878 4.8063393 8.633628 1.5715268 4.790385 3.6837003 1.731637 9.349789 -0.3223927 2.414405 1.6388707 1.6722536 5.940391
11.9680605 0.8495202 7.27475 2.8150284 4.7173676 8.623595 1.8053489 5.0528245 3.6896222 1.7429774 9.168421 -0.2866851 2.4270818 1.660788 1.686887 5.9309187
12.049425 0.7335596 7.42731 2.8757954 4.6906576 8.717624 2.0583525 5.563628 3.7040448 1.7643831 8.945824 -0.23887777 2.3822322 1.70191 1.7262305 5.9595494
11.964798 0.7525315 7.346344 2.8460805 4.7484436 8.720295 1.9297893 5.245902 3.7238078 1.7529709 9.030001 -0.2601719 2.3778527 1.6834335 1.7110541 5.9569635
11.487785 0.75750303 6.644293 2.5484538 5.2869797 8.554525 0.561951 2.6183782 3.5547433 1.6527615 9.321817 -0.55464125 2.2937636 1.5055468 1.5274198 5.699133
11.706774 0.55154943 7.157204 2.7073762 5.128908 8.743978 1.0858917 3.5477269 3.7609901 1.6821338 9.008997 -0.31722772 2.2325554 1.587393 1.6599658 5.9583445
12.20306 0.3976307 7.7866344 3.0032103 4.741177 8.785395 2.4285824 6.2042713 3.7218328 1.7954551 8.106401 -0.047861457 2.1475577 1.778111 1.8224636 6.019065
11.659405 1.0770493 7.2109337 2.513627 5.041537 7.8087993 0.0543949 2.0883527 3.2382936 1.6176822 9.1893015 -0.43394375 2.4176805 1.4355958 1.490355 5.819863
12.895836 0.6800113 8.085426 2.949176 4.1277485 7.6065507 2.738474 5.893761 3.0612636 1.8100889 7.898484 0.17364001 2.3036766 1.7494386 1.7322379 5.94052
12.213886 0.71891594 7.2574577 2.7435455 3.9672627 7.6355147 2.3132887 4.728404 3.3699415 1.7328091 8.694035 -0.08888817 2.620237 1.6500757 1.6158185 5.822896
11.414213 1.2550862 1.5679744 2.6569076 2.0069678 6.1963367 4.6670113 0.9111676 2.9920945 1.7618345 8.378259 1.8257347 2.6740441 1.6879655 1.6793993 4.4682117
10.913712 -0.30512905 1.3390698 2.4846585 1.5678573 6.744741 4.3902206 0.6117461 3.8686638 1.7529528 8.831031 1.4430003 3.0306144 1.7412347 1.6106043 4.920348
11.115353 -1.0906458 1.3346355 2.3769236 1.1168704 6.8257895 4.012559 0.5226464 4.190564 1.7600808 7.864692 1.1647346 3.3009334 1.7723272 1.5812483 4.962207
10.292279 0.81348515 1.3501521 2.6096764 2.134324 6.669462 4.773244 0.8239219 3.416521 1.7340226 10.508769 1.7025685 2.695736 1.6772156 1.6429892 4.7389946
10.73079 -0.4063921 1.3114119 2.4722447 1.5496602 6.8040614 4.366556 0.583426 3.9280343 1.7512748 8.996617 1.4115355 3.045109 1.7415767 1.6064237 4.9373198
11.052361 -1.279047 1.3442583 2.3489904 1.018321 6.8361144 3.9222958 0.5214596 4.263773 1.7607911 7.734298 1.1007893 3.383 1.778228 1.5636723 5.0075593
11.019333 -1.2613754 1.3423833 2.3457496 1.0114508 6.8449836 3.902385 0.539783 4.259601 1.7586665 7.7285357 1.0740442 3.387066 1.7741928 1.5649736 4.9689064
10.969894 -1.2368679 1.3366864 2.348345 1.0258527 6.8549123 3.9141552 0.54361606 4.256316 1.7577538 7.774488 1.0742321 3.3775146 1.7724807 1.5673409 4.957493
10.928051 -1.2251515 1.3305892 2.3447616 1.025589 6.8740225 3.8991885 0.56091547 4.2554636 1.7548015 7.799878 1.046725 3.378582 1.7677307 1.5685219 4.918805
10.912779 -1.037611 1.3285552 2.3132935 0.98387957 6.9597707 3.7062693 0.7509357 4.1640997 1.7301466 7.7342944 0.798314 3.3943052 1.7206371 1.5812836 4.5027494
10.842186 -1.0308619 1.3123626 2.3066945 1.0094752 7.019536 3.6988823 0.77560365 4.161973 1.7224195 7.869949 0.7575768 3.3840685 1.7095767 1.5817745 4.439465
10.784937 -0.8335066 1.2894267 2.2464647 1.1830459 7.3406425 3.463998 1.0230043 3.8960059 1.6571302 8.444327 0.42002845 3.2930772 1.5968277 1.5799465 3.7302337
10.761574 -0.6868043 1.3069841 2.2658412 1.1244955 7.229513 3.4773724 1.054209 3.9030786 1.6701188 8.229976 0.4409827 3.3145163 1.6118858 1.5925264 3.7593012
10.607545 -0.43737698 1.2740363 2.275463 1.261282 7.2263927 3.4145129 1.1228125 3.7490854 1.6511369 8.645577 0.3849604 3.233556 1.57549 1.5986347 3.5532002
10.509253 0.308177 1.2948608 2.3071294 1.5599947 7.1253157 3.290341 1.3413754 3.2800622 1.6139851 9.248716 0.31047118 3.0590572 1.4880074 1.6100777 3.046157
10.300521 1.5299981 1.3351495 2.4035327 1.9546542 6.7821913 3.215685 1.6358416 2.6341436 1.5853338 9.833488 0.3279667 2.793221 1.4029237 1.6512704 2.4906745
9.935794 2.8068829 1.44983 2.4985638 2.5282013 6.487182 3.1268897 1.9494456 1.8365705 1.5378408 10.881405 0.38310707 2.4558024 1.2856548 1.6706359 1.9092684
0.4308591 6.229828 4.9539824 2.7827616 1.7981951 5.842265 3.2657933 3.6293273 0.95185184 1.641279 12.348085 1.080109 2.1223278 1.2722311 1.8899226 2.2067342
0.35191154 6.192422 3.9087486 2.7029703 1.5885181 5.8087406 3.5299358 3.1143074 1.1689606 1.5966595 12.418926 1.0382664 2.3208725 1.250198 1.8507974 2.0173411
1.3776283 6.20126 3.5996346 2.6680126 1.6807084 5.647694 3.3311582 3.0867581 1.0443691 1.5754645 12.389937 0.9011973 2.418394 1.215951 1.7946222 1.8657212
-0.12489176 7.6505346 4.3099165 2.6946685 1.3267231 5.04962 3.1362712 3.66205 0.6273495 1.6038352 12.561144 0.98209584 2.668991 1.1718587 1.7535355 1.8550363
-0.41743803 7.7703485 4.380966 2.703382 1.28899 5.052276 3.176388 3.6943612 0.64392555 1.6104414 12.585721 1.0145535 2.6764984 1.1761897 1.7613069 1.8894167
-0.68997145 8.323217 4.527684 2.7424464 1.3122692 4.9834805 3.1776984 4.064619 0.52181387 1.6276693 12.618978 1.0804818 2.7629445 1.1733978 1.7480332 1.9532056
0.070430756 7.435316 4.0398884 2.7755842 1.5865116 5.586737 3.5699277 3.8789978 0.9299787 1.6329668 12.542596 1.1634457 2.578867 1.2409549 1.801121 2.1556487
-0.26496792 7.4750233 3.8647676 2.8160732 1.7501903 6.0786786 3.723018 3.9471142 1.084563 1.6349636 12.43536 1.2759655 2.4907057 1.2620924 1.8263226 2.345963
-1.3142695 8.7662325 4.0501795 2.82561 1.7265072 6.191675 3.2838094 4.4527783 0.70580363 1.6093056 12.136137 1.2093592 2.6018062 1.179281 1.776109 2.2380543
-1.787209 10.144357 4.1406617 2.801593 1.779563 6.1680326 2.6629968 4.762038 0.2997867 1.5708623 11.771983 1.024945 2.7720807 1.069509 1.7016544 2.013289
-2.0195217 11.1397915 4.058193 2.7734995 1.8729506 6.363212 2.276766 4.802203 0.1337868 1.5280452 11.290575 0.86366105 2.847174 0.98675823 1.6594188 1.8746548
-1.8378353 11.433369 3.9133253 2.7620683 1.9399776 6.5672903 2.1207764 4.8723526 0.06391168 1.5016755 10.871704 0.7683021 2.8489182 0.9518126 1.6408106 1.7904644
-1.8074117 12.520721 4.5396624 2.83856 1.6034069 6.912223 2.2077413 5.021292 -0.3960927 1.4795794 5.516828 1.34434 2.3015506 1.0223727 1.7032863 2.5571985
-1.836731 12.551647 4.4965053 2.8382127 1.5969076 7.0589833 2.1853209 5.0382676 -0.41794717 1.4683559 5.220128 1.370203 2.231247 1.0219145 1.7001419 2.6419878
-1.4788013 12.657904 4.518362 3.183662 2.4749532 7.5630574 3.0066922 6.314517 -0.0024670362 1.6683955 3.1204245 1.7114213 2.5202353 1.2328205 1.9841987 2.1684384
-2.7298493 13.15443 2.8388963 3.0437255 3.1379225 10.863252 1.4744481 5.7282057 0.1947496 1.4242889 2.953363 1.0724969 1.9800773 0.9671782 1.8684608 2.1794105
-3.5053334 12.915466 1.9675827 2.7608705 3.0113757 12.556062 1.5543287 4.642095 -0.04258871 1.047081 1.8228774 0.55790937 1.3715193 0.64114034 1.686907 1.9205918
-3.2038064 12.556665 1.351477 2.57907 2.2838643 12.821494 1.4363588 3.923853 -0.5746795 0.87419343 -0.2749753 0.55980206 1.1333032 0.5007179 1.5246704 1.9210358
-3.145297 13.161163 1.0271429 2.4312518 1.3326278 13.14376 1.3873672 3.54775 -0.5930208 0.77730703 -0.8450804 0.45717323 1.0394301 0.40975904 1.4016242 2.3199673
-2.902442 10.50137 1.0097388 2.216811 0.3631282 13.705001 2.236588 4.5378036 1.0193112 0.85387623 -1.4332166 0.064745665 1.6356293 0.7067009 1.3871078 3.4795651
-0.21642399 0.84800196 0.89211833 1.8107731 -0.7140112 13.151248 3.5476012 4.454423 1.7378191 0.80869925 -1.0430565 0.466632 1.9646451 1.0159798 1.5046862 3.3991919
0.24026251 0.14533854 1.2197018 1.790235 -0.6482706 13.431236 3.4883616 4.699006 1.2808437 0.7794869 -0.9740391 0.64697695 1.7604346 0.9661454 1.4571359 3.2720585
0.32668686 -0.27099943 1.1955578 1.7529566 -0.4165659 14.159529 3.9061632 5.322868 1.2014574 0.72899365 0.61098146 0.5270884 1.7235267 0.8840531 1.4120021 2.922295
-0.6022463 0.39747906 0.91981316 1.7671989 -0.5549555 13.689459 3.4817863 4.6454763 1.6256706 0.74036145 0.18933201 0.3600154 1.7825541 0.93812907 1.4591125 3.2790356
0.29145718 -0.29326916 1.3071771 1.7347326 -0.46691895 14.001482 3.7719767 5.180855 1.1127303 0.72233534 0.39507198 0.6318698 1.5835383 0.9012253 1.393345 3.2206578
0.7117171 -0.5965657 1.3669193 1.6418952 -0.34786367 14.25103 4.135874 5.4281063 0.9592681 0.681056 1.2552357 0.74240816 1.4056894 0.8819237 1.3082038 3.5087023
-1.7633791 2.9953198 0.02778411 1.1224236 0.5364456 14.677928 1.62259 0.97364235 2.0846798 0.49607348 2.9467258 -0.21013856 1.4355104 0.6188922 0.9378878 4.901641
-1.8797455 3.1693664 -0.077214 0.9975207 0.9704938 14.558239 2.131144 0.6596937 2.3075337 0.47183108 4.3091326 0.103948236 1.114592 0.7084478 0.7998744 6.361431
-1.1187935 1.7137992 -0.008063316 0.89181745 2.479774 14.379007 5.5283327 0.1387198 2.5450544 0.5372988 9.220002 2.0329194 0.15631407 1.0577462 0.515157 10.750924
-0.20355558 1.184545 -0.17513323 0.77037704 2.5715556 13.899088 5.916333 -0.072088 2.8786783 0.5187285 10.869713 2.4594243 0.13442218 1.1275189 0.47453713 11.156625
1.2767146 0.0059170723 -0.119487286 0.7046019 2.4187932 13.30091 5.83946 0.15140772 2.9594054 0.46974134 11.70886 2.7077842 0.016508222 1.0782068 0.47723627 10.670019
-0.094666004 -0.29128075 0.29067135 0.69793165 1.5269203 13.0300865 6.65975 -0.31583762 0.6006113 0.7147534 11.951974 1.9523373 -1.0626653 1.3020413 0.6424202 13.654575
2.8141317 4.8800983 0.5901351 0.79984844 1.950104 9.289629 4.692263 1.3605928 -0.5712161 0.4420662 13.401012 4.0347548 1.6345739 0.9493003 0.2306838 11.368443
2.1532001 2.2344491 1.298647 1.0783905 0.073723316 3.7269983 2.5426667 0.18849778 -1.8785032 0.8985019 14.111425 2.495919 0.4963428 1.3091631 1.0600717 13.139296
0
0
0
0
0
0
0
0
0
0
0
0
0
0
0
0
0
0
0
0
0
0
0
0
0
0
0
0
10
10
10
10
10
10
10
10
10
10
10
10
1
1
1
1
1
1
1
1
5
5
5
5
5
5
5
5
5
5
5
5
15
15
15
