129
1.9320096702461034 1.858396770811322 4.118859065323795 -1 -3.09 -0.89 0.0 0.0 -3.74 -1.65 0.0 0.0 -0.04999999999999982 -3.49 0.0 0.0 -0.7000000000000002 -4.25 0.0 0.0 2.2300000000000004 -5.45 0.0 0.0 1.58 -6.2 0.0 0.0
2.0323031972803305 1.7790357075999128 4.110921434798067 -1 -3.096012449647623 -0.8562568373468158 0.005387266523564928 0.013203237968007205 -3.6842235873325344 -1.6990854447780612 0.030514749756675758 -0.022049430135999776 -0.04957705811770552 -3.4902962525490313 -0.00333455063973284 -0.00418259778299064 -0.6999888686449487 -4.250167071665487 0.003339519343279358 0.004104031861659523 2.2194193640350646 -5.420325570167842 -0.009549342860137498 0.008769391850188789 1.53245741405689 -6.1827713183313096 -0.019918288124055352 0.017924143229960568
2.269154493291055 1.8946498275054247 4.04369759375829 -1 -3.082010988308773 -0.7730780817319628 0.003748615618518833 0.01069979270608157 -3.542457597774453 -1.7178952292709564 0.024717105622669416 0.014399861232207267 -0.05110792806731723 -3.4704536827706383 -0.0039267419059486 0.004755035761987306 -0.7231601793350371 -4.247889813092068 -0.00609908496881846 0.004811448213910559 2.180839473425462 -5.312549574232075 -0.014208599734066768 0.02641588776710079 1.393539649769055 -6.063761641699104 -0.02165028212126064 0.03533977688314546
2.444411834499036 2.0868437264254776 3.9382009841909227 -1 -3.053134594583347 -0.7301711733980991 0.006163932943443267 -0.000568280982039213 -3.508384830242641 -1.627127554008405 -0.0018885718563166768 0.018580190346631806 -0.07338084221882735 -3.4066733954142934 -0.00968582409518504 0.015292964684218298 -0.7844482689084438 -4.219610502959906 -0.013049850877977533 0.012051819686525354 2.1135406470683824 -5.132768543746499 -0.018238268330032496 0.03588528072542464 1.3113844853692713 -5.899493485938175 -0.010900559878499486 0.03511219003939687
2.451330150152454 2.082312932080819 3.8523644028529165 -1 -3.022617453364555 -0.71727840300601 0.0055562236030395245 0.0023510534016445324 -3.5663896743442045 -1.5670368448338947 -0.009835216249429202 0.006503897689232353 -0.13912102303622031 -3.3043510910991136 -0.018004701627564575 0.02257372643401368 -0.8681435083495948 -4.13720704421605 -0.018795277772111763 0.022726664953641746 2.0293259067640026 -4.955753883086477 -0.02026406700942838 0.02551064935399558 1.2228680851967253 -5.740213809196063 -0.022190334876999843 0.033680438321339635
2.4376179130286544 2.053853768318372 3.840236803195958 -1 -3.0199385548913518 -0.6605409089250558 0.0011103985684664626 0.015507408492988255 -3.606795713794595 -1.544228119529583 0.003457190658209275 0.00023779374442387436 -0.23857397563361626 -3.1739837096332546 -0.018957749846770212 0.026299944363248468 -0.980911865866104 -4.008836991315084 -0.0217305509699228 0.02644107781714105 1.9333977974943357 -4.856566442201859 -0.02752793386942295 0.01172810001423156 1.0730417250581237 -5.584010447526654 -0.03310996401768558 0.03617063753702634
2.469284119063917 2.093816389592746 3.874282791333026 -1 -3.0422873171984275 -0.533622191153421 0.0007608725630619696 0.03629714457928616 -3.5954075935719354 -1.5273153865168965 0.0017748400349505318 -0.0008293158222901584 -0.3388563630008665 -3.018095656882444 -0.005776601829227899 0.027674521482177937 -1.0829451023752608 -3.863109921315074 -0.007647071026503256 0.01924531002997593 1.819553329631657 -4.797368905691648 -0.036316753844396046 -0.005256612671653362 0.9206166362172521 -5.448290999815934 -0.009314449390265272 0.02922058012317147
2.490121091123136 2.1136038066560086 3.8944920274015526 -1 -3.0514570182740375 -0.3981781738698843 0.010098392770105545 0.01843506490159827 -3.575442608782044 -1.482085507823397 0.014608964096316169 0.00806393628113166 -0.3943175309025362 -2.8430695051851824 0.002614819834367354 0.02733974824106096 -1.1179191248098808 -3.7179291203877454 0.006752501800189974 0.023748147429151045 1.7167743553526362 -4.724100431788726 -0.03300811258953898 0.029213915393218534 0.8133295940258849 -5.3507453461131265 -0.027692542509188532 0.03877667518943753
2.4844853019096873 2.1153392289625867 3.89913573197555 -1 -3.0334048159442 -0.30026949239711176 -0.00020242526095968182 0.022375781788247562 -3.5680919261099575 -1.412943543278701 -0.006824302035789438 0.014457162597693737 -0.383817685027803 -2.686713141339866 -0.0014505743674911517 0.010572402078656973 -1.1122900307599308 -3.5696979363579 0.015391163557360284 0.04098381033253502 1.6445035499619163 -4.655070522639354 -0.025869592882128273 0.03040374103281233 0.7310126087349387 -5.270435312419086 -0.030805332927819534 0.04127685181888971
2.501700271269686 2.1304652836590208 3.9083148433432737 -1 -3.023272368545174 -0.2393357161179569 0.007968060171996801 0.0033130514638161947 -3.529789275279341 -1.3536757230887488 0.02476347633174559 0.007646654431273157 -0.32118248428810414 -2.58430266268962 0.002404499448934247 0.042021250227747504 -1.1002058400172254 -3.4423773102033817 -0.0235586036514579 0.0319111703535631 1.6070480265968046 -4.62788009511087 0.0031179684754266855 -0.025553877321982693 0.6546461432562216 -5.199026675848103 0.005017222900731208 -0.01168550529587964
2.5523467295787636 2.1682047652655174 3.9123022147169055 -1 -3.0645461059138417 -0.1784745170658124 -0.018731335497340178 0.01281735158199327 -3.463052707999722 -1.316039895317509 0.004863978904483847 0.010333683930675236 -0.24968876789412953 -2.519518304375259 0.0012808540643983422 0.019636120318357597 -1.062366811069225 -3.3535692831618085 0.0036804507464331775 0.027476308016969417 1.5937696500616498 -4.642676205382132 0.00250556453947484 -0.019058535006531215 0.5978489666206519 -5.148111306986879 0.002406564710491891 -0.005830262365461997
2.6238362375171604 2.2279551687126378 3.8635993864401015 -1 -3.106662995728038 -0.12930136933649772 0.00010904758991356518 0.005605476358774019 -3.3928379642850732 -1.2778470214979551 0.02352921962860302 0.0061042890586043355 -0.17142417455789882 -2.461244479723278 0.0274341255926326 0.0020991987219414763 -0.9802922895402411 -3.283104472794409 0.029403200591880455 0.006434057159455767 1.6071254158933383 -4.670301287410031 0.014082704039929618 -0.02303982684858705 0.5876937007668079 -5.125428860846271 0.009401189600128021 -0.01766211469077564
2.6971139705399856 2.3017438417501332 3.817628841202848 -1 -3.1299615876960107 -0.09295521741736046 -0.0016637568193088393 -0.004267596655184414 -3.347927587267142 -1.2344093613411837 0.011161681364586925 0.015331801296168296 -0.06706596211166715 -2.399994885115217 0.033627553965707144 0.0010181135321161647 -0.8802847390493986 -3.1876160687841177 0.030796360125957087 0.012105239405291391 1.6401206424612926 -4.7160065517087695 -0.00923389182942307 -0.02206397182657177 0.609466553843097 -5.115353904871019 0.01925726651319483 0.0043946957110781275
2.771751263634137 2.372602952188258 3.7699817124476644 -1 -3.1347967741157525 -0.06790038696714185 -0.013595213343910131 0.010089821752786152 -3.318481038780939 -1.1903386060999208 -0.011688696875505564 0.008022521994944338 0.05561629655895306 -2.3358285422062943 0.005830956673367912 0.02227146681469242 -0.785278117791568 -3.0664699373499325 0.01100007898630824 0.04404410200980653 1.6734586101105169 -4.789172797758255 0.009898373863786062 -0.03141175476109235 0.6261538340740023 -5.108096424512224 0.005720664858422115 -0.017690089685341852
2.8531843404382613 2.43826078487521 3.736048099264443 -1 -3.146553474250277 -0.04819396669709097 0.0009744879455643052 0.004371119263656001 -3.2837106246084335 -1.1567366931192204 0.013400561753025557 0.003786591116591764 0.1713773694746008 -2.2769607077233163 0.011241539789979722 0.0029617851324873056 -0.6815386288788061 -2.96224678691455 0.03114196765131009 0.024094385857952306 1.6827489739856336 -4.860652259534961 -0.011858303283634282 0.007314881752441769 0.6205239831241673 -5.095456575673261 -0.003531887595908636 0.030182990443117903
2.912694648214494 2.498232895273436 3.709495223623929 -1 -3.1672690163551547 -0.036319349331439765 -0.007482042134013517 0.005469482518186292 -3.247149067997941 -1.1357967069960255 0.0006738170038646726 0.0003014197326962238 0.2676376345296081 -2.210954713370464 0.02628405330267086 -0.010280920016044352 -0.5769517360627221 -2.8908320367391944 0.0424956006124398 -0.004236687366121565 1.6717536861409945 -4.900230995208722 0.003354304937406013 -0.01804817818694706 0.6058081892501477 -5.0851039258381485 -0.0025255657562784847 -0.0169004839632552
2.9229212713494017 2.511489879243973 3.6719560788505525 -1 -3.1765807967965296 -0.03913674945105716 -0.004942908452186554 0.0018288200821017994 -3.2224890105809374 -1.1283426412774284 -0.004915025125627592 -0.0023796650088456495 0.3441949605045682 -2.146518326481217 0.01976288360837397 0.0011433856471218945 -0.4865141909416595 -2.8293222726190157 0.025091323985281497 0.002383533802368054 1.6556896747290502 -4.9043042016856555 -0.0004431149210834696 -0.01841681675567743 0.5880670068298874 -5.05884911720308 -0.0026811314994186417 -0.014582110406750462
2.9323728919734116 2.520838303724148 3.6300742254176717 -1 -3.1667313382536415 -0.05442899327738826 0.013085710930455888 -0.007203843878172322 -3.219787205564418 -1.132310747164869 0.012029339709885487 0.00026271102799676517 0.40151607935037426 -2.088434981735734 0.019031296700521828 0.003482543823618933 -0.43831133510773945 -2.7663667686095446 0.011686280462163287 0.00036553576892231184 1.6346794453789393 -4.897324428591759 -0.0042414978615498995 -0.0065369740769730365 0.5604874595280984 -5.0023204935302 -0.00502173035360889 0.0024072605783039477
2.954702508389783 2.5416483119830193 3.5961873393397266 -1 -3.154745216878263 -0.06835337669342911 0.0065899873886207105 -0.0016328631914574836 -3.2332530532632493 -1.1442449411137292 0.003977429337838952 -0.002980803061310657 0.4337384781415814 -2.0442665942369183 0.012890449641403944 0.001907520310523634 -0.42289101076606084 -2.7134110079364326 0.007613116354466344 -0.004043388187800884 1.606681148615194 -4.8726862856519855 -0.007900271923510206 -0.008531083628329494 0.5298715212201781 -4.9278611806518775 -0.0029461989467371376 -0.0034100614948196495
2.99112386628076 2.5683566082789095 3.575125399871169 -1 -3.159214928592975 -0.06730110037072135 0.0016265640119430239 -0.009833969483263066 -3.2425222589817375 -1.1511730291244384 0.006856953905928737 0.007666997543751812 0.42702863711685435 -1.9887446835690699 0.004894850719809948 -0.0022875155288714427 -0.42397514091718946 -2.674293477637813 0.013291555612175793 -0.008644567366977147 1.5882416563473436 -4.828970857769221 -0.002930046534445365 0.01362660724709243 0.5000549016462843 -4.856458015040703 -0.0056858688553073754 0.018999156320029853
3.0263000171736265 2.6041228553034057 3.5539496333369414 -1 -3.1737683024880523 -0.04960604782507605 0.001659426849278581 -0.0100533714540459 -3.2430262295037062 -1.1503329229409422 0.008863318455764458 0.011010243995652159 0.39879018831377344 -1.9271667403270905 -0.004133911478881851 0.0026160364579648487 -0.4291649818071894 -2.647681102556187 0.006748964448837869 0.00012088351510167183 1.5730579831081313 -4.779539915236789 -0.00031840221943121947 0.02790652006529344 0.4811421705150165 -4.791690612147828 -0.0037600800410297255 0.033601890993502866
3.0420894080135756 2.620472580948466 3.5252962343281835 -1 -3.1874561909866745 -0.02223340821847919 -0.0021184717792469415 0.013299028308964206 -3.2500714801575645 -1.1431502831512252 -0.0040965947240630945 -0.0030400750734972557 0.36490775294724287 -1.8740309025276034 -0.017904511071970795 0.022333718418311686 -0.45131394756750876 -2.6134864883236766 -0.02000283897781891 0.022811167239812368 1.5633305009005287 -4.727716237221859 0.0038516919457200517 -0.0036032386547028335 0.4700198522579244 -4.726645498425242 -0.006493291665479277 -0.0036723387577644578
3.058044149749881 2.637411352821774 3.50191622487931 -1 -3.190573409842254 0.004518579206409523 0.008471874320965422 0.0017844179110057573 -3.2596995220336025 -1.1263881091835641 0.010479778200546384 0.005698360177761782 0.33792684646854365 -1.8355504924165476 -0.020687112721879015 0.018168980994744097 -0.4832979397014645 -2.5780953613277893 -0.019160483170086763 0.02592945747412735 1.547979871072556 -4.685067642102407 -0.0035613388120370407 -0.010038669717716785 0.45724297637653066 -4.66134412665261 -0.004776074744881046 -0.010784028685732937
3.081287293460498 2.656973692780213 3.4901674654242827 -1 -3.201311747125526 0.035969644524245004 0.0009870023789586993 -0.004903283715509806 -3.2653908063123813 -1.1042250367275817 0.007760575990823342 0.01292634082957303 0.31237336298172824 -1.8015892869579733 -0.015622314369618964 0.022432434080802158 -0.5111531928961619 -2.544280259917603 -0.01941275273179692 0.021473462617709188 1.532703205941286 -4.643874295281504 0.0016172917777562425 -0.005057528281041498 0.43779571743119927 -4.603328879530964 -0.007758931986774276 -0.007299918621690056
3.0892704565243645 2.667706793647235 3.4849413437946883 -1 -3.2224441378233557 0.06786468121722877 -0.012362094849946905 0.00606317102468803 -3.2507088793794985 -1.075929211200358 -0.005510848537281201 0.00621768234889415 0.298608633314962 -1.761518014220716 -0.01832620258203691 0.02162343952784026 -0.5234085435149423 -2.5155507239172312 -0.015367062051027615 0.02654339847868662 1.5143650525661565 -4.604161609855561 -0.02436130429766299 0.007881585057082516 0.4208027712710374 -4.55946769401696 0.010159408572406417 0.007832128134669058
3.084513778692415 2.6654626407445368 3.480579146551622 -1 -3.2468949641901186 0.09545553682259578 -0.00831378934940789 0.0038393257334568046 -3.2310859948731365 -1.0457352892092995 -0.002399664195750901 0.006750622626239433 0.29846504882551983 -1.7227574822517968 0.0024880007765628372 -0.0013503864848967324 -0.5247243250579761 -2.4780624646833616 0.00871114773224718 0.005539562717694189 1.498394646616485 -4.570459635154494 -0.010015641141581981 0.008131567214609742 0.4046836826584794 -4.519880445660188 0.0015828338175007447 0.009632988114240081
3.0828450842211916 2.660409739655854 3.482352393263496 -1 -3.2607044585181173 0.11947171714303884 0.00959584680352183 -0.010979993754018404 -3.2204878794292426 -1.0155312802711882 0.015589647254439296 0.017766211220556535 0.30662233788338256 -1.6857876275968962 0.010893161216386976 -0.002502734358693495 -0.5234878883876481 -2.4209760956471795 0.010827181651041752 0.00158563689486834 1.4787765633563996 -4.54929009355997 -0.003248743975379962 0.01748434660923523 0.3840241185891742 -4.489440494897673 -0.003985727002418552 0.02982539500316896
3.0880161580729304 2.6665228774524663 3.4880182212452486 -1 -3.271457859200755 0.14515025853232078 -0.006954247016117759 0.01115053047018449 -3.2182446170216625 -0.9884202319820709 -0.004462275094731072 0.00019345104517862546 0.3273960922026369 -1.647718295371849 -0.008887048198045398 -0.0012105996669431111 -0.5161553668111956 -2.359700752288135 0.010246751053298885 0.022011929311584993 1.446568181198999 -4.5395847112659595 -0.013270848723477854 -0.020358753197875404 0.3559025609230968 -4.459700724239042 -0.005336899982510877 -0.02508533090889816
3.0870096124717774 2.6594320843367147 3.5021269555917804 -1 -3.2847233515566283 0.15983713667883293 -0.0006969484037098669 -0.012216358967418703 -3.2030317587424086 -0.9624030204712425 0.005791141312461563 0.014702675995790481 0.3535248480053417 -1.6078577501434674 0.015369512476948413 -0.00016398802195190785 -0.5009108451189621 -2.306721568461528 0.012309104832725362 -0.0036748769161158504 1.413412244675925 -4.522021014532083 -0.014549065054464995 0.022903932654202333 0.3254286050946833 -4.4329098881553515 0.00394238239466367 0.027488134507658225
3.071039204062194 2.648317224338464 3.5105548649914167 -1 -3.3055150614743614 0.16962690193117358 -0.009154245596069357 -0.002959092435688375 -3.1872413207996373 -0.9452278684813293 -0.00562977209276197 0.0048446101318320774 0.37118733498261935 -1.5599399686365159 -0.01505667494103826 0.023567869132178093 -0.48498247830913055 -2.2533615795885558 -0.010584954618202259 0.03363945341445734 1.387687336943479 -4.498683941280051 -0.0016363832624596026 -0.009928455328447664 0.3007750720255489 -4.410159463461733 -0.010307821491153881 -0.012640935373337287
3.0597585384463346 2.6387315816045733 3.515964069985607 -1 -3.315869835477259 0.17918583923406817 0.003468570398537903 0.0045317442401558205 -3.178005848344364 -0.9300885069101913 0.006959866334437419 0.0028173946922297587 0.38535409865620895 -1.5155680817969452 0.0027593269552172867 0.019120997949752076 -0.47538680769864783 -2.2060454249856907 -0.009863314253740055 0.013833464119815427 1.3595895020906132 -4.476239763960912 -0.011147137545041165 0.025185752280156716 0.27390930772453803 -4.379924394379765 0.0010297816212935665 0.03327796619357155
3.054589755908966 2.6294268011748017 3.516233195049147 -1 -3.3201983901669134 0.19164606262681216 0.008073870862103656 0.0033048778810430912 -3.1805520571878096 -0.9161832145405522 0.010693280807107935 0.003972233897966438 0.3940367837221963 -1.4849847288202271 0.004814949384450949 -0.011583092383264474 -0.4734199022394838 -2.16212428364488 0.01540756726365488 -0.003126058864133058 1.3256642877039022 -4.449266735295838 0.000814148762014257 0.026510466463785375 0.24381091698225266 -4.337435219531034 -0.005614264166986072 0.03501116103832638
3.0518966375133316 2.6249230613277064 3.5175155400999616 -1 -3.325694738111043 0.20260570639467357 0.0072075561317543994 -0.0013790140190760906 -3.180284613492832 -0.9051753615417928 0.01171860909531024 0.007010816429035857 0.39560972158924024 -1.4514234873299146 -0.014793398128864163 0.003995074030680025 -0.47975009134025814 -2.121121860279983 0.002720337805300342 0.019648156531985896 1.3013947533457042 -4.422252147227972 -0.009279699152916918 -0.012221198923907495 0.21824485237930435 -4.298988744965625 -0.004634709521232497 -0.015401735257521526
3.0553274036559883 2.6275127363107504 3.5184115399490237 -1 -3.3389355302715176 0.2129178478888376 0.003139070042596325 -0.007910929082009186 -3.1764844789785553 -0.8940481722873967 0.00590710133535491 0.010477384882023042 0.3912600726220514 -1.4115028106528578 0.009515220423603707 -0.007871276791374449 -0.48053590722703454 -2.0893972939585224 0.015531805411738486 -0.012759213488904455 1.2858599178813126 -4.3892670520500126 -0.01096343198463369 0.018657777168874623 0.20093559761085444 -4.259012474269143 0.006010643632150096 0.021124776527736533
3.0591858815530513 2.632266036974087 3.5093377467765206 -1 -3.354563688242841 0.22700063431555484 -0.017425317283934476 -0.0030362652031981525 -3.175108209119479 -0.8833222599331784 -0.021012247974876608 0.001416326355145835 0.38117080734577957 -1.3757140157885661 0.00017153268873832186 -0.00792759986034177 -0.4815413550532588 -2.0657080696257646 0.01276701170275169 -0.004046318314433226 1.274049098099284 -4.359933862940601 -0.005640279240351561 0.029069946138635974 0.18731511492385344 -4.223947140181867 0.006739265942054127 0.034867398789162896
3.057922122400035 2.6347079469601447 3.4967999943685353 -1 -3.3674478878867244 0.24362003408674116 -0.011390979530116582 0.0013148935016417023 -3.1798817224010527 -0.870744551190076 -0.013794680604756086 0.0008740144337132261 0.3713469702111798 -1.3438717466583578 -0.021878714632515908 0.022291605425412794 -0.4927086932376463 -2.035774517903281 -0.01865142618277605 0.03346311520768325 1.265078858543534 -4.332214244546476 -0.003226928158084858 -0.01654869093529361 0.18240348844787668 -4.187371026734645 -0.005253445217731612 -0.01980433672675055
3.0664300153629402 2.6430797363725484 3.484124052473199 -1 -3.3760820517713883 0.2606258366657712 0.0034383339234587305 0.00423212500447889 -3.1823157978581387 -0.8563882682874868 0.007286810138589582 0.003974144179691451 0.3656070672306351 -1.3165351997817167 -0.004860162627385091 0.011083656199686716 -0.49950509587388225 -2.0044517548001197 -0.005784151966002463 0.012438870199423765 1.2587366393128239 -4.309760932185901 0.007807339921152736 0.010552525967774489 0.17847667757336705 -4.14999371509226 -0.005552812303186759 0.018129934315923513
3.0851365267685673 2.6625805786339485 3.475238386938608 -1 -3.3875900430796055 0.2724490993292168 -0.015327368028338272 -0.0024151765008734102 -3.1801457906283406 -0.8425309855774457 -0.016754249057945182 0.0007606697961997645 0.36319218016394306 -1.2908876418593165 -0.008948622251973503 -0.010959241640460488 -0.4966960049886602 -1.9781331453805115 0.016003620534607153 0.005758665976726416 1.247514384904564 -4.2915010377943545 0.002664405822695205 0.025778495618667192 0.16958731695600004 -4.117432959419878 0.0025830594978955143 0.034213940214755684
3.095626251677936 2.6727461863479776 3.469397888415076 -1 -3.401509335962542 0.2799352199366183 -0.012119338454400086 0.004140354917930765 -3.173358324306777 -0.8287372853403415 -0.009758403447090763 -0.003004631129924584 0.365392417606186 -1.2608158214842335 -0.00398882444001928 0.006012287636914634 -0.493710919986178 -1.9549197444690463 0.00011046906336174833 0.00967367778670386 1.2409984667046814 -4.2710149522790655 -0.004563569911302787 0.02929716711318965 0.16530933957967342 -4.089657326073912 0.010600283804299799 0.035754421476123274
3.0979484292950645 2.675214142149469 3.465931874364406 -1 -3.4098920167671114 0.2863473355082109 -0.010099395186342508 0.0019043183943331893 -3.16787893760635 -0.8162261913793937 -0.010933602852719613 -0.002024753600379495 0.37204866676864423 -1.2394781723923487 0.0132094058087744 -0.0093952934639952 -0.4887041806229844 -1.9303271871618375 0.013345823074533324 -0.011661679104342335 1.234565419445138 -4.249139404726044 -0.0022877608618798026 0.026545606658305188 0.16250617960469338 -4.061271357751041 0.006607805182781927 0.03350714529034725
3.113287809883741 2.6965133981619442 3.369532208633867 -1 -3.4102956088883603 0.41276131629986224 -0.0077633607225394505 0.03216551207800806 -3.2064150835192136 -0.6423245355362639 -0.014437211121697612 0.05542326881781037 0.4666432182305531 -1.314823630862213 0.03245260319644437 -0.009178148666824995 -0.22203229852070017 -1.9670503219148818 0.04910301980963561 0.013226898387334093 1.249085693236471 -4.2683790738037555 0.02622905205012694 -0.02423264980766786 0.14557885789642722 -4.08303338761276 -0.008333584945263484 -0.03844641875321424
3.1174147896538913 2.764845011002509 3.1037723996630455 -1 -3.495042618548843 0.5060416324588333 -0.029652837214942454 -0.0019054102002690864 -3.1893686502044156 -0.32996838253273986 -0.010475195139994856 0.060227358116862535 0.768097003596699 -1.4432576836869653 0.07474692407452938 -0.03385855609669918 0.06482509847574924 -1.9592254391742467 0.0620182927007957 -0.016319473262611267 1.2958619178807727 -4.416207094324321 -0.002400651779744285 -0.06805905994899375 0.20050523055848046 -4.179542034154535 0.010079176279636413 -0.04231558232226604
3.0428739611648763 2.782694798636702 2.9080080566664686 1 -3.5681869459310667 0.5446484550051394 -0.0001965296706971445 0.015097203299259607 -3.186184013059024 -0.12742203971060762 -0.0027354116703736152 0.013194598002030156 1.0359617665143164 -1.5280967226511195 0.052576049513490694 -0.0037972758153239083 0.32864154930045686 -1.978914402594999 0.04131271714936312 -0.01178158603560293 1.3003507019371217 -4.664443506452571 -0.003997086130061027 -0.06346058017210038 0.27840874250494174 -4.2183783778468875 0.006851651764226206 -0.024157621576929682
2.9065579542647075 2.922727071764914 2.7998401672848345 1 -3.473430216848141 0.5638484408367594 0.022267569356416377 0.004233645054972784 -3.191465762501387 -0.12014119496595499 0.006407981476507566 -0.018382986605336205 1.203787339483779 -1.5700327078145324 0.034900421366748854 -0.0014703004325058756 0.5381332557906626 -2.025537646927156 0.02421836010741918 -0.012243648953209929 1.3007632424792934 -4.857880303405798 0.0016731197141009822 -0.04512947725514379 0.36943515171161145 -4.2935563057155335 0.005330434671451286 -0.03747192681018927
2.7760668333779273 3.10352002614139 2.7340723165287084 1 -3.3607714177760872 0.490846928336621 0.011307433621298064 -0.01697052239925833 -3.138258744261753 -0.2137837837124188 0.016779011723234906 -0.030324039205021434 1.2933823291092388 -1.615409732169069 0.021170597239771834 -0.005747897637329601 0.6422994384547502 -2.070274122919993 0.003807674363637957 -0.014055143415564117 1.3600791224033717 -4.96631752349801 0.005082887982254446 0.003136268035365578 0.45475203697229905 -4.4192800893748085 0.03445187530421028 -0.016176581315581327
2.721184957626583 3.133519067997123 2.706609187667427 1 -3.3101429679674474 0.34797573831907513 0.003995572565825438 -0.021020104293729934 -3.066407179256056 -0.3528376343410684 0.014209898763618988 -0.03780529741148289 1.3303532307177557 -1.6728603925150047 0.014801911352921034 -0.005766107253869255 0.6690730662262219 -2.1292127492415167 -0.006333815108166833 -0.01602097938142218 1.431106166210995 -5.026613261301585 0.016280449593888788 -0.013898620871367211 0.5198940366487044 -4.474622270853125 0.0042315949596974795 0.0029847015236510264
2.6811382672659976 3.1208325092498397 2.708860558190188 1 -3.2563290011966814 0.22337918035578674 0.010614003321308532 -0.012365821470357877 -3.027153035347294 -0.5058166812338714 0.003179708096161674 -0.03610061884600989 1.3527159230076968 -1.7236480987970593 0.014862010260484615 -0.0032458953890931418 0.668939807372471 -2.1773715037730557 -0.00828273784415513 -0.010616818219855249 1.452404810584028 -5.051090206574848 0.00960805065457896 -0.004552561833348366 0.5477776776841745 -4.436600674134802 -0.002112649204941114 0.013901389301202315
2.6494188111349173 3.061905819685657 2.6941380454296806 1 -3.1849704178839113 0.13868745328995558 0.008390192506657408 -0.005349075251797966 -3.0342182501655905 -0.6276790441536121 -0.001776009087923598 -0.027605148012792832 1.3756933400138207 -1.7524244129626996 0.013731201389355005 0.002912010231383974 0.6731277485025426 -2.2016696081401372 -0.003760384624111133 -0.007368747846760209 1.4590677667870828 -5.031357109104198 0.012761959684088931 0.01615574591933437 0.5681278020817819 -4.392111896915 0.011798988185195071 0.017259879243668445
2.675761308473088 3.092937027846635 2.6393831942375923 1 -3.154946907402387 0.07775379205585531 -0.0026327061466316828 -0.0016045309651009573 -3.0360185232060553 -0.7053218613872566 0.0016617071159191947 -0.02059884031861137 1.3963383888558756 -1.742759076256149 0.014241492965591913 0.010178843856994309 0.705760416917462 -2.2211256502284114 0.0023927171288171747 -0.009359925651576445 1.4959101762166913 -4.9864332237574445 -0.0017667115866498405 -0.0016995646388866885 0.5777775434487484 -4.396309188721965 -0.0038973863081259576 -0.015413123201518025
2.721847003589462 3.137473288675325 2.5727489809988526 1 -3.1600895008598275 0.03711487643966138 -0.0030134329338536592 0.0033328807067937033 -3.0311830181897 -0.757390842248028 -0.0011877550028527924 -0.017058498503417188 1.4254412794101716 -1.7153589691178008 0.01679212377889841 0.011496454189799018 0.7560163314344992 -2.228382439075583 0.0038760208975580773 -0.0019826594509072936 1.525936548856416 -4.973710292050608 -0.011328914284291731 -0.009667948702807579 0.5995539378872445 -4.395114347089656 0.0008601319807351807 -0.015774370097731326
2.710293445801237 3.125687791800231 2.5233706716237583 1 -3.147341327227804 0.021645423884904424 0.0016553156307690386 0.008535793820871725 -3.0478332172076663 -0.7898444089699911 -0.004829438440557838 -0.013002465805450097 1.4703283275397787 -1.6914153968990595 0.019344304266505914 0.010728846940393885 0.8070194177204533 -2.2114777758052853 0.003558596548628244 -0.0011138107067744409 1.520926652397785 -4.975186098338338 -0.011446869341453305 -0.020505447565926496 0.6208184509904777 -4.368456659779674 -0.016331965525328014 -0.018111394837092884
2.6738860179058297 3.105043271843145 2.49023835680248 1 -3.1301613597051654 0.018119014161627423 -0.0012989187392888554 0.00890182159785221 -3.059240335551297 -0.797568505980357 9.482072724861334e-05 -0.008633208706746696 1.5132157488412314 -1.6762896268155667 0.017297148089385112 0.008115788105953519 0.8612210493300836 -2.2060365028385682 0.00426803608580871 -0.00620660731123439 1.5285296557606323 -4.976094705069233 0.017619747911822456 0.010444911416733708 0.642107163751847 -4.343781614708497 0.016034400352778973 0.01930049155073278
2.6607497892188174 3.0822300841694212 2.456783383201145 1 -3.1308120236418135 0.011294321600261448 -0.0025641669526560275 0.007451518166638471 -3.0490273927062805 -0.794149325062839 0.0014116611427751925 -0.008156069545299946 1.5522796477268308 -1.6776478929799592 0.016489330532136547 0.0033005620687679843 0.9027778915149245 -2.2135402694218334 0.002187073431563002 -0.0066468122222609095 1.5751071174946372 -4.983218867247066 0.02717062718998873 0.008292091452721717 0.68654034610406 -4.353944219451893 0.019153980533337837 0.014744679921898755
2.6548246036260745 3.0748186224841225 2.416067547701636 1 -3.12114841545693 0.0021956091192862903 0.0016199176430972718 0.007132377840276413 -3.046988502823324 -0.7966119747969571 -0.001953679835480252 -0.009467993936066243 1.5839441574341313 -1.6931882460988001 0.01566229765654026 0.005949302174610708 0.935252746977576 -2.2304032776639815 -0.0033377183234354173 -0.007473609839980739 1.632689677861757 -4.994567243342269 0.004551470357516314 -0.01785688828636186 0.7351618586235711 -4.37666850874623 -0.0035122896520780765 -0.016985480747615272
2.637599361833593 3.056135706120198 2.3854990112022514 1 -3.1018245546068 -0.009850392333499602 0.00038353914578390623 0.005940952641657553 -3.0512884030294805 -0.8043027607538575 -0.0005657869357347726 -0.010144303957331992 1.6060154635482826 -1.7040721856612997 0.014028721666599797 0.006946853566493223 0.9594627161128493 -2.244726227797842 -0.003114217988577604 -0.006786665687194462 1.6657785241739935 -5.009829996612986 0.0016692017760195424 -0.017668733856669033 0.7795193567549878 -4.37808490257294 -0.005377051192900507 -0.01167429610659648
2.611054776236287 3.0320471469311783 2.3613083623359676 1 -3.098846526222182 -0.02824328196044934 -0.0028244585402408297 0.004876099917577453 -3.044734426469186 -0.8175668054990328 0.0008797696986314017 -0.0117356895351967 1.6235414153612444 -1.7097832876234027 0.01329543135475584 0.007223520594914018 0.9833959036447615 -2.2546895001316134 -0.002875902629869323 -0.006123831940105665 1.6905857871530783 -5.0251287155499 -0.0006455600850255707 -0.0190832603786276 0.8220035359903708 -4.373992344821322 -0.0056338582716575665 -0.017456637386777645
2.5896600093741564 3.008632338541729 2.3322236216937093 1 -3.099547321327296 -0.04760831528414722 -0.0010377276282295417 0.005465834513827955 -3.0414982735072593 -0.8376712372012881 -0.0015261902153156847 -0.012436306842138194 1.6377179736280771 -1.7143450620610294 0.01226490630611593 0.00754135526681253 1.0059144668791618 -2.263672054975824 -0.0034954932949080204 -0.006489975351439489 1.734522316714732 -5.041968827108826 0.007892721219314168 -0.017633744363577446 0.8709497213789863 -4.389072540716276 -0.003696379532575905 -0.016858886044386203
2.5785882557433504 2.991295714792256 2.3037205669498406 1 -3.090497672242793 -0.06229398713780476 -0.0001222388155415078 0.006463761260324323 -3.0476926207548267 -0.8555340383757395 -0.0020211078549975184 -0.011082301302284898 1.6466416784949107 -1.7161430766242365 0.011076962269869189 0.00838812968092818 1.0232097839750551 -2.2732588691244464 -0.0046605940688529655 -0.006449587893549101 1.7892801290662375 -5.051322226492447 0.00582363201115009 -0.015441645201625737 0.9189722673751284 -4.411711670344026 -0.006456405188374568 -0.01757231000030834
2.5757981598582385 2.9865370639232687 2.2852831096296544 1 -3.085577523675144 -0.07327051526315442 -0.0019226867986220078 0.006960219428701172 -3.0489308616060242 -0.8663961835437338 -0.0004806126981545611 -0.010054255396614732 1.651481542916227 -1.7146860850984402 0.010519407380630723 0.009027859376887645 1.0340889308690642 -2.2805346749067157 -0.006175163726907223 -0.005485950485717886 1.830034691074407 -5.0478617824134275 0.004270416510438236 -0.011719037977263683 0.9568144284988263 -4.41683308261238 -0.009018629556756846 -0.013750120213579173
2.577802884628294 2.9936023481727454 2.271430837276938 1 -3.0860623528913003 -0.08172625828101487 -0.0016607657958312254 0.00759076821507516 -3.047610115569148 -0.8749123522910123 -0.0014084198508198436 -0.010043652534762283 1.6546426315406944 -1.7120412429272962 0.010079914805368111 0.009274104424962536 1.0394698463681253 -2.282426357608182 -0.006511479117536467 -0.005044303257177439 1.860149983629504 -5.036474158095414 0.00324428191712689 -0.012098126131278582 0.983347665334235 -4.408307471094487 -0.009178139022832725 -0.01180266622451312
2.5863273191098175 3.00524793573947 2.2511598469660954 1 -3.08202970132906 -0.0870498179714716 -0.0007741338527208728 0.00816616314603201 -3.0526988367715493 -0.883157929247604 -0.0024589368567699945 -0.009861047398904359 1.6553017611480172 -1.7072758969879933 0.00949820501474009 0.010081848815796268 1.0457050801644625 -2.2841062971659634 -0.005876632940119385 -0.005274690697754707 1.8953013891221486 -5.02402725706645 0.004792113359501281 -0.012140313850402911 1.0108159332108482 -4.406473300071967 -0.008097818360208413 -0.015134255039065018
2.5993129723315493 3.0204985750352593 2.228948676525187 1 -3.0787314148151355 -0.09140098318591794 -0.0017724859737640822 0.008056642409249373 -3.057055030756723 -0.8901455588636097 -0.0014800170566928715 -0.00971133075048429 1.6552995367144092 -1.6988649183970241 0.00968753228509505 0.010870437952729246 1.0548366054173908 -2.285385822666716 -0.0055602123108620324 -0.004925709535296453 1.9384432231082966 -5.011759066149827 0.005654982841828682 -0.012190605833597028 1.03944729661292 -4.41151776554457 -0.00819748712948504 -0.015464087250332588
2.6110836011828966 3.0342591972679003 2.2128718497333053 1 -3.0798245715336776 -0.09710721824055024 -0.0019531150701591416 0.00782907778135793 -3.05702498667091 -0.8971695888866467 -0.0012854374453821517 -0.009868502104085356 1.6579005165233598 -1.6889149058936752 0.01010355540475788 0.010848813706886729 1.063041755612259 -2.2822924439112366 -0.005901471615012116 -0.004100175859025057 1.9770889658241044 -4.997653392526523 -0.0005060852305752627 -0.013974067448870434 1.067024237840176 -4.411381084582562 -0.008122749196967798 -0.017385311096763945
2.619395883781761 3.0442524209586317 2.201379195244973 1 -3.0782326269184717 -0.10304417754145834 -0.0010581900819697614 0.008000655525279968 -3.0588314035899185 -0.904313647697798 -0.0019496921436448445 -0.009714950617685039 1.6614393288757965 -1.6802531843237132 0.009862418708456121 0.010609447356074254 1.0690949520906745 -2.277230162565714 -0.006214891404726527 -0.004278797913390097 2.007977619337616 -4.983656905828101 0.0035955425151947456 -0.012655137594629174 1.0937503109074536 -4.405263178299856 -0.007710488972830852 -0.013124708234375953
2.6254743372142593 3.052473652990156 2.1875665478866715 1 -3.074980398979574 -0.10802970900572029 -0.0014025326391927887 0.008171230225811794 -3.0613538154708335 -0.9099705617404557 -0.0015431430654245532 -0.009397477088310895 1.663211627626306 -1.6735952230811155 0.009473467209934985 0.010285677188481966 1.0751487005987572 -2.274894768466228 -0.005938030609480588 -0.0051045403790570265 2.0435599960409006 -4.971250673787825 0.004976020920764883 -0.013593748016012899 1.122049690607911 -4.404216288097171 -0.006251903839312389 -0.01491908832650022
2.632885039004542 3.059975691517854 2.1701864768066943 1 -3.0748176956149083 -0.11266113936997091 -0.001833824928975181 0.00816738763945311 -3.060998318408372 -0.9145826691402452 -0.001180118105729746 -0.009323188081398322 1.6648746876920928 -1.668735306803942 0.009717885891805191 0.010061804677803807 1.0824784200422704 -2.2754449682905515 -0.005804163505219905 -0.005299311962807762 2.085761728843349 -4.961067764241161 0.006300939291094975 -0.013517539786632867 1.1549468283628652 -4.409935557488792 -0.005464716057227302 -0.015668111449061127
2.64023866772801 3.069212344014903 2.1544923206728472 1 -3.0740642825395073 -0.11717655529276239 -0.0012265594986639308 0.008212809004690947 -3.0610061188574793 -0.9189195579443217 -0.0016123632535924122 -0.009218042199190202 1.6688687944488798 -1.6651187217440218 0.01007963175806225 0.009952934016000056 1.090427580502869 -2.275511024009127 -0.005697292402188362 -0.005193048080459794 2.1262255832938033 -4.95127355269209 0.005348637617624457 -0.012708173919623825 1.1873052872013288 -4.413020782922384 -0.005711529760590454 -0.015985064646569652
2.6440799288556023 3.075552378119809 2.1414101750222283 1 -3.0710450339387543 -0.12131671847142078 -0.001134507917331425 0.008266914477078377 -3.062289810775861 -0.9224649145308884 -0.0015444874314406725 -0.00902181334755341 1.6742174683014657 -1.6617509404311641 0.01006584662189388 0.009905515992486916 1.0986077405286139 -2.2747509854282026 -0.005463096738068222 -0.005332818966853094 2.161384447422704 -4.941946788024008 0.004175399485321346 -0.013562599167243377 1.2172637842296838 -4.410882940281877 -0.007427837453734028 -0.016486348201977537
2.645108187239106 3.0790624363660193 2.1260138452500774 1 -3.0696424646593785 -0.12527446344012816 -0.0015967745024206403 0.008264353161820975 -3.0619846662886694 -0.9254632390477858 -0.001193460010861241 -0.008998868011430256 1.6791643328397203 -1.6587652028985114 0.009909509589617938 0.00986172607281267 1.1077204140733121 -2.2752807670448676 -0.005285287784185997 -0.005610848987146973 2.1974835166004913 -4.932935866237431 0.006113986967500604 -0.013831376609206475 1.247990981682018 -4.4123259733882065 -0.005804968891632614 -0.015451487447321431
2.64834750301427 3.0838458546720577 2.108129723794911 1 -3.069218317203532 -0.12902134727502546 -0.001395493227996025 0.008329214059064512 -3.0613839187938137 -0.9285971708445123 -0.001459275878852741 -0.009007197767113773 1.6838581881181076 -1.6563980312837137 0.009822281665745704 0.009876333274204716 1.1179161506168347 -2.277197744548743 -0.005187116588527229 -0.005842158898374167 2.237445279237698 -4.925211163994593 0.006497308813198622 -0.013032122324959275 1.281420974037168 -4.41654040355248 -0.004901798907584918 -0.017385900134400226
2.653354423380864 3.0886916624449015 2.0914289777522077 1 -3.0671847272593826 -0.13228584691003809 -0.0011120196967879976 0.008396027244980585 -3.062316824277544 -0.9314788566395624 -0.0016585879872541356 -0.00887666906395456 1.6887113340110007 -1.6542124947815262 0.009702276126362964 0.009930442583339534 1.1282154764657708 -2.2787969128250376 -0.0050386433387298035 -0.006125224423389315 2.275916418145357 -4.916335993285769 0.004783223735305676 -0.013639795772577155 1.3149553866728594 -4.418347922679441 -0.005323321341041622 -0.01590999603478435
2.656224791140919 3.0938084909072234 2.0769028899798623 1 -3.0652412656732375 -0.1353850525418142 -0.0013254867980751648 0.008366221246988971 -3.062956070485515 -0.9339822819270938 -0.001435198694324417 -0.008873144355398679 1.693038809398618 -1.6516213738400194 0.009576365606350161 0.009977037883081442 1.1362740555292232 -2.2807006508497074 -0.0059160498572542325 -0.005557118522304328 2.309903562120504 -4.906685062737044 0.0057780997208437875 -0.012637441787665099 1.3442646730321623 -4.417184304889586 -0.005120645242275529 -0.015787985569468983
2.6584366530084664 3.0981807864792406 2.0623669248834986 1 -3.0643596580561967 -0.13878700921934706 -0.001376406984578334 0.008310782469614489 -3.062996848432944 -0.9369628639475525 -0.001564429601390637 -0.00904772307661389 1.6964635321498536 -1.6494227241741088 0.00915187392858606 0.010316453277428573 1.1443041648569174 -2.281529703855939 -0.005510378568989817 -0.0060857928908237165 2.344543225495329 -4.895767493208975 0.005255283199111863 -0.01399647949011951 1.373491743238234 -4.41603717276498 -0.005907913765476804 -0.01654978227714938
2.662672024210623 3.1047953810622566 2.0466321628981086 1 -3.0630269331222872 -0.14237217869412333 -0.0011881220768532996 0.00826327530747423 -3.064074793269471 -0.9407401570231215 -0.001778342324512685 -0.00913947816355162 1.6986934317291338 -1.6462392683051528 0.008986316106112793 0.010373884414517847 1.1526394174035328 -2.2833521871643967 -0.00544844577827561 -0.006107930311071871 2.380964873518967 -4.8849769642662135 0.0054928769254638 -0.013355726789869606 1.4050106173633505 -4.417940741995881 -0.004545094746793309 -0.01715950186266356
2.6677742981261066 3.108891652948443 2.032395147521432 1 -3.06143173640383 -0.1462380390179967 -0.0012296059045383539 0.008196422060829791 -3.065405813219262 -0.9448452719376974 -0.0017150795954142032 -0.009191649620213734 1.7008682618902489 -1.6428454885311032 0.008923022252902275 0.010427092754078979 1.1601287129770252 -2.2843427500918345 -0.005590878205960249 -0.006059036377872154 2.416260364041335 -4.875141320130565 0.006032169647849599 -0.01273088238676178 1.4356601961386222 -4.416197167706448 -0.004578638311436451 -0.014490695295426494
2.6705291095486605 3.1149301968572236 2.0193845811689957 1 -3.060349498578465 -0.15045372800865187 -0.001276478719020437 0.00814141699128542 -3.066233603689521 -0.949193511310913 -0.0016830505150521027 -0.009238721813138798 1.7029198317468817 -1.6393631693728379 0.008741480587740817 0.010461680765815922 1.1666722318410958 -2.2849822597481992 -0.005733831416066339 -0.005930155594086221 2.448773694922928 -4.861974304572227 0.005284614622361614 -0.011891600718905791 1.4634299077951116 -4.414864709563704 -0.006225295711590264 -0.018321434594836872
2.67414725559612 3.1194493360474005 2.007148781835606 1 -3.0591974092496477 -0.1548135495719435 -0.0011755899663691656 0.008147432702399236 -3.067186591355761 -0.9537136771943384 -0.001808319049420571 -0.009265845613495041 1.7047037349488683 -1.6355489065322262 0.008652405425995352 0.010665063598301015 1.1728523209582482 -2.2847533392524886 -0.00553528214800867 -0.0060976016653602645 2.480944229923936 -4.849885549783616 0.006746468792964731 -0.012579776381406118 1.490473791946732 -4.4120829260399415 -0.0052929928986866544 -0.014557200416951481
2.6790713278467635 3.1264034500691804 1.9942526552212112 1 -3.0577672702527323 -0.15910317726604972 -0.0011462916903155996 0.008162257804770541 -3.0685261162435067 -0.9582747976307091 -0.0018468417025332765 -0.009260023685020907 1.706125347539615 -1.6317735843256447 0.00852825061600715 0.010570578559789344 1.1801207756118473 -2.2856625226208176 -0.0054826126050626055 -0.006223799629203507 2.513695784478889 -4.838392064291198 0.0050125898023415 -0.013582327320068574 1.5189883675410378 -4.409428283373179 -0.004215509217553727 -0.017151097615522165
2.6831786052530537 3.1312516606679823 1.9814830809797446 1 -3.0565176921686072 -0.16345119098310057 -0.001166332785712763 0.008131638486143553 -3.069573719836953 -0.9627390132198579 -0.0017896307973180202 -0.009239239163598041 1.7081882835336595 -1.6283318463506666 0.008639726393028842 0.010652668965591066 1.1863775178426232 -2.285842963610833 -0.0056305458324024185 -0.006060388474554992 2.547032267095533 -4.825953123206812 0.0063877864037174825 -0.012147098474010068 1.5474079406688723 -4.408334468432174 -0.005659654122723845 -0.017137429718483144
2.686476612020681 3.136761475268524 1.9697963947490318 1 -3.055293746947557 -0.16789498257656044 -0.001098358803594073 0.008143954057438667 -3.0704504429449577 -0.9671344229470155 -0.0018258755197907333 -0.009241106740938237 1.7104423112338214 -1.62482034380478 0.008445150153091496 0.01070624171750046 1.1932016059546475 -2.2859726388592194 -0.005506452845496532 -0.006119603739773775 2.5780939497115423 -4.8128772282807155 0.006541667951066604 -0.012553804147097784 1.573492318342434 -4.405784079337257 -0.005412707542868192 -0.01564305956453291
2.6900569253288986 3.140579059695041 1.9576873524499059 1 -3.053908610666237 -0.17229601136607242 -0.0010833575025259025 0.008149952599077921 -3.0714550293819247 -0.9714386136250842 -0.0018845623956733146 -0.009214153256298579 1.7127162271866565 -1.6212576033813668 0.00851921826228582 0.010917690191702835 1.199984873666203 -2.2862172795104927 -0.005756510976609848 -0.006085247433844074 2.607862900795922 -4.800732461230433 0.002897437261880074 -0.014944600600752075 1.5994242346906091 -4.402236543504676 -0.004768139767550005 -0.02046213071085048
2.693512841846321 3.135655411592203 1.9445630490734251 1 -3.05258117588844 -0.17664287908778697 -0.001059299962081448 0.008158170138913845 -3.072407945071757 -0.9756689423381615 -0.0018622692761618076 -0.009204864636149834 1.7153059059742386 -1.6179571803283332 0.008317948062662579 0.00985699325903493 1.2070113364593889 -2.2862673284453665 -0.004489395736809402 -0.006208860455402837 2.638327203187994 -4.788693699768866 0.0070097620759375515 -0.01113832619381459 1.6259621975112415 -4.400453518312076 -0.004701692733314419 -0.015893769375467808
2.6964096464825045 3.1316337096814193 1.9319953779715662 1 -3.051341330958178 -0.18095141358302191 -0.0010549273982795176 0.00814622783862215 -3.0732784213391984 -0.9798110742681907 -0.00189033471576558 -0.009163426832870004 1.7181644865909318 -1.6147316918239971 0.008472674229878432 0.01093642027062124 1.2151601810618304 -2.286484264464807 -0.005219007216075003 -0.006308448059029786 2.668843502868527 -4.776352142734116 0.0041531452557914145 -0.014024100598628065 1.6529094315031436 -4.398402542943544 -0.004484474804769344 -0.01959035295322179
2.6997494794322243 3.127425184086393 1.9205898485233794 1 -3.0500321832646398 -0.18525433925511692 -0.000999045261176396 0.008148599548240727 -3.0741060818048105 -0.9838379197133337 -0.0019133157694219147 -0.009153686633788096 1.7212562399703293 -1.6111977130158643 0.008469246203723111 0.011079877387033386 1.2226722533945633 -2.2865756079467925 -0.0057135913832408215 -0.0061537278407721024 2.69781325616568 -4.764859459736395 0.006981662905233414 -0.01300834595562595 1.67871102064312 -4.395305652728961 -0.0043203234841179255 -0.015291613754280675
2.7019014238134433 3.1218914072037025 1.9090920693039977 1 -3.048616764935506 -0.18956560626141028 -0.0009604610088978669 0.008142160430525635 -3.0750175672972606 -0.9878322965147497 -0.0019475294455844607 -0.009147085215077354 1.7241052441203015 -1.6086583635714258 0.008240641405189483 0.011027129922827138 1.2298763707342193 -2.286996921584084 -0.00580133934061898 -0.006370104198648658 2.7259254177948042 -4.752267482526904 0.004691688396789172 -0.014266961273242396 1.7031225161665624 -4.39184479480189 -0.004974073109331464 -0.01936085319280253
2.7050586476360303 3.1186458792355185 1.8971163750611983 1 -3.0472970168890052 -0.19385253437878036 -0.0009669073112876531 0.008134130025518369 -3.075936523530459 -0.9918514413352105 -0.0019492531283206395 -0.00914608830323068 1.7266428207279443 -1.6062395131069753 0.00808545531442046 0.010967700292209902 1.236570957476065 -2.28721909993726 -0.005272450661796418 -0.006538326633252673 2.754014239420486 -4.74034864093729 0.006157367753830849 -0.01308115948401396 1.7287605658643406 -4.389153741504133 -0.003833622868439336 -0.016799255242366157
2.7076820348475352 3.1132850293142194 1.8860709880782862 1 -3.046156023633179 -0.19812308589573013 -0.0009701538658505645 0.008139831708160357 -3.0768523527827587 -0.9959506204567187 -0.0020020977333126437 -0.00917063443913729 1.7288151327751482 -1.6029123792493158 0.007917990373944955 0.010164822943036764 1.2439573083527726 -2.2877377937845553 -0.0044895261296422975 -0.006512616362752348 2.783195416619243 -4.728101037551914 0.005699132961204038 -0.012703497245020163 1.7533154499772552 -4.387401529700634 -0.00359971249734468 -0.017197514427823555
2.709918334951677 3.1101999749751377 1.8757444031052442 1 -3.0449491318397275 -0.20243254472265415 -0.0009055637042214085 0.008131248033013114 -3.077869369519488 -1.0000987697289259 -0.002038122477363802 -0.009174567531720437 1.7312527696992586 -1.6002157183792642 0.007798878731829981 0.009936984841387442 1.250686035206317 -2.2878182555549857 -0.004509291457238194 -0.006516178539202406 2.810521602725637 -4.7163866533678345 0.006165510441579251 -0.01184329179064435 1.778543383423802 -4.383753622966966 -0.004239600197319346 -0.01693110419968052
2.7117756796519736 3.107313288747861 1.865635435456108 1 -3.043678421798237 -0.2067431549333003 -0.0008993430144625262 0.008140120457751792 -3.078951920496289 -1.0042192803865173 -0.002058080134572088 -0.009161495878692541 1.733304442134413 -1.5977447860787626 0.007606301053498615 0.00997208484383592 1.2565215605636908 -2.2880583756273407 -0.004548084067170662 -0.006588213699736025 2.836797224780649 -4.704522343696016 0.0060841957937226255 -0.012065754496802753 1.8025011491296574 -4.379744353122368 -0.003772250535294476 -0.016360313577916154
2.7151120318438107 3.102912178214118 1.8556488686193073 1 -3.042606655303768 -0.21096126366317358 -0.0009208244926046877 0.008160034586941128 -3.079940919723459 -1.008295486562316 -0.0020646904416405237 -0.009157023528623475 1.7346960680635934 -1.595153035417254 0.00744694066470954 0.010081334087769234 1.2627678116881063 -2.2886170320951544 -0.0044058960424152825 -0.006716179266910503 2.862821826124061 -4.6921076016479475 0.005796835622463379 -0.012610264258852661 1.8260409909342998 -4.376258515913061 -0.00296345831035258 -0.01634042075841085
2.7187591561022626 3.098596958865508 1.8458613548196598 1 -3.0416154055500284 -0.2150938252939696 -0.0008767763506371965 0.008156032358631257 -3.0809721920633346 -1.0123520272751612 -0.0021202456077788956 -0.009135285047766957 1.7360130326835783 -1.5929013047594593 0.007497676729295723 0.011065813240549328 1.2695195565181487 -2.2894499620339737 -0.005349733499862681 -0.006872155431576224 2.888610317034664 -4.679292153571123 0.005277346483050948 -0.013507160499715426 1.8501970918214141 -4.372227326754803 -0.004169485151158622 -0.01935652747514665
2.721208684333029 3.0933927670036527 1.836269782037386 1 -3.040448169813758 -0.21919059814025876 -0.000834011428604509 0.008155678393471217 -3.082130389350129 -1.0163141856615663 -0.0021551959970088673 -0.009099942659931259 1.7376854047306969 -1.5903895250254991 0.00755730488403367 0.011295180814912664 1.2746757406688225 -2.289685398718926 -0.005653016907563459 -0.006717539521671766 2.914204058515516 -4.66644635863709 0.006865341256400978 -0.012208104915775883 1.8719409106749758 -4.369050418421294 -0.00455124965550891 -0.017314734869027654
2.723480633041703 3.0893498864304463 1.8275667551966537 1 -3.039350949156826 -0.22321746211299198 -0.0008484548502606763 0.008190480401391212 -3.083195713445374 -1.0201683486493591 -0.0021348137521051934 -0.009103048576038542 1.739080456275162 -1.5874939693826486 0.007277449879067532 0.011442356144792235 1.2805548460957947 -2.289663115536004 -0.005492083689628117 -0.006737820429616303 2.938897535628806 -4.653926376371405 0.005227163372758811 -0.014266166859360106 1.8939697339217982 -4.364912794832365 -0.003629761555453577 -0.01884800280540029
2.725661630572067 3.084847572599605 1.8191968553859483 1 -3.038480285512774 -0.22715202031679327 -0.0008307621197450495 0.008197736260014916 -3.0841678184325034 -1.0240058992811183 -0.002151677624391603 -0.009103123134780209 1.7402961775280552 -1.5844408717937575 0.007193783739785655 0.010208335314191266 1.2861233040513058 -2.2895807562355683 -0.0044877352196769915 -0.006727502993998883 2.9635478578115846 -4.641213863019348 0.006774045558501481 -0.011758939688282458 1.9155069621998138 -4.361705985224812 -0.0032394408770710856 -0.01592399678430687
2.728203501042664 3.081683263553356 1.8105772317492863 1 -3.0374987930983712 -0.23104788296240963 -0.0007826912032379875 0.008198683218468204 -3.0853091581272696 -1.0278212973448824 -0.00223630679558476 -0.009078261424752487 1.741613558715568 -1.5822592877602761 0.0071882875410245115 0.011233664491441166 1.2916332556014405 -2.2896053560733893 -0.0053272506445176185 -0.006986304330800861 2.987684168072721 -4.628569293190109 0.005901490730059111 -0.013219833768939279 1.9381695297410575 -4.3576714296684 -0.004139123263012296 -0.019570672816890712
2.872770387584736 2.9610187911028283 2.015244278370081 -1 -2.8972707047770205 -0.23628461175232185 0.05630734612313985 0.010985604910365975 -3.123204852609306 -1.077892734665578 -0.01009686967436421 -0.04504622156410326 1.6672923403255933 -1.523743259521824 -0.03198750504493146 0.018506109292843544 1.0817167525443026 -2.262293437788604 -0.06695730079735558 0.0017003199596065319 2.9994879046269682 -4.570615913077798 0.0023671330517954954 0.01568946272032295 1.9387605741533651 -4.334766284005818 -0.014877967023543649 -0.009338335065548199
3.012264588309385 2.5031905204756333 2.0698688405694714 -1 -2.7174094666064335 -0.35771810677977955 0.002216480443639454 -0.02846438403482522 -3.1608594089567323 -1.230213365063026 -0.012887229959697086 -0.03574659234390348 1.4019861022831197 -1.4868168195130882 -0.059176268569786146 0.014575529065381823 0.7499571109305814 -2.2675261051463718 -0.07193418857485623 -0.013400986648086002 2.9244187166907123 -4.309345634755724 -0.03600206908282174 0.04891671462046134 1.8232364057429047 -4.273601187471583 -0.04197536051367837 -0.009732538800603393
2.5709818771060413 2.122464190614689 2.240175334389571 -1 -2.832543185776771 -0.4873038331096271 -0.04147056071644555 -0.009309772730265634 -3.2401367208221963 -1.337851613316992 -0.019373393505286822 -0.018944603052325988 1.064941081851119 -1.424161211312852 -0.08100330097929653 0.028524551869366258 0.42709261642361884 -2.3162560014949154 -0.07588762362254946 0.0020546071862576226 2.6368227213612885 -4.018129538715765 -0.06035908448307412 0.02958966926547912 1.5652932015741854 -4.2159467526601295 -0.05218909565733186 -0.014347682813656224
2.2385135479892866 1.872270952556799 2.5420621537141836 -1 -3.05884018407359 -0.4782812300899003 -0.0499486559834592 0.012124624277342165 -3.3409826577580706 -1.431879276967981 -0.028316526229514166 -0.021662099985268884 0.7078667672435328 -1.332778917749662 -0.08280054599496252 0.026085899050479634 0.13247417075116097 -2.3129944631792427 -0.07431885292146753 0.015324815133580567 2.3440019725880896 -3.8395543669264667 -0.03698708155766932 0.009161530384343385 1.3199100996363695 -4.205230772673333 -0.03274406221951347 -0.02193128793077237
1.9437069096125346 1.6436132254939857 2.849244067219455 -1 -3.1857632939575242 -0.44873384033919006 0.0013595814780098074 -0.007282966319716467 -3.4723973881298784 -1.5808329566041626 -0.025028522289326935 -0.0276029517068232 0.3669524853263022 -1.2788857934887456 -0.07293954275786504 0.005870170300856719 -0.17419322032494478 -2.2645921002376204 -0.07369586224189104 0.01585383401576224 2.134508062940111 -3.6940072093724647 -0.04969700058276345 0.05922133478518389 1.1749834337216534 -4.205105138897069 -0.039024023040083664 0.024989629168940566
1.6506129655924342 1.4069416326311432 2.967723852017167 -1 -3.1734298155867684 -0.5035960356307347 0.019987957177545118 -0.028599785523994795 -3.690202565855949 -1.6857904173218765 -0.0342968491406598 -0.016137929772224887 0.11080874344879632 -1.300101890440633 -0.030075201918055374 -0.019522305202012626 -0.46481489492406336 -2.280463464262173 -0.03603519045828997 -0.020070840495786824 1.9605645571699934 -3.5357905109520567 -0.056160209669374093 0.045538823530004956 1.1021049057220562 -4.207824297799339 -0.020762266070592332 0.02284109226971742
1.4062130834183413 1.218717018986918 2.9266531065731183 -1 -3.191566569107154 -0.6277029040292639 -0.008966323570491298 -0.01614119907704995 -3.859768718132412 -1.7709648779992522 -0.031238413431075737 -0.021969744084832495 -0.03547777314047451 -1.3836255722688293 -0.030259247399149036 -0.014477313048141482 -0.6676954335431198 -2.383923582130315 -0.04271080267867523 -0.017930591502190504 1.8100399474911342 -3.415330164299898 -0.014603859591273284 0.004760805159585442 1.040868185621675 -4.215864424451608 -0.0005235718870167036 -0.012202172663025604
1.2108151300576986 1.0676837640350938 2.6912564512779973 -1 -3.2615410925911057 -0.7433319405615726 -0.03238420826182076 -0.008195130434965893 -3.9046309675114275 -1.8575073130197504 -0.014472596137609903 -0.004769925583682504 -0.10157910381492563 -1.4975653580297985 -0.02649430074570095 -0.015065894406105918 -0.7453840534348073 -2.5270210975559477 -0.02589222446503401 -0.01395508236738811 1.7249894103277468 -3.3827626588580872 0.01392682234732142 -0.021256537463127508 0.9965868841827579 -4.256299072641188 0.02110919315306701 -0.029240585517784266
1.0410789017986544 0.9447906212099307 2.49554606542064 -1 -3.2955190668198373 -0.8237475384880117 0.012150933049397412 -0.02124252857659939 -3.916019955370583 -1.894505098018939 0.0032917272979516195 0.00037326013758492115 -0.12826245914205447 -1.612110828956734 -0.016400460339923643 -0.017021622654104226 -0.7520707857581188 -2.6561619477459644 -0.012576967254407158 -0.012668865596359208 1.7116283268719386 -3.4171151013878855 0.023259835778472383 -0.025191197148808 1.042288103424105 -4.351466072461722 0.0381704299355272 -0.03469972627996979
0.9223989877635191 0.8606383729034321 2.3534142593905574 -1 -3.264716254255797 -0.8692459564762401 -0.00954582792078305 0.004990182282272406 -3.966299595609073 -1.8560560594825226 -0.020043428523235454 0.021339326587863153 -0.11605894784209436 -1.7364050257399306 -0.010835682444895588 -0.0196022297660023 -0.7311742922918798 -2.7685137542214218 -0.013067113047183629 -0.010019612282276975 1.7503009983130342 -3.480736608596981 0.016527886641256942 -0.0022553973962908007 1.1895839858840613 -4.475675305543131 0.025218912504621892 -0.037474939637549186
0.8288111611810078 0.7966354520236179 2.22757760860112 -1 -3.215184233540703 -0.8933164633253148 0.0031648323438092756 0.0015097758892319013 -4.009166919780918 -1.8027517266332067 -0.008961492142410578 0.012155511868301796 -0.08719377461431321 -1.8895488589253098 -0.006380422195725214 -0.03087092105646351 -0.6962588579748941 -2.8973893949997294 -0.002491421119625907 -0.02222626788498891 1.8389935940796773 -3.5572324525092682 -0.0004032461678455169 -0.009888887664782986 1.388788316151846 -4.5899214720827395 0.0258424182308451 -0.01058334786587278
0.7538915832914588 0.7514713456306272 2.085641050033551 -1 -3.1911380711043322 -0.9091574919722358 -0.006597430149459526 0.006236352639598212 -4.007565135786507 -1.7764864332808075 -0.002219947570013616 0.008237131761729785 -0.0802666297166752 -2.085915089582583 -0.010365578950031765 -0.0432797141944484 -0.6488124999775571 -3.0791674070236943 0.003554291986347359 -0.033991059291056405 1.97374921204813 -3.635262343687279 0.0051121658085499545 -0.003732475358823019 1.5938764128921115 -4.678061145478156 0.020683967240129372 -0.010175053176873259
0.7328347389582561 0.7474458261863497 1.9588587877684038 -1 -3.187429648060717 -0.9218523262649371 -0.014871390719014665 0.014548692198780879 -3.9773880995743607 -1.7709010925970288 -0.008975505331087066 0.011975137818868073 -0.09700322964995856 -2.307841203629507 -0.0046192327014730195 -0.04897375516594212 -0.6102112398392641 -3.3021912128964788 0.009043898322147303 -0.04315131026352416 2.1148781868016453 -3.687142598232358 0.029328698752546626 -0.010854168914521213 1.809465331929717 -4.739785012397449 0.04850622695728013 -0.0070498767183616
0.7400741367544618 0.7651696603737518 1.8490464903674695 -1 -3.1674986937096756 -0.9482376476286652 0.006997583793483414 -0.015324181867708961 -3.9517091625848 -1.7529976408700731 0.012646104588451682 0.008608592372097193 -0.10860008007590594 -2.5328632255154897 0.01571141720287981 -0.05637560330300055 -0.5838286559889543 -3.525635285464757 0.024517626391284186 -0.04865008167378204 2.2207692777860775 -3.7016448962251576 0.02541279362957971 -0.007451098139287981 2.015936288854978 -4.766621933535079 0.04795116348890219 0.0064116805643745995
0.725600063944024 0.7654744965442554 1.7341433280178185 -1 -3.1247761707418573 -0.9799930193785967 0.0047280891287949395 0.0025750601569932835 -3.9346438401799286 -1.7224487551186876 -0.002738978492050929 0.008468090873059584 -0.11299958999420578 -2.7431749166293002 -0.021838073857623416 -0.03333224682954557 -0.5759445348771766 -3.7234614704940876 -0.01703810660777843 -0.023864441815242634 2.3068977868056404 -3.6861491628417706 0.016101215474830483 0.013726512543393226 2.1878800270062184 -4.762553733227741 0.02633867511378298 -0.008410262035092899
0.6843364969880612 0.7464232689204846 1.6173860070808315 -1 -3.0940444178779956 -1.004310523490236 0.00428505074872291 0.007246008154789492 -3.90800812479808 -1.7034768612039173 -0.004650402314608986 -0.001755727052800535 -0.11531556484530725 -2.923108253173279 -0.013813623645984523 -0.029921868967260082 -0.5694244513111077 -3.8913829589422315 -0.0061850888556973516 -0.021715728879210767 2.3633637273675676 -3.6667202545250177 -0.007452314892123129 0.005389255337339741 2.3079352965523343 -4.739070280444841 0.005698307478648223 0.0020067869448656453
0.6339348614874927 0.7225135154502369 1.5231179000700283 -1 -3.0948774113819106 -1.020103715729546 -0.011819693857272284 0.007291406629067006 -3.886060101274321 -1.7038801363821228 -0.005405263659211146 0.009025757673605434 -0.13072980275307966 -3.0508114061833798 -0.00803392196219475 -0.014860537062287169 -0.5585588460412811 -4.023194562769371 -0.0034500396743070757 -0.02328005218256511 2.376592147000273 -3.6577035183293973 0.014684790877351112 0.00044122395707725526 2.3850423792880058 -4.727120588356845 0.026744169263391956 0.0022954301795217215
0.5570111983131368 0.6738623391945496 1.4508616696037118 -1 -3.1096600790661397 -1.049161596179453 0.0006291302566948649 0.0016223076401852372 -3.892458580088335 -1.7160374195408163 -0.015311620569992296 -0.008204118786108584 -0.16030900716919216 -3.1187154222989752 0.004733192850543359 -0.015546076191710766 -0.5563311557656454 -4.103440840425932 0.009844905743349244 -0.012687207332405767 2.3411553076015075 -3.6566804821500725 -0.004404326667500302 -0.01762310890707538 2.420091789692579 -4.721691177802348 0.007232620831981919 0.026492054297682213
0.4373777693599919 0.5922382763719738 1.4006781266111936 -1 -3.1286089505365693 -1.0933143642665268 -0.010142750090708317 0.002167160203956793 -3.9339085633173156 -1.7280093507947307 -0.0188523694775716 0.004771058992712887 -0.19648504588860494 -3.1461903087628156 -0.027047648751844015 0.0035545607274198344 -0.5848265764699931 -4.13241455672185 -0.025185474629158284 0.0069435195016674285 2.2892975669824738 -3.648741322126391 -0.015846479117970252 -0.016739598712674556 2.413171692556495 -4.711061130257893 -0.011988650412079823 0.02539846915943681
0.3268851687643187 0.5028099135786129 1.3947649577601648 -1 -3.153355747554434 -1.1324101669772069 -0.002066317824006684 0.003235535186969405 -3.992472388339205 -1.7414819166869857 -0.021920327738704806 -0.007471225070590744 -0.2351658481651686 -3.143100714667098 0.006605032555794808 -0.0024383426528960805 -0.6416874317793595 -4.12256698693356 0.0004887594813406566 -0.001378185805715751 2.2194533553211446 -3.6334896891802293 0.003286436859938591 0.00990652385800209 2.3636848056996325 -4.703483365854983 0.004055952929112767 -0.0013039263408059195
0.23736762709333517 0.4290407505565816 1.4208941488363656 -1 -3.188174071295295 -1.1483593689326808 -0.0029036036059458346 0.0082664556306572 -4.045558704567297 -1.7557959890137287 -0.020291692597219885 -0.008014906638723923 -0.3027301665503339 -3.10799922265938 -0.02834765817701516 0.009776546790622122 -0.7204656846348851 -4.090651580223964 -0.023888524135408665 0.015207536728670758 2.1283822633749265 -3.6185887326989077 -0.02780685062249563 0.012794528594658072 2.286862218787067 -4.690369691914136 -0.021347801095233168 -0.010323745999701114
0.16429379895232443 0.3634675196964647 1.4716842508139385 -1 -3.2235600211579696 -1.1439845318976942 -0.013375528494569688 -0.006015829506172306 -4.0915100572953715 -1.7715794815689803 0.002213400374371309 0.004517703570534338 -0.39228378525589935 -3.061188686790658 -0.023765609777257727 0.006423031227563389 -0.8014521603833571 -4.053489129046975 -0.0171448161892026 0.013639616128881708 2.0160799222038612 -3.591256580431277 -0.04949419397789866 0.00225095233557987 2.189696864349222 -4.656843462663026 -0.04206449803907629 0.0038004478470983084
0.11131908937558149 0.31066565513116773 1.5366450867323236 -1 -3.2494046179623224 -1.1353444210980776 0.0005844682104427939 -0.003552669543150753 -4.144133798405973 -1.7817238919031229 -0.009913609939956781 -0.005825516740998025 -0.48334215636888356 -3.0100801067666576 -0.009036866647186712 0.005816591019308618 -0.8954665955481769 -4.024101376925195 -0.012215553671523476 0.002210985691989569 1.8981842052887998 -3.54754863096288 -0.024881982850335535 0.015898514457063556 2.0756711752578783 -4.618843942869749 -0.023835489279190943 -0.0009386847936430336
0.07426313786706164 0.2710926045223316 1.60282139609689 -1 -3.2645734998582467 -1.1425244029971668 -0.01213287103533181 0.008659857540160174 -4.201406115517966 -1.7810405109201626 -0.016369084652610274 0.011468886792703921 -0.5690025392486544 -2.977577270856342 -0.019258729204185084 2.583419728340421e-05 -0.9973845033545423 -3.9972406514415137 -0.01846871577010974 0.009794749553539699 1.786965593773684 -3.502414662615494 -0.034711176288996684 0.0027003081297042666 1.9520144823510641 -4.57790577268937 -0.03605551415625512 0.011252868979547115
0.04699186613285864 0.24223282096539475 1.6605623834779208 -1 -3.2825531552605414 -1.1602690564665692 -0.011375826737706568 -0.008616652316456985 -4.256857570447407 -1.7795140949057837 -0.0011452305614300835 0.005566827452010187 -0.6496678511779876 -2.9620002306645743 -0.017406476917837713 0.006568473923697898 -1.0907102113179312 -3.9916043976398465 -0.021096997492737846 -0.005340273177034779 1.6896939366500305 -3.4569359216800617 -0.03963024471337633 0.0077834157725991775 1.8433364826944194 -4.540192200441027 -0.03501539754806491 0.002310970918775494
0.02148242393345831 0.21194943926343163 1.696807404133679 1 -3.3130433090206752 -1.1762206908049544 -0.017233600197461993 0.01131636442257636 -4.31004137246228 -1.784898388699003 -0.01599037840510986 0.011072984112204828 -0.7376883172246926 -2.9658881441789555 -0.004778773325355421 -0.005050993470365024 -1.1632651980310547 -4.009130980996403 -0.002253710281343306 -0.012788438022045004 1.5949801634748884 -3.4137591058580186 -0.02289937412935502 0.00393776969958946 1.761851550143147 -4.50091724306023 -0.017843899473744096 0.01247247432722914
0.011542327103747418 0.17839267293619726 1.6944864776134845 1 -3.346301182620731 -1.2038252429015164 -0.005778809454375797 0.0036068231627174076 -4.35832604143559 -1.7904254430513389 -0.02016613589312998 0.0020179499879500896 -0.8224217492424755 -2.987777204888391 -0.032835397336034966 0.00015602824067056584 -1.2200493953350473 -4.045038751412502 -0.02653373338978464 -0.002566575265790386 1.5230138459329474 -3.380788887561597 0.0066336568084031725 0.007485043227119077 1.7142765393835049 -4.4650057337593 0.007533586589042941 0.009827956330233006
0.04770099173227358 0.14066543235101667 1.6733666461532513 1 -3.3758288921040993 -1.2466766221929193 -0.014401439123667627 0.007024396747584802 -4.4081571461652 -1.7817370592836173 -0.0163551164631412 0.015701717603839836 -0.8918564211328035 -3.030684925070414 -0.024104345285281242 -0.012625988216392001 -1.2713751105000832 -4.090444699348607 -0.016620226284791005 -0.0004900068113831355 1.4651879713518365 -3.3644021961226533 -0.012504472901679903 0.010271471229008598 1.678979025503068 -4.4453083374817375 -0.004633222317686755 -0.00793974746677633
0.09452170539462558 0.09582466309557792 1.647461933601689 1 -3.4051393496435156 -1.2971270613893402 -0.010466479821276714 -0.022966382355228486 -4.45588023116358 -1.7649495204777965 0.0066289504725076135 0.0017919011483230858 -0.9428662110023232 -3.0923757085710513 -0.012403687584029549 -0.020385667498571493 -1.3115675390265236 -4.149117261320595 -0.004163092689144658 -0.004181668237022779 1.4204019831583752 -3.355789133872298 -0.032392376101337314 -0.0030514020470719105 1.6588709526671472 -4.427487723232511 -0.022086718906907908 -0.0034287788186167433
0.14433906628350615 0.0515771426596588 1.6077834701419362 1 -3.4348577399190368 -1.3387232662203439 -0.0016884634006209078 -0.02028224090745221 -4.492762805143526 -1.7550292228594253 -0.0007384409643902223 -0.008135695520979263 -1.000633253550788 -3.1579882284606615 -0.0018331846471518233 -0.015569061012374616 -1.3450058325195782 -4.215646168093162 0.002825069051199159 -0.01786378726372359 1.3810331485780258 -3.3548098174591 -0.03476763322273638 -0.006302370280825878 1.6506050958985323 -4.4122493558828815 -0.022007401780601225 -0.0047991440279549075
0.2361901037472894 0.027973869984536548 1.3034986710345724 1 -3.616367685858031 -1.406527254294161 -0.047901788092671045 -0.03984636621118567 -4.620128110094695 -1.8260738229795994 -0.028523949610356966 -0.0243051442262791 -1.0915084587421031 -3.3322044522723266 0.0016602658107658583 -0.055242997006827256 -1.381887366584865 -4.354622674823123 0.008345376584669863 -0.0461506470149677 1.5118608846982413 -3.5106649109589574 0.06365358024250553 -0.0634778407443544 1.747050437859686 -4.460751793868387 0.04388071969429335 0.015141377683845936
0.2337921490372568 0.059047688041962365 0.8033748459771723 1 -3.8957016107099602 -1.581733237031358 -0.06273314095681626 -0.0206554625425057 -4.816804574730992 -1.7624327567719162 -0.04164596066386794 0.043782891357328255 -1.1319441520447944 -3.6337899942233705 0.018770126259727106 -0.07889357790810297 -1.3805453893167323 -4.560955000536614 0.03165797770313693 -0.037049853449416255 1.8415502363337612 -3.6730371067481458 0.08266718178224268 -0.040806210645446324 2.1640951180440773 -4.455600423946414 0.08900598669890453 0.04874976924381848
0.22060416521040987 0.15073031538796378 0.47745530238337763 1 -4.164051604088047 -1.6912044912198243 -0.05594082034510509 -0.00951042835607002 -4.98907319348745 -1.6245618923069287 -0.009703713291935291 0.007552130291210511 -1.0758859250927926 -3.9532039474437806 0.014182111303653646 -0.08134739816122742 -1.2452286594418784 -4.7749189931484795 0.043668226969941215 -0.013303610455319463 2.1722414939637558 -3.6753223878864585 0.07938594256284184 -0.010325445593029774 2.622756516523248 -4.337725626428087 0.05252697311755317 0.05662523466082425
0.25946616821069907 0.20502138798693728 0.36765352964707965 1 -4.2986204705248 -1.6765163892268258 -0.027217936573116386 -0.0010115643516824075 -5.080942663335213 -1.6678476998222482 0.017696029315636668 -0.022421260090592754 -0.9556714636241215 -4.187120998213309 0.02400342883493027 -0.06361156152611729 -1.0481468071137203 -4.943187221508039 0.04217901918345485 0.007038276718706479 2.4419112944503514 -3.561110668929217 0.06160191538718416 0.00010525656703611747 2.8873983961699716 -4.221773857033423 0.0177602331109682 0.05506000099429663
6.434957 2.6508627 4.6378093 2.6162708 5.8545213 9.506528 8.405221 5.1584387 0.1850687 1.4389516 3.8358345 5.0951796 -0.71983266 1.486166 1.9250511 7.730136
6.473269 2.6170146 4.738792 2.6371915 5.8962708 9.470506 8.255292 5.3134637 0.26835784 1.4397426 3.7769704 5.0374646 -0.79275846 1.4847128 1.9385023 7.7123632
6.4518943 2.6344066 4.678296 2.626155 5.8742957 9.491019 8.343383 5.2213326 0.22219473 1.4359462 3.8142085 5.071097 -0.75251424 1.4862453 1.9284066 7.728887
6.344033 2.732941 4.373283 2.568204 5.7614636 9.591249 8.754877 4.8040648 0.009928882 1.4288746 3.9857116 5.224056 -0.5547937 1.4903266 1.8871661 7.772467
6.215806 2.8637812 4.018774 2.5040486 5.6586547 9.702687 9.154362 4.3553314 -0.17703587 1.4166679 4.1817675 5.3641295 -0.3571686 1.4908197 1.8399796 7.798176
6.16661 2.9214113 3.8724337 2.4789395 5.6247325 9.746267 9.297831 4.180904 -0.23699251 1.4090627 4.2626405 5.411322 -0.28520054 1.4902499 1.8196741 7.804588
6.1694846 2.925537 3.85739 2.4768193 5.620747 9.749504 9.316558 4.162673 -0.2448566 1.4066596 4.271909 5.417506 -0.2771728 1.4909137 1.8162665 7.8096614
6.3823357 2.7169724 4.388466 2.5733137 5.763051 9.580969 8.758687 4.8243127 0.008806035 1.4216933 3.9834623 5.2255945 -0.55997396 1.4938693 1.8829291 7.7926855
6.4202833 2.6903973 4.4597526 2.5866346 5.784882 9.55686 8.678644 4.9160147 0.04702823 1.4219061 3.9464016 5.196795 -0.60007656 1.4943064 1.8907084 7.7908263
6.397341 2.7221386 4.364281 2.5681908 5.748864 9.587098 8.809803 4.784855 -0.021227643 1.4191496 4.0008764 5.24506 -0.53661126 1.49588 1.8771073 7.805747
6.381378 2.7491825 4.287419 2.553114 5.72021 9.610903 8.915875 4.6760635 -0.07607365 1.4167312 4.0446587 5.283704 -0.4852861 1.4971995 1.8658742 7.8190184
6.549419 2.6048703 4.706764 2.6322973 5.8639345 9.472397 8.390345 5.23142 0.18769231 1.4236064 3.8146524 5.091372 -0.74254334 1.4948474 1.9186347 7.7800927
6.5983696 2.5707288 4.7955694 2.6496823 5.893273 9.44111 8.279687 5.363407 0.24458319 1.42449 3.7653704 5.049442 -0.79734355 1.4949145 1.9294686 7.7702985
6.687206 2.4237611 4.713117 2.6495774 5.7663164 9.437078 8.56076 5.6695585 0.12584977 1.4416193 3.768947 5.129671 -0.7115376 1.5172151 1.9314253 7.7448535
6.674227 2.5111704 4.8684087 2.6649506 5.8926873 9.409659 8.244612 5.528591 0.26195085 1.4289514 3.7207298 5.033004 -0.8254193 1.5002191 1.9393219 7.766373
7.117502 2.0891566 4.873026 2.6725223 5.5033364 9.29792 8.77744 6.8809276 -0.10783772 1.480898 3.5126224 5.0801005 -0.6050623 1.5571966 1.9653991 7.4682865
7.4800134 2.2517118 5.0441003 2.6082318 5.2822294 9.194359 8.692649 7.411401 -0.5076479 1.4760982 3.2213693 4.8579636 -0.38100073 1.544702 1.955109 6.9958215
7.0174003 2.1325252 4.8838468 2.6874175 5.619495 9.3235445 8.660125 6.5665655 0.032372773 1.4717207 3.578483 5.099524 -0.6968447 1.5490857 1.9652591 7.608181
7.339005 2.1259832 4.976962 2.6485672 5.3845553 9.236902 8.764991 7.1777105 -0.30672026 1.4820952 3.358008 4.9903984 -0.49888995 1.5567039 1.9640989 7.263711
6.943717 2.2198343 4.8961387 2.68949 5.707113 9.344053 8.533272 6.261261 0.11771037 1.4597313 3.6113682 5.091412 -0.7527199 1.5372385 1.9606735 7.686454
6.8646803 2.343773 4.925311 2.684951 5.8026104 9.364233 8.368304 5.9290953 0.19069411 1.4450543 3.645502 5.0622344 -0.8026267 1.5205401 1.9539914 7.739974
7.616447 2.2968252 5.138494 2.5994093 5.2501764 9.15991 8.615206 7.489249 -0.59089756 1.472177 3.138155 4.801432 -0.35001007 1.5397993 1.9550439 6.910513
7.3766 2.1220782 4.998963 2.6527827 5.387338 9.239609 8.733609 7.1660223 -0.31241 1.4795008 3.3664515 4.997221 -0.5094605 1.5539209 1.9654129 7.266792
7.318434 2.1022196 4.957284 2.6622179 5.415893 9.267249 8.736533 7.0768566 -0.259287 1.4775112 3.4213872 5.034689 -0.543865 1.5526156 1.965925 7.3243613
7.889701 2.5771787 5.268515 2.531733 5.104533 9.096895 8.36436 7.801285 -0.9150846 1.4492266 2.8982744 4.547003 -0.1761668 1.5071723 1.9364215 6.432969
7.965934 2.6638777 5.3146954 2.512991 5.07065 9.07887 8.286517 7.892625 -1.0090153 1.4428978 2.8253298 4.4703703 -0.13029373 1.4974363 1.9316413 6.301191
7.258279 2.085038 4.9453416 2.679069 5.478174 9.293764 8.689468 6.9340377 -0.16709454 1.4742692 3.4751308 5.069261 -0.61005837 1.5497096 1.9693294 7.417328
7.8708997 3.7637424 5.5612063 2.4286487 5.3135543 9.3445425 7.755036 9.388403 -2.0670998 1.4118413 2.1265469 3.8081088 0.039870977 1.3841764 1.9178517 5.497066
8.067434 2.749404 5.380176 2.4961572 5.037574 9.05368 8.192469 7.991442 -1.1022282 1.4369885 2.723374 4.384038 -0.08667609 1.4884729 1.928504 6.16792
7.9661965 3.6668267 5.637205 2.4321973 5.271636 9.28492 7.7508683 9.265207 -2.0100837 1.4159731 2.111292 3.8263643 0.038953602 1.3941947 1.9231185 5.5291696
8.236687 3.1626298 5.6142364 2.4395232 5.028389 9.050598 7.8984995 8.514468 -1.5458314 1.4222639 2.3465004 4.04972 0.045853496 1.4468031 1.9212564 5.7250338
8.2380495 3.2077732 5.60237 2.4331462 5.025845 9.061913 7.8859577 8.558115 -1.5870748 1.4192412 2.3358874 4.029789 0.060203463 1.4417897 1.9180968 5.6840725
7.930372 3.7425308 5.5551853 2.4262147 5.2855053 9.328348 7.7579727 9.34236 -2.0534482 1.4102981 2.1324537 3.8186617 0.053251922 1.3866172 1.9157869 5.4897733
8.137363 3.4605079 5.4680777 2.4081893 5.0613074 9.178357 7.8625965 8.845319 -1.8007083 1.4061093 2.256073 3.9278715 0.11908978 1.4158006 1.9029444 5.498766
7.9924397 3.661079 5.5106597 2.4192817 5.2135997 9.292503 7.8052716 9.195302 -1.9883145 1.4089663 2.1451914 3.8460462 0.080911964 1.3958956 1.9110048 5.4842076
7.8407173 3.8691428 5.517532 2.4296327 5.3634377 9.404849 7.7345195 9.535206 -2.1466613 1.4078184 2.1136045 3.787025 0.038599074 1.3735147 1.9150343 5.4690332
8.040144 3.648365 5.5494847 2.4193416 5.2056346 9.264862 7.7705617 9.171246 -1.9688437 1.4081347 2.1910486 3.8571787 0.07918519 1.3958025 1.9113934 5.4859953
7.9706287 3.7453318 5.363287 2.4036498 5.1975217 9.328789 7.78279 9.229935 -1.9925002 1.3945767 2.2976606 3.8640592 0.113800496 1.3829385 1.8941905 5.394778
7.983315 3.728931 5.3843684 2.4060133 5.1965194 9.321741 7.790012 9.219681 -1.9910794 1.3970512 2.2670536 3.861761 0.111816674 1.3858349 1.8967417 5.40861
7.956525 3.7389774 5.2083273 2.3897552 5.1334324 9.348152 7.8321667 9.147889 -1.9628408 1.3848546 2.3533838 3.8864355 0.14932162 1.3811891 1.8808553 5.3339806
7.8258843 3.9331164 5.589455 2.4390576 5.4220877 9.426261 7.6822205 9.65966 -2.2130222 1.4101878 2.0739772 3.762958 0.010665804 1.3664538 1.9220756 5.4838114
7.956504 3.5566 8.67721 2.6987407 5.118913 8.601229 7.6566625 9.441101 -3.357004 1.5731205 -0.98134565 3.180343 -0.8188195 1.3986506 2.2474618 6.339156
7.244232 3.033763 9.94775 2.6961656 4.4673276 8.259513 9.183871 8.252232 -4.082811 1.6147435 -2.6370597 2.4960728 -1.7128379 1.3661041 2.3863895 6.75794
7.2632895 3.020121 9.969731 2.6988912 4.468002 8.246864 9.188763 8.241967 -4.06285 1.6172624 -2.6454496 2.488863 -1.7111807 1.3686419 2.3892946 6.752222
7.273321 3.014625 9.981976 2.7000263 4.4678836 8.241102 9.188669 8.237787 -4.0553765 1.6182022 -2.6490483 2.4865065 -1.7105492 1.3696384 2.3904598 6.750453
7.279096 3.012468 9.989145 2.700517 4.4678025 8.238784 9.187717 8.236413 -4.053352 1.6185929 -2.6506348 2.486134 -1.7100443 1.370052 2.3909342 6.750493
7.2838235 3.0110247 9.99417 2.70077 4.467022 8.236785 9.186389 8.235004 -4.052511 1.6187615 -2.6517963 2.486267 -1.7098669 1.3702959 2.3911872 6.751062
7.287327 3.0107627 9.996864 2.7010117 4.467188 8.235777 9.184206 8.235384 -4.052422 1.6188447 -2.652461 2.4865556 -1.7096641 1.3703926 2.3913443 6.7514253
7.2907724 3.01028 9.998205 2.7012188 4.4668837 8.2349205 9.182796 8.235354 -4.052356 1.6189657 -2.6529713 2.487103 -1.70907 1.3705556 2.3914773 6.7519608
7.2940664 3.0099735 9.998287 2.701475 4.4667773 8.234153 9.181161 8.235718 -4.0520444 1.6190984 -2.6534052 2.4876184 -1.708339 1.3707229 2.391622 6.752211
7.297009 3.0097826 9.997203 2.7017088 4.4667306 8.233584 9.179755 8.23625 -4.0517945 1.6192279 -2.6537185 2.4881525 -1.7075756 1.3708855 2.3917413 6.752512
7.298279 3.0116916 9.994104 2.7020454 4.4690576 8.2340555 9.1756315 8.240282 -4.0521064 1.6191928 -2.653617 2.4882908 -1.7074276 1.3707428 2.3917994 6.751933
7.300184 3.0125668 9.990594 2.7023265 4.4700837 8.234174 9.173183 8.242596 -4.052097 1.6192586 -2.653593 2.4887376 -1.7067451 1.3707799 2.3918734 6.7517853
7.302389 3.012928 9.986542 2.702589 4.470385 8.234122 9.171626 8.244044 -4.0518947 1.6193829 -2.6536374 2.4893675 -1.7057225 1.3709178 2.391959 6.7518277
7.3038855 3.0141354 9.981399 2.7028806 4.471567 8.234425 9.16892 8.246825 -4.051876 1.6194247 -2.6534972 2.4898305 -1.7050027 1.3709251 2.39201 6.7515044
7.3053055 3.0153675 9.97561 2.7031846 4.47269 8.234786 9.166316 8.249657 -4.0518184 1.6194797 -2.6533566 2.490337 -1.7041651 1.3709471 2.3920631 6.7511387
7.306363 3.0170636 9.969067 2.7035356 4.474251 8.23536 9.163159 8.253273 -4.0518208 1.6195138 -2.6532164 2.4907708 -1.7033818 1.3709178 2.3921165 6.750534
7.307357 3.0188153 9.962061 2.703896 4.475663 8.235878 9.159955 8.256881 -4.051804 1.6195406 -2.6531806 2.4912205 -1.7025946 1.370888 2.3921707 6.749897
7.308306 3.0204434 9.954552 2.7042167 4.4770274 8.236467 9.157032 8.260299 -4.051754 1.6195705 -2.652916 2.4917262 -1.7017314 1.370873 2.3922014 6.749328
7.3092737 3.0219877 9.946663 2.704536 4.4782495 8.237045 9.154297 8.263578 -4.0516434 1.6196136 -2.652646 2.4922757 -1.7007706 1.3708802 2.3922334 6.7487707
7.310136 3.0237105 9.938401 2.704896 4.479489 8.23765 9.151376 8.267126 -4.051542 1.6196586 -2.652535 2.4928188 -1.6997827 1.3708804 2.39228 6.748108
7.3108697 3.0255835 9.929745 2.705278 4.4808426 8.238343 9.14833 8.270941 -4.0514545 1.6197042 -2.6524415 2.4933548 -1.6987638 1.3708713 2.39233 6.747362
7.311678 3.0274396 9.920943 2.7056897 4.4818974 8.23886 9.145258 8.274619 -4.0513 1.6197544 -2.6526203 2.4939022 -1.6977288 1.3708773 2.3924003 6.7465887
7.3122926 3.0292573 9.911636 2.7060337 4.4833217 8.239659 9.142393 8.278368 -4.0511622 1.6197965 -2.6522598 2.4944584 -1.6966718 1.3708713 2.3924246 6.745857
7.3128934 3.0313368 9.902213 2.7064753 4.484569 8.240336 9.1391535 8.282452 -4.0510387 1.6198488 -2.6524372 2.4950004 -1.6955806 1.3708637 2.3924983 6.744957
7.3133707 3.0336382 9.892558 2.7069561 4.4858904 8.2410345 9.135627 8.286861 -4.05095 1.619893 -2.6527786 2.4955118 -1.6945194 1.3708367 2.3925843 6.743947
7.313837 3.0358915 9.882723 2.7074196 4.487134 8.241704 9.132165 8.291149 -4.0508385 1.6199318 -2.6530743 2.4960346 -1.6934674 1.3708117 2.392661 6.7429614
7.3143034 3.0382073 9.872756 2.7079184 4.4882994 8.2423525 9.128651 8.295532 -4.0507193 1.6199814 -2.6535454 2.4965675 -1.6923605 1.3707945 2.3927565 6.741922
7.3146553 3.0409877 9.86272 2.7085445 4.48948 8.24291 9.124426 8.300588 -4.050641 1.6200292 -2.6546478 2.497018 -1.6913037 1.3707488 2.3929107 6.7406034
7.3150053 3.0441222 9.852744 2.7092962 4.4904027 8.243239 9.119592 8.30605 -4.050586 1.6200762 -2.656507 2.4974184 -1.6902905 1.3706884 2.3931298 6.7390585
7.315385 3.0473864 9.842761 2.710115 4.4911838 8.24346 9.114524 8.311676 -4.0505037 1.6201329 -2.658742 2.4977977 -1.6892567 1.3706317 2.3933864 6.7373962
7.3156805 3.0505497 9.832555 2.7108686 4.4920497 8.243796 9.109673 8.317148 -4.050461 1.6201758 -2.6606321 2.4982104 -1.6882377 1.3705685 2.393604 6.735835
7.316094 3.0544136 9.8227215 2.7119284 4.492374 8.243657 9.1035795 8.323524 -4.0504084 1.6202494 -2.66425 2.498516 -1.6872011 1.3704996 2.3939886 6.73375
7.3164635 3.058704 9.8130045 2.7131255 4.492492 8.243286 9.096688 8.330412 -4.05039 1.6203115 -2.668683 2.4987319 -1.6862714 1.3703986 2.3944426 6.731373
7.3167586 3.062598 9.802942 2.7141657 4.4929185 8.243223 9.090521 8.33684 -4.050349 1.6203679 -2.6721697 2.4990134 -1.685292 1.3703094 2.3948119 6.729251
7.317077 3.0669107 9.793089 2.715369 4.492903 8.24288 9.083607 8.343712 -4.0504 1.6204255 -2.6766858 2.4992661 -1.6843381 1.370204 2.3952675 6.72686
7.3174615 3.0716696 9.783493 2.7167845 4.492672 8.242234 9.075758 8.35125 -4.0503416 1.620503 -2.6823077 2.4993665 -1.6834227 1.3700864 2.3958426 6.72402
7.318166 3.0784013 9.775373 2.7190635 4.490479 8.240036 9.063974 8.361053 -4.0503697 1.6206084 -2.6931434 2.4991188 -1.6827166 1.3698986 2.3968947 6.719618
7.3183084 3.0831246 9.765457 2.720398 4.4904227 8.23968 9.056236 8.36854 -4.0504904 1.6206535 -2.6983123 2.4992697 -1.6818423 1.3697454 2.3974156 6.7168474
7.3187065 3.0894983 9.756784 2.7224903 4.488927 8.238087 9.045055 8.378103 -4.0505486 1.6207347 -2.707858 2.4990277 -1.6811491 1.3695295 2.398361 6.7125964
7.3197575 3.1016047 9.752562 2.7271624 4.481879 8.232231 9.021574 8.39448 -4.0507975 1.620853 -2.732748 2.4974995 -1.6813244 1.3690124 2.400745 6.7031918
7.319292 3.105383 9.74125 2.7279556 4.483816 8.233289 9.015837 8.401269 -4.050935 1.620856 -2.7342868 2.4977527 -1.6804105 1.3688366 2.400948 6.7011566
7.319808 3.1257586 9.742576 2.736306 4.4704413 8.22312 8.972941 8.428509 -4.051679 1.6208774 -2.7800946 2.4937863 -1.6823901 1.3675654 2.4053826 6.6829133
7.3192635 3.1367767 9.736709 2.7404845 4.465837 8.219816 8.949861 8.444534 -4.0521393 1.6208256 -2.8011827 2.491909 -1.6829988 1.3667707 2.4074943 6.672958
7.3174286 3.1584604 9.738632 2.7497652 4.451526 8.211378 8.899025 8.474522 -4.053539 1.6205223 -2.8513203 2.4864979 -1.6863264 1.3647414 2.4124997 6.649656
7.3152084 3.1727326 9.735081 2.7557092 4.44386 8.20775 8.864508 8.495305 -4.054603 1.6201993 -2.882052 2.4828956 -1.6884849 1.3631912 2.4156437 6.6335
7.310811 3.1922576 9.734983 2.764349 4.4319267 8.203316 8.8134365 8.5238 -4.0564427 1.6195672 -2.9273481 2.4768374 -1.6926398 1.3606315 2.4203432 6.6084948
7.305998 3.208508 9.732617 2.7715876 4.4223228 8.201157 8.768892 8.548071 -4.05839 1.618874 -2.9646382 2.471537 -1.6964087 1.3581963 2.4242735 6.586178
7.297556 3.2300503 9.734041 2.7818947 4.407504 8.199304 8.703637 8.580406 -4.061433 1.6176128 -3.0183887 2.4628925 -1.7031988 1.3542647 2.4300244 6.552062
7.2826233 3.2576249 9.739214 2.795939 4.387084 8.200256 8.610561 8.622828 -4.0663834 1.6153941 -3.0914183 2.4494646 -1.7144809 1.348011 2.438024 6.5011854
7.256583 3.2918959 9.748091 2.8146045 4.3595037 8.207987 8.479197 8.677179 -4.074961 1.6115379 -3.1878185 2.4292192 -1.732647 1.3381022 2.4488697 6.4260025
7.24033 3.3100574 9.746135 2.8243785 4.346986 8.215545 8.406222 8.707461 -4.080218 1.6091621 -3.2365217 2.418045 -1.7428565 1.3322725 2.4544957 6.3837
7.1939573 3.348956 9.756509 2.8481615 4.3126664 8.239549 8.221663 8.773767 -4.0943527 1.6023021 -3.3566103 2.3868759 -1.7727993 1.316231 2.468701 6.2713523
7.1877346 3.3558323 9.746843 2.8511305 4.3118677 8.244377 8.196972 8.786488 -4.096575 1.601476 -3.3691459 2.3837845 -1.7754228 1.3142126 2.4702506 6.257572
7.1284704 3.393621 9.754506 2.8758256 4.276713 8.280851 7.991309 8.8538475 -4.115297 1.5927467 -3.4919653 2.3478224 -1.8117266 1.2947556 2.485231 6.128138
6.7329392 3.5373282 9.810039 3.0017507 4.098332 8.558314 6.8005724 9.153923 -4.211902 1.5319065 -4.097338 2.1151311 -2.0633254 1.1690987 2.5647082 5.334363
8.603255 3.3833017 7.418972 2.761474 4.497496 8.368123 6.171947 9.071882 -2.4325771 1.4804345 -0.76137877 3.6534767 -0.41704082 1.4123795 2.194718 5.674958
7.263391 2.3446374 5.162561 2.8364875 5.2623143 8.990079 7.6342583 6.706726 -0.115490824 1.4561975 1.8098731 4.777171 -0.94258904 1.5257832 2.067973 7.3841953
6.9072094 2.4030738 4.410499 2.7238662 5.554587 9.325579 8.311673 5.7922964 0.12677613 1.4333832 2.9763727 5.0471354 -0.8024869 1.5260158 1.9674541 7.683138
6.321626 2.430927 3.1630871 2.6578472 5.323595 9.733581 9.005922 5.157568 0.1512572 1.3915273 3.1049466 5.2499137 -0.59777975 1.521138 1.8886925 7.54438
5.0577955 2.1330853 1.4063667 2.6761374 4.5960083 10.717488 9.384672 4.5297384 -0.32217535 1.3070753 2.106829 5.3904886 -0.45105168 1.4305661 1.874494 6.6308594
5.414276 2.249409 1.7582206 2.664104 4.7571564 10.40259 9.415919 4.715823 -0.14783733 1.3317068 2.3938084 5.382652 -0.4569899 1.4696623 1.8665198 6.9299946
6.2899275 2.4266212 3.0560951 2.6568432 5.2870116 9.7449875 9.056835 5.166273 0.15001573 1.3894502 3.0795918 5.261759 -0.58362746 1.522593 1.8851154 7.522848
6.891531 2.4652631 4.3114715 2.6758173 5.747596 9.387372 8.396591 5.5722504 0.22666614 1.4245028 3.5123143 5.078096 -0.7772032 1.5174336 1.9335392 7.761932
6.8273034 2.9594996 4.8909125 2.6574795 6.3660226 9.351829 7.303185 4.8131504 0.6637439 1.3703865 3.7604022 4.684939 -1.0970471 1.4368986 1.9263021 7.813541
6.1489677 4.879913 5.705817 2.6171708 8.285242 9.497437 3.495512 2.9982405 2.728817 1.1179351 4.3572683 3.0528557 -2.2907352 1.1367677 1.8567889 7.442152
5.975871 6.3229322 5.972433 2.765445 7.7888784 9.920643 3.0974836 5.1858463 3.7621114 1.1021528 5.82703 2.5769303 -2.4161692 1.0748212 1.862522 7.508073
5.6984286 5.5746727 5.102766 2.5881991 8.362814 9.908775 3.64511 3.4384346 2.9539511 1.0806018 5.121875 2.94394 -2.2349002 1.0887778 1.7928357 7.3784895
5.740429 4.392822 2.6856556 2.1748118 6.0664525 10.134541 9.349165 0.91163754 -0.40060148 1.2544991 5.2363396 5.4000473 0.109459996 1.3715633 1.5882642 8.02047
1.9987574 2.2895112 0.0024516582 1.0091788 3.8755207 12.752295 5.948604 2.8065348 2.0660079 0.9508985 6.089218 1.8654563 1.8238351 1.158005 0.85717607 8.652223
2.0862012 2.2741854 0.16708136 0.8783525 3.496799 12.717831 5.2490563 2.837232 1.8849268 0.8612443 5.986636 1.5937959 1.741832 1.0868447 0.78927326 8.435549
2.0882382 2.2743375 0.18135977 0.86515737 3.4602199 12.712889 5.175595 2.8382373 1.8607832 0.85107505 5.9799795 1.5709931 1.7263129 1.0784979 0.78196394 8.420041
2.3672323 2.1225266 0.309594 0.78216696 3.1661325 12.538827 4.9694285 2.6640284 1.9382932 0.8246087 5.9374776 1.4066582 1.8154403 1.0778263 0.74687946 8.27415
0.930892 2.398547 -0.3464769 1.0148437 4.3126082 13.383899 5.8476954 3.841024 2.0388746 0.93413866 6.681328 1.9521717 1.4926476 1.115317 0.8011447 9.653129
0.8920407 2.4949675 -0.38227636 1.0283462 4.161044 13.412384 6.0250826 3.985651 2.1261017 0.9383794 6.974199 2.051824 1.5018761 1.1247631 0.7923045 9.851499
1.3356943 2.6445112 -0.10672176 0.89291286 3.8395996 13.153414 5.266598 3.9717364 1.8826745 0.85534954 6.6429214 1.6865027 1.5279585 1.0623837 0.7379471 9.279264
2.9928517 1.9542174 0.6811117 0.49483943 2.3819451 12.160889 4.1324105 2.2240653 1.8616695 0.6734414 6.248338 1.0696957 1.7517945 1.0038443 0.59288454 8.061027
3.127205 1.8191652 0.72387564 0.47167706 2.261209 12.062653 4.151542 1.9768763 1.9218328 0.6684754 6.2705274 1.0723523 1.7803397 1.0117667 0.585683 8.026227
3.0487506 1.5452437 0.5998324 0.52075696 2.3581939 12.083436 4.616046 1.6519094 2.1641567 0.71280515 6.54665 1.2997808 1.808984 1.0595471 0.608029 8.305034
3.5404205 1.2709227 0.8425809 0.38984728 1.8547978 11.7693205 4.2627616 1.0151243 2.1556332 0.6484709 6.4683805 1.1460966 1.8361913 1.0393149 0.5555544 8.013637
1.8894758 -0.66915464 0.172872 0.43992543 1.8813772 12.458911 5.511559 -1.5345807 2.5981972 0.5909209 8.585038 2.9239898 0.61722857 1.0694402 0.46676803 11.095208
2.2687817 -0.58055925 0.122882664 0.54347086 2.1288047 12.246506 6.0952377 -1.3066463 2.9707854 0.7187835 8.381289 2.788442 1.1164982 1.1735724 0.5519421 10.683544
1.9509645 -0.73273134 0.09364706 0.49771023 2.0339103 12.355118 5.7929926 -1.5354342 2.7938716 0.65487444 8.608881 2.9095433 0.80501413 1.1235588 0.5033033 11.080935
2.0853996 -0.40262032 0.34428728 0.36174488 1.7068543 12.338878 4.969143 -1.2700129 2.35539 0.53402424 8.325895 2.6394653 0.6148883 1.0142654 0.4337077 10.697348
2.100881 -0.14487028 0.5545298 0.23160863 1.3923588 12.360158 4.066334 -1.0796933 1.8958962 0.40938842 8.117065 2.3807971 0.37843758 0.8973613 0.36212993 10.388812
1.9591398 -0.7031574 0.11745864 0.48350477 1.9987736 12.317024 5.71687 -1.5163145 2.747889 0.64160097 8.58223 2.8926854 0.77752036 1.1123075 0.49546885 11.058164
1.5851474 -0.79818726 0.13827306 0.41006947 1.8085265 12.495918 5.1496243 -1.7189708 2.416877 0.5381137 8.722014 2.9692438 0.36990517 1.0194771 0.43341196 11.336247
1.2263007 -0.7506056 0.1948092 0.36768222 1.5411282 12.656565 4.215466 -1.7640343 1.94218 0.44029474 8.462 2.7944236 0.097519875 0.9006567 0.40720665 11.090673
1.2146144 -0.4099741 0.40838927 0.28545403 1.1569562 12.731536 2.9741635 -1.3468308 1.349643 0.32478237 7.885292 2.3065755 -0.012714267 0.75307834 0.38347685 10.186601
0
0
0
0
0
0
0
0
0
0
0
0
0
0
0
0
0
0
0
0
0
0
0
0
0
0
0
0
0
0
0
0
0
0
0
0
0
0
0
2
2
2
2
2
2
2
2
2
2
2
2
2
2
2
2
2
2
2
2
2
2
2
2
2
2
2
2
2
2
2
2
2
2
2
2
2
2
2
2
2
2
2
2
2
2
2
2
2
2
2
2
2
2
2
5
5
5
5
5
5
5
5
5
5
5
5
5
5
5
5
5
5
5
5
5
5
5
5
5
5
5
5
5
5
10
10
10
10
10
