131
1.9377108321709087 1.8734303595924933 4.32936484949005 -1 -3.09 -0.9299999999999999 0.0 0.0 -3.76 -1.67 0.0 0.0 -0.1299999999999999 -3.63 0.0 0.0 -0.7999999999999998 -4.359999999999999 0.0 0.0 2.09 -5.64 0.0 0.0 1.42 -6.38 0.0 0.0
2.039143640499159 1.7934962108470427 4.322932971067604 -1 -3.096685000934924 -0.898647984916385 -0.006709919038484867 0.010577118282118162 -3.7087502511127246 -1.720320950889688 0.02720710842341799 -0.013542599177890734 -0.130007468500545 -3.6305384952970505 -0.0037274490168891766 -0.004261610281851633 -0.8002650928345179 -4.362096698262128 0.003405712068165135 0.0036589781299866684 2.081202621929571 -5.614280972263709 -0.008939088343177585 0.007861565237888604 1.3714321556762386 -6.358433807511254 -0.019422700256778794 0.018424032951268075
2.2786080291552615 1.910488295319949 4.282333917487267 -1 -3.0799007637007705 -0.8185644382940036 0.0034671849405903 0.010167846797705583 -3.569949825238408 -1.7456406979147285 0.024901874058651543 0.013958438788408366 -0.13166761664913817 -3.611787476849415 -0.004004681680375207 0.004664933700587686 -0.8239059764760914 -4.360538302128797 -0.0061093650047360035 0.004987376595109079 2.0446649801208894 -5.508520161124501 -0.013481227133998255 0.02597951129977 1.2351763882092772 -6.237207176869461 -0.02032067765372983 0.03505856970304061
2.458403777852804 2.1082169529111394 4.173419547275376 -1 -3.049257707447257 -0.7753770240710924 0.00635166204414478 -0.00025927263329374693 -3.5321683907976356 -1.6550295502559236 -0.0007773425337060432 0.01890027261764875 -0.15256604693373887 -3.5479203538701003 -0.009463230308437848 0.015555696651353021 -0.8850050754199521 -4.330974951202849 -0.012736089525859003 0.012419029464002907 1.9813174284644264 -5.3277122503941285 -0.01697554321903378 0.03601215801585329 1.1582046520761864 -6.072068586507731 -0.009185659993101575 0.035064462640511204
2.4690375265323654 2.1063776773142844 4.079766014857472 -1 -3.017772593709998 -0.7610342897933444 0.005594211028572699 0.00235448366504141 -3.5856216565145465 -1.592504609404735 -0.009100053094909709 0.006819112885102668 -0.21567705447179453 -3.4434516527977976 -0.017524321543359464 0.02313123361486754 -0.9658418996922955 -4.247072227875071 -0.017906025187762048 0.023265469141754987 1.9030958236807276 -5.1465186214293315 -0.019058444661603405 0.02627940808239423 1.0767022899906653 -5.909705849118484 -0.02025654347107741 0.03427013275745207
2.456654792306257 2.0793053991318824 4.059575039546562 -1 -3.0137224321919973 -0.7045789063039534 0.0027726481160568594 0.01838820223898708 -3.624876546819468 -1.569077466798455 0.000904069820947373 -0.0016677171855864587 -0.3131956648343852 -3.3090941204994744 -0.03441065110438622 0.045877239654914005 -1.0750788197502636 -4.113811410588806 -0.03955505679445408 0.04114635547840758 1.8124988025215991 -5.042611841044078 -0.0024527908907031014 -0.00012700259026515704 0.9347017424410797 -5.749269766532925 -0.01894713521138785 0.006601400396434483
2.5016413892991363 2.1302452795245426 4.090844501465215 -1 -3.0314171467364446 -0.5808782795923153 -0.0009954909326185379 0.0250000960079734 -3.6134865933002 -1.553794010843776 0.009843010149302316 0.004001643946629384 -0.4082511625692984 -3.150254290677016 -0.03144097159781741 0.05016770409320756 -1.1735391303523013 -3.965509443933859 -0.0290616182477256 0.042546786897215375 1.7042611244861572 -4.986444855527853 -0.013082520147832897 -0.001726207518668612 0.78797672873855 -5.612954292320801 -0.01499859710411509 0.00790248490308287
2.517404466292914 2.1499202619697866 4.103943059666951 -1 -3.0381163227380807 -0.44473280036901564 -0.009375848007342166 0.03005361709703807 -3.596503062442703 -1.5082145738431754 -0.01346476815862578 0.01938337310177734 -0.4631275629611986 -2.9713625628520317 -0.014275396028852303 0.03757861755731265 -1.2081382572266213 -3.8163743352784643 -0.003713040678949545 0.039237258196931 1.605360812290427 -4.909194495038893 -0.019987851285026694 0.006569820915693438 0.6846297588453529 -5.5097450098991345 -0.00692375689361352 0.01525886518555939
2.499945000200453 2.1399846071189184 4.098611857632271 -1 -3.0172012102703087 -0.34981049406031495 0.007038211169969515 0.005741810932723068 -3.584111349357797 -1.4415794664329358 0.014251180091840208 0.013476297384870325 -0.44453524560545965 -2.817975764241562 0.016587679606497034 0.013584546588667125 -1.1949181491344354 -3.672097451487188 0.01636039012762158 0.022855702160789682 1.5334417847913517 -4.828100336851918 -0.002277550366968569 -0.006275421815145968 0.6069949520488729 -5.4209028875286425 -0.0018859007883515778 -0.004299850103295477
2.5219896125221877 2.1593752727505033 4.107404711122704 -1 -3.0077848657263204 -0.2853140923128785 -0.014650572054028923 0.016150900072880104 -3.5477772102980722 -1.3859271368575186 -0.009530448004466471 0.02174143840977782 -0.3817641807589478 -2.7163545263244187 0.0026092346475865974 0.015798061936791216 -1.1789272019241466 -3.5436687074635254 0.002092761366461811 0.03344069765248194 1.4891028433055062 -4.793791648058601 -0.02017297680433697 0.022466336868045094 0.5246274500655357 -5.344083777673606 -0.029025530655033695 0.04133732301965862
2.5795680395193097 2.193640064474165 4.06784435082553 -1 -3.040073993926236 -0.2277193904369449 -0.0007011518066869181 0.007603443009601971 -3.477852734164847 -1.3471696544581588 0.028837906282241064 0.0010976989690567314 -0.3069533273672995 -2.6543167322932923 0.029974267952854187 -0.012066608328421583 -1.1431958973023644 -3.4622606952502295 0.034470066826172305 -0.002829505899682123 1.475100472377341 -4.805106776388419 -0.01324864609874812 0.014342176292745385 0.4617869574882487 -5.288685111995609 -0.015295963060819876 0.033424064537848436
2.642646826914176 2.2447606695094864 4.024077083632577 -1 -3.084870475612454 -0.17485338941154205 -0.018674111437663822 0.0135626820701139 -3.4071951459963654 -1.314538378986341 -0.005238044480683929 0.012173356860664009 -0.23182023120983963 -2.5955494955934544 0.030433631119112986 -0.007727154001595352 -1.0627254370417676 -3.3903296177951225 0.03765053321295932 0.0015974586549557645 1.4878311292352295 -4.829775814563131 -0.008078338677838325 0.011873704907145673 0.4528647374026127 -5.2602388863947205 -0.0024217802347369644 0.02871855912458647
2.71300767457679 2.3260550152520634 3.9787948599156135 -1 -3.1035941486491794 -0.1359715399781244 -0.009456375102971936 0.011252295433803797 -3.3622487316207526 -1.2695347303939994 -0.005634637178187555 0.01013201737132241 -0.1318356319034919 -2.5299696945175825 0.005949090196275899 0.004897959754506142 -0.9670413936567961 -3.295586346817195 0.02768063218983284 0.03650454074326769 1.520529237311016 -4.879395328366706 0.003243941357266099 -0.026887599996317957 0.4791123486762423 -5.2571140220028685 0.014515752441095495 -0.010909420910867013
2.8004808053130508 2.4069571391566376 3.9345360455780325 -1 -3.1093418374036608 -0.10635783660242215 -0.0051769866524478386 0.002195506117871996 -3.3332103061278207 -1.2244749190651916 0.00313998440579364 0.011704294303828345 -0.009101810287082124 -2.4785230822893096 0.041033670216189165 -0.003105085879639878 -0.8649088744615674 -3.184797085060146 0.030997238287302605 0.0038462573268141544 1.5495225318843442 -4.949891207345994 -0.0009700470983099686 0.01001895937544025 0.4935807218033652 -5.248898099814413 -0.006383284047846174 0.03166331638262784
2.8654924561673853 2.461332786416533 3.900190952565893 -1 -3.1235305391915027 -0.0831358607518431 -0.005717254567888637 0.005885472785703361 -3.2952909576026723 -1.1892780689918814 0.005613254317065285 0.004866709757027646 0.10839649638859061 -2.4252615635430304 0.004788364020985918 0.007199041006932963 -0.7601030931319275 -3.0819325311383245 0.028487124465134298 0.0324614706021078 1.5639885093637007 -5.018275490372486 0.00763791318630702 -0.024477407378777932 0.4980033268348425 -5.23753228490614 -0.0004902594140023296 -0.015783958985946034
2.9143622280631902 2.513748404130128 3.8749327113453127 -1 -3.1441275180157904 -0.07227519845980068 -0.010858285093200203 0.006078052380008695 -3.255649118253594 -1.1698905019618728 -0.00425074666662463 -1.6253673823164727e-05 0.20715369689697738 -2.357321543593999 0.013026333602547461 0.023051034059182296 -0.6547633709351186 -3.0059661916306757 0.012966349969956346 0.020724801614310475 1.5555219296871208 -5.0618508582894055 0.0006957741400419335 -0.025510454739372593 0.48802918411873897 -5.227654143777424 -0.0017710776541478776 -0.022154530206954324
2.951006182898708 2.5512824264759915 3.8358266360604194 -1 -3.1527152686328903 -0.07577556985976841 -0.008071092815602688 0.0070044910822903705 -3.2325685641369373 -1.1643468696413835 -0.010993380330288108 -0.005223214066383573 0.288680949657695 -2.2923206334054633 0.024228339112727256 -0.0016104994462862393 -0.56033234846165 -2.947696229998221 0.028020505372770947 -0.0028448624999530573 1.5348524024064139 -5.07503468802389 -0.010130357777332132 0.025066897330357395 0.4644980567531851 -5.204064828010763 -0.005948520577342732 0.03915214317137271
2.9633931241449534 2.555251479519267 3.767069658370881 -1 -3.143051303559732 -0.09060006999909331 0.01051981079653914 -0.0037749415070496184 -3.230463456423513 -1.1676071583506276 0.008974210882486112 -0.0018783162799232715 0.3525069933230194 -2.237343342045814 0.011704311732880692 0.019508386338565217 -0.5007357651012461 -2.8843289568546764 -0.0012173944378335987 0.016560739674706077 1.5149339976845972 -5.072597715701512 -0.005837581351849877 0.02416132456438377 0.43953579103787277 -5.15133449479935 -0.006255036058595196 0.04067944090713365
2.983703648424676 2.5716683510176863 3.716754477071427 -1 -3.134678799762472 -0.10165349147698344 -0.001995131319828455 0.00872642155373988 -3.2405129658308054 -1.1757907009184174 -0.0074487545907515485 -0.008091065972741595 0.39611451802596687 -2.1955619067487295 -0.0067786048151855845 0.02228611107515765 -0.4738200111375592 -2.8278230682109764 -0.009220671911140142 0.02822054907140832 1.4949989253439826 -5.053394382406243 -0.0022286456934555686 -0.006080787137633211 0.41255612883567494 -5.077175099258401 -0.006008295499075994 -0.0009252506174664919
3.020389614738182 2.606196345138188 3.6877309627716315 -1 -3.136975438101973 -0.10347414981681646 0.0049407870960432015 -0.005300536890073149 -3.242375482996408 -1.1809066188690511 0.010281130961794942 0.002698163262666621 0.40460209270028 -2.1432979495603437 -0.01250635936945764 0.0014139205947872636 -0.467891063795971 -2.7893057621479946 0.010609468941148505 0.01093676325673435 1.4757113171480665 -5.007873942066869 -0.0076814204457228445 0.02854284672257587 0.38768271471309834 -5.006832008844919 -0.0017639809900694171 0.03598299505441196
3.0528221126320636 2.6425586358193875 3.6786785019037436 -1 -3.1491588575573033 -0.09133798212046751 0.004717480949030312 0.0025527033146412388 -3.2432980907831164 -1.1830961465959007 0.008429810286366413 -0.00020682656023440077 0.381129045024565 -2.083168216018163 0.0036525361081753 -0.00576930879014876 -0.47073737317757747 -2.766327187723326 0.014508229796174742 -0.012265381948375044 1.4633684423631594 -4.954363284735377 -0.006678578159728171 0.00427210488867057 0.3685451604504406 -4.944341939586152 0.00142290979772316 0.004183022186262968
3.0612874143143713 2.6463335641389056 3.6754409015052607 -1 -3.158278671447691 -0.07007295029626626 0.004069164890505752 0.0044402127741729035 -3.2522571343516917 -1.1781059890745025 0.00402685245564431 0.0016938922782791517 0.3476886789712248 -2.03323742383174 -0.015986775326318543 0.0008252166117814069 -0.49032447640981136 -2.735069365551424 0.0011083085459244655 0.014060078717748597 1.45698656515847 -4.894517045443109 0.013533520696387684 0.010614239780936981 0.35943688142797914 -4.872086523714026 -0.012465363993033506 0.014962118221102386
3.080682775472475 2.662974065853797 3.6511607375157356 -1 -3.161448412289664 -0.043127357544404 0.007763676055333787 0.0015502951713883177 -3.264325500427786 -1.1640964999364063 0.010165938005410838 0.005552758161419869 0.3199878095888016 -1.995498456046336 -0.017375537411929112 -0.00016375406737322018 -0.5223216613175383 -2.6968469543239326 0.0003903141637387267 0.016662879325173637 1.4453584627996179 -4.853039335506793 -0.003490115042657036 0.02094246881299184 0.3477443836281324 -4.802306666303583 -0.0009499417035622893 0.02949596076805257
3.105989382227403 2.693908814475257 3.634994850416024 -1 -3.1732858976067058 -0.008707280977950704 0.002857325961084271 0.006567524356145737 -3.269925979991692 -1.1426854227145276 0.008846361695830512 0.004435456374464959 0.2926403722738975 -1.9517488223851682 -0.018317385234088417 0.025695188119217897 -0.5504855077543707 -2.658971569282472 -0.019853983913866644 0.025308664785679554 1.4263134410372231 -4.815306986508448 -0.006490724082814632 -0.0199519801266641 0.3332987364807911 -4.748354381878188 -0.005805319664536318 -0.024970522524093527
3.117624431643894 2.7017555279666783 3.6239321754131346 1 -3.1935323507964943 0.026075253024247402 -0.0222358206640296 0.006510711879610605 -3.256566955276421 -1.1154744183586045 -0.019176302644609813 0.007527485631195133 0.2739176004113375 -1.908149142693719 0.009037768110871591 0.013348358257313517 -0.561298869710094 -2.6300404822184418 -0.005376266993014271 -0.0035713968834961054 1.4112383429693685 -4.770426588910819 0.0025816574908505137 0.0005378321289591821 0.3152337767873359 -4.702028173355041 -0.007221254221187379 -0.002309615200429483
3.109687218898115 2.698412242835072 3.6192095610139496 1 -3.2164963955540755 0.05621784681453734 -0.01735526011117381 0.005039843542961552 -3.2376315148201913 -1.0848979120157853 -0.014675238123965399 0.006894470876362404 0.26902434621217886 -1.869651896684112 -0.011992277260832808 -0.008236836395270444 -0.5672044736017967 -2.591309407600929 0.013050708792559436 0.01663645996842473 1.397067740859165 -4.7356370651478965 -0.0053937580208554894 -0.005524635923760249 0.30493687336568787 -4.667024422761765 -0.0030838363037347096 -0.007391071944923569
3.1180230188698332 2.705578360783693 3.624259762822955 -1 -3.230296031888833 0.08308293744408024 -0.006657891216096079 0.009438886454607703 -3.2265574783976385 -1.054679980381254 -0.005447995719183821 0.002731796611340836 0.2823397563790824 -1.833327477622881 0.010812675264981777 -0.015094189503462283 -0.5690985901230143 -2.540103321572675 0.021669287298242045 -0.003401476700275286 1.3751396876857616 -4.7145351142949075 -0.004610398262323456 0.02694809921981836 0.28505340306030913 -4.630253870911198 -0.0009534573962064891 0.03745963230205715
3.115727560550354 2.7001545707714985 3.6288060825873103 1 -3.2371603635544712 0.10299590050389984 0.007556183287462912 0.0011489986367089339 -3.2197683121007703 -1.0265331961711355 0.014247748164718518 0.007005755775493245 0.2999199437906359 -1.7971550363584237 0.00033424353132466104 0.018367869847969287 -0.561867164879418 -2.479718481257955 -0.007967982522605107 0.019316217559324726 1.3505490543319434 -4.700988070044632 -0.004231604582302362 -0.011332097899680321 0.2586963772662063 -4.601509098191997 -0.008492780187459349 -0.012738091152188328
3.106500348333533 2.6919404314898685 3.6355949873154185 1 -3.2519368028636024 0.11846969752537362 0.0010601455324580743 -0.008605871629084614 -3.206759670355229 -1.0034807077194612 0.00943276663290439 0.012446354439448123 0.320369568356357 -1.7546454075229252 0.009804183957090585 0.01981300323319542 -0.5487797100499971 -2.426118192230279 -0.006890954895903292 0.009266551568774296 1.3216276639077318 -4.684344567352401 -0.010704158703243576 -0.0201252478505948 0.23604068875011563 -4.575598169872738 -0.007118046109105186 -0.026287563874994816
3.1070287369366127 2.69130922304321 3.6426010244916998 -1 -3.2725353024308816 0.13235521931933603 0.0036588630123318387 0.0005422252623940396 -3.188066953146633 -0.9840324282430973 0.012861066984207019 0.006447775076392372 0.33826179563534886 -1.7098749264200297 -0.003280584115887654 0.019330996605680786 -0.5315993401355548 -2.3774197519833313 -0.006597312772190322 0.021044441937894936 1.2913714782947174 -4.66252899464196 0.0044971029680326916 0.002874474078112657 0.20502306328485886 -4.548307388198653 -0.014491428591766744 0.00420818290141366
3.097859067561585 2.6805274900216274 3.649688035075484 -1 -3.2868834755294873 0.14629478868769152 0.005270777542227738 0.0035298105216995494 -3.1798114685317938 -0.9660416922475538 0.00971632593788535 0.004490973504708319 0.3569148499106882 -1.672467337462399 0.007980263748732619 -0.0034425594437152637 -0.5156129369631901 -2.3294549234746835 0.012101012357962784 0.0008151461471149757 1.2595629030220117 -4.639792374264553 -0.022565191476407818 0.010660906105130121 0.17583848149610848 -4.518429636129351 0.007745560777984908 0.012476796977325632
3.0811432195334914 2.6645696443103897 3.6505769366894736 -1 -3.291964165039122 0.16079615287036853 -0.014378284521913334 -0.002819803023551849 -3.18294301279557 -0.9510889996842892 -0.01994134840855107 0.003457008804599913 0.37169318001240903 -1.6353653933753378 -0.0007847840208334185 0.0150591357774321 -0.512377083786903 -2.277448921069616 -0.006979264312039022 0.016837538805575352 1.2378374158287517 -4.617888207302284 -0.004986133559567299 -0.0056948520698509916 0.15260713225450484 -4.482759844957716 -0.00557982972178743 -0.006236493128449989
3.0740248168375137 2.656215051880774 3.644390414384518 -1 -3.296727391331891 0.17089962579454632 -0.011070605735925849 0.000813929044514924 -3.1826223336305133 -0.9393075008202031 -0.011761103966010392 0.0003385241270106921 0.3787258375789815 -1.6013693785013001 0.0065333292665772785 0.000706057980530795 -0.5093393622778222 -2.2364664909260927 0.006028940176407504 -0.0025048390506858392 1.2157009974001385 -4.586587167936475 0.002314216501955225 -0.000605610884377529 0.13329598923682084 -4.441522411487363 -0.012000574509905533 0.0011722549850122638
3.077527637633317 2.6697262188450637 3.6384570375049523 -1 -3.3074596925945507 0.17783304889639995 0.0049933129603446915 0.0016931634157356188 -3.175279820778415 -0.9304242480005421 0.01146328311985508 0.003410316559100045 0.3720427281366643 -1.5608678951570767 -0.013535314094266015 -0.002724634391843502 -0.5099884605833225 -2.2043526306221057 0.010663010900552295 0.01050456749398224 1.1890168776332004 -4.555094074556308 -0.023301669243720208 0.011346353308164187 0.11207298714824354 -4.406560449238516 0.011171870386461998 0.008475812014881318
3.0806747884883285 2.6684923327914865 3.6314452584557606 -1 -3.3224453245076804 0.19020732500234838 -0.012220533180793696 0.003376039842855061 -3.1735944023810587 -0.9229625424388225 -0.012880985587636345 -0.001090859805024597 0.36686906020532817 -1.525844501626451 0.003129775029177417 -0.006150206509986772 -0.5121674053768346 -2.1823364739159885 0.010446493183696873 -0.004871505214290788 1.1743038559161096 -4.524809449565064 -0.0183048676626957 0.004270234635045373 0.09934833433636836 -4.3672874311119365 0.00792731991244311 0.0033493814149623113
3.0832277939149115 2.663659378055609 3.62578492075046 -1 -3.3315461036679417 0.20569513442134846 0.01709238563431488 -0.003859411037006483 -3.177066507505435 -0.9116848846720152 0.021388405187468987 0.012396206605385686 0.3619560527301724 -1.5005349259926761 0.009109342020974506 -0.00809144971804129 -0.5159591656442948 -2.1526332539733612 0.010595889835330328 -0.009491134505313309 1.1760330140968103 -4.4993396895457165 -0.002691701034906859 -0.014677904447413376 0.08862992540290549 -4.324609187313872 -0.0056340738510674716 -0.017242738800280343
3.0965627331093075 2.6804840540826036 3.6127695692223556 -1 -3.3389750083371688 0.2197750162595491 0.008690100085961605 -0.011491621279047745 -3.180718956080103 -0.8981018597521214 0.009513218493128592 0.01481984777185163 0.3628691755499389 -1.473978434295815 0.006101555071867623 -0.006030825630803212 -0.5218617199500533 -2.1227033584821338 0.010238609549652496 -0.00655920928813436 1.1672982165241832 -4.469410607121208 -0.0061981191753096 0.018409330320781618 0.08666900250647114 -4.28468394413741 0.005561071893564556 0.02257732350911505
3.1155315245082424 2.70292038766726 3.5961100623344326 -1 -3.347214105948091 0.2307496855706388 0.008917433620171814 -0.0024011832826513857 -3.1752445171054724 -0.8840346408628208 0.014592171660359267 0.008758389326019788 0.3596020438861123 -1.4415871001176979 0.010152395325169119 -0.001184289622402794 -0.5237107066140774 -2.0973115096224064 0.007103045835567109 -0.01058674665580792 1.1509379806714533 -4.4513943094126205 -0.011518572439193889 -0.011668397589196758 0.07523149716787358 -4.257606865945915 -0.001710338738492352 -0.015236366634365464
3.1255503168210357 2.7087934787146244 3.5896446610019286 1 -3.3618983599063954 0.24016318883711096 -0.008798218832041935 0.004504338257512985 -3.1716133156116033 -0.8725877844529756 -0.006430981840010303 -0.001648260684437585 0.35677672909603064 -1.4103010920803614 0.007385229519308076 0.012276532871162402 -0.5232522340010641 -2.0769790237810364 -0.006209910108576784 0.0010708312734425077 1.1447470480422384 -4.430383078791501 -0.011215461261585558 -0.008553370916673426 0.0718362688455656 -4.226221485574629 0.0016978281698670768 -0.012415917769180405
3.1336397424849234 2.7138354765714774 3.5845513235517994 1 -3.3701988592954715 0.24777363704753164 -0.009111016974708628 0.00418235644542605 -3.1672748467397627 -0.8622628715530338 -0.008976309822918428 -0.0025448450450918274 0.35956492126104767 -1.3867729622736231 0.010850440821240143 -0.006660956023486375 -0.5169030822759937 -2.0485051426726137 0.011744717138633079 -0.008212384696502668 1.1432663196848365 -4.41175349753261 -0.008981141860640498 -0.017422206920387668 0.06924538674628433 -4.1952976859058175 -0.003867858626133565 -0.023970253516865908
3.1354666716938495 2.7296212760651546 3.4270702646076185 1 -3.3670609314122797 0.3717310191247476 0.010788126660893163 0.02875208987860232 -3.1987971827643165 -0.6880868310516269 0.012529697238122244 0.062322833011411304 0.45197729966793787 -1.4629404086167628 0.032182831619697524 -0.03141059327264155 -0.2469700291464587 -2.089984094081359 0.07191702946090098 -0.0006832187523392041 1.163740548075487 -4.42870104758671 0.009060277142568688 0.005754268527492646 0.05826649433268649 -4.215517601926297 0.015127520737941828 0.008713436246567697
3.0912309597745833 2.8029387676471673 3.171082794101701 -1 -3.4507214554983743 0.46923034176884615 -0.029849001562043224 0.0019409746961495816 -3.1717476480331728 -0.37850006146076276 -0.006733156494909496 0.05916482119302749 0.753473218113708 -1.596189586887856 0.06969333933074091 -0.023040859155840417 0.033061403420351354 -2.0898376575615654 0.04918459270902675 -0.0037242426198659216 1.2078429232694088 -4.568114703174997 0.010975180989242486 -0.021282465623686034 0.11801433852246479 -4.32049331152081 0.019399118730230838 0.01768871620600654
3.016497975871188 2.818554299879073 2.9963809841833986 1 -3.5189334173253357 0.5093894220336177 0.01997501962186556 -0.019380484328059413 -3.162927049483935 -0.17486140428026375 -0.006671504854587942 0.04311106158439856 1.0158154428514488 -1.6946260538415783 0.01538641793498028 -0.026783948711459966 0.3037398971397858 -2.1223669818184434 0.07087808708152127 0.0015806981978001566 1.2050778073166653 -4.8190056265209895 0.0021180962254029757 -0.0315472081966478 0.18872053137530376 -4.357510917476079 0.026857991036829357 0.011921794640377277
2.875597889374003 2.9573496527988072 2.9022978896172416 1 -3.4251754804212857 0.5267250901460003 0.04175554701258735 -0.03358135917622745 -3.168852010500662 -0.1640417546046642 -0.0021804565435680763 0.012887791408849204 1.1875640833131635 -1.7458178302314167 -0.006904041115964921 -0.028319738664921247 0.5163356948135824 -2.176625011098224 0.057431452669261855 0.002803496563864501 1.195941289044577 -5.02368928644321 -0.0009630147291841496 -0.040127804833011024 0.27246023859321866 -4.436349310708611 0.009845742293819367 -0.03301589604802388
2.750499343846358 3.1360561667730438 2.8537269640950567 1 -3.316839065129738 0.4492596976847636 0.029373143703684643 -0.05471224594480456 -3.1177631249061246 -0.25660281686903474 0.007438335677068623 0.001426742631751729 1.2805605467405883 -1.805652612247139 -0.022611302216950836 -0.03025947447996238 0.6224201598507237 -2.2262025479066283 0.03777608234493794 0.0018687203620250479 1.2545221148969086 -5.133599485689172 0.009512935569018843 -0.030840474298101668 0.35290712505648436 -4.5612105422892455 0.0025433133293503744 -0.039155068054211664
2.7054554039977297 3.100374660726933 2.8341961633259554 1 -3.2688146336818282 0.30438651776822945 0.020821679006430054 -0.058062297015342296 -3.049900471100514 -0.39792910196964815 0.00696088722203117 -0.004864799283413521 1.3168150715650313 -1.8681402919697114 -0.03023770147557899 -0.028655406344688463 0.6475796537962495 -2.289137014826441 0.027638457595717772 -0.0004796483530482478 1.3244110588134914 -5.191420932439837 0.006912836647202615 -0.021244784308471213 0.4204849540888951 -4.626994158145374 -0.0017019974289773539 -0.015681189685994676
2.6694407668542732 3.0768716966134204 2.835818844829405 1 -3.2162802012628555 0.17707903394254876 0.02523019899493398 -0.05006372580311069 -3.014935775533867 -0.5518756957514253 -0.0015055243183280417 -0.002221022799421036 1.3334459874978393 -1.9198617019509037 -0.03076341717999206 -0.025813656943148335 0.6420615960504046 -2.3409205452683874 0.0250487952409433 0.004006618272184593 1.3459704401215475 -5.21127831602343 -0.0030914586200661 -0.012793060848725222 0.45278698682800567 -4.604168976837544 -0.010481939449609609 -0.0053743344556260505
2.62616355612042 3.0220721653295195 2.8246772009642136 1 -3.1483166859098404 0.0885852869935706 0.020831116405184934 -0.04329088613739697 -3.0249354564400672 -0.6742214545989634 -0.004339949123365281 0.006695237836971275 1.3489322400101695 -1.9496485080119146 -0.03000522641641969 -0.0200261136991983 0.6424025428818352 -2.3687439840992823 0.028387432749425213 0.00617591073954123 1.3502435806574509 -5.194667018891508 -0.0009038281852688191 -0.007727245399196634 0.4587340168536498 -4.568394766119154 -0.013107731552346171 -0.009528788695793069
2.6388908515072362 3.0358079255645833 2.7832389726442033 1 -3.121846818946376 0.026232043842658648 0.008471824528756541 -0.038967443684587384 -3.029674692692762 -0.7536338319422435 0.000810885349119559 0.014116144932208275 1.3689227386851446 -1.9447548446978582 -0.027739393844382055 -0.015015797417227472 0.669060084741651 -2.389982157383195 0.03318095206846803 0.007991532294284174 1.3775579167023704 -5.1730543198908245 -2.3578037491770658e-05 -0.011147401077336763 0.46948414534472427 -4.561132837912608 -0.009243748578777779 -0.017411486316110662
2.6810168002194112 3.0934314193381676 2.7258422261309456 1 -3.1287312926219237 -0.013881199076134942 0.007031855612508213 -0.034299330422869534 -3.0276525423955385 -0.807243700422478 -0.0007573482873755005 0.018236247891528008 1.4012906980913558 -1.921028147692095 -0.022989768447421812 -0.01260330085573325 0.7149596576112884 -2.396386324933559 0.031530213520326894 0.014867160179095245 1.4071146504011383 -5.165881590973721 0.002229801359648235 -0.022598265658770492 0.49438180367448403 -4.564897813017467 -0.01637404819239858 -0.018138096596877394
2.6781597888032787 3.089246521824496 2.674355719940001 1 -3.116530395349894 -0.029656136590149873 0.009754132195178305 -0.03241822570990179 -3.0457617577898928 -0.8392131039893455 -0.0053183345096999455 0.024688677060971213 1.440839828136105 -1.8994805305152254 -0.02313300184982453 -0.015631162332925684 0.7673854560427333 -2.3871298820032565 0.03239038232924908 0.01451618655213931 1.409132744155631 -5.170707957128208 -0.010499507323937816 -0.011460506617593173 0.514239834580053 -4.546628046346289 -0.006235399585333423 -0.01044810279121305
2.6423150521019974 3.0518293591592176 2.637478807939532 1 -3.1001014005069254 -0.03318316087494122 0.007289332844295439 -0.030209465617128915 -3.05736216292613 -0.8465272235053127 0.0020596877514060946 0.027449332126561025 1.4789590885484651 -1.885269799318153 -0.023206277488047065 -0.018776965272303527 0.8136472391107654 -2.384808819746778 0.030088088196594368 0.013525289426588443 1.4121165393478359 -5.175393301490794 -7.62902922809873e-05 -0.007449640271456984 0.534374924612246 -4.530706783360314 -0.0003325375041980626 -0.0073681320118410285
2.6237591913928813 3.03706033722192 2.604127430353639 1 -3.1017052383000756 -0.03877935225750995 0.005741166535117071 -0.030038886388990507 -3.0481505766672603 -0.8433644427894946 0.0043685425704625865 0.026677484835908954 1.5155196415219319 -1.8858137880513168 -0.02354026584419342 -0.022090375387118954 0.8557474805286036 -2.3926009155611156 0.029098608830563723 0.011595960544000306 1.4518889155844246 -5.185008650054785 0.005755161299970899 -0.012705473336069268 0.5735914647529814 -4.541829979868029 0.00013276539884194555 -0.014914474123865854
2.6175500684620703 3.026461313353553 2.5727745752359836 1 -3.093098155144247 -0.046574945539319956 0.009190999459250983 -0.03094773345414241 -3.0465959561381792 -0.844823612448559 0.00133972592569437 0.02572478504499659 1.5486080316536404 -1.8985135615730626 -0.02444216418440234 -0.02407024821989793 0.8906819289672407 -2.4075200234143965 0.027104012606097114 0.010746457990152988 1.5049149799221322 -5.199720120616075 0.00647104126742799 -0.0197656935644085 0.6258452738621472 -4.559086893475443 -0.007905743855362633 -0.017627299284389712
2.6012748595890827 3.0052929392610728 2.5476221112609596 1 -3.0749323940041595 -0.05824942843883851 0.007989920614744355 -0.03186306031342223 -3.050732584607905 -0.8509504592675607 0.003019752330661051 0.024605981963543782 1.5729675670899281 -1.9172424534843513 -0.026164363222453992 -0.0242378421686547 0.9148914411779403 -2.426152550863575 0.024775201964704334 0.01122455226964881 1.5422102872793406 -5.213881447582637 0.0018995299542775065 -0.011881502644002277 0.6684037921780988 -4.5606025661799485 -0.002481589544292742 -0.010544635395991982
2.578115260956742 2.9831390490453606 2.5205024805974117 1 -3.071296217492452 -0.07650329130992595 0.004852638075087238 -0.03285442213650702 -3.0445259620291303 -0.8631059850577533 0.00460247768167071 0.023219386144252195 1.59041223601335 -1.9300280316717702 -0.027339500736607195 -0.02250967028562125 0.9350631325975405 -2.4402022903275107 0.025874338237027256 0.011670211865558035 1.5730583338090023 -5.2278973023273885 0.0024809938083958545 -0.010429614375532009 0.7095635049253781 -4.564076766935079 0.003113353306323497 -0.009721884692749835
2.561253332602679 2.966296276043606 2.4900626301361557 1 -3.071347353041113 -0.09625149600047167 0.006163817727473224 -0.03245263021648563 -3.0411757412068967 -0.8821008349443696 0.0025542940353513277 0.02257858041037983 1.603773619299913 -1.9329880474896997 -0.02763995664300462 -0.02167948046550757 0.959736928992375 -2.453021527018586 0.025946883542643396 0.012717777242457083 1.6142002668042403 -5.245291091462912 0.004474682224820789 -0.01203603083817768 0.7584523732200319 -4.576873284910553 -0.0004416082585271472 -0.015626090770921006
2.54890150232359 2.948889955529156 2.462854143881769 1 -3.0631200953995155 -0.11199904158774543 0.006756549659239709 -0.03152332078158524 -3.0472045203038896 -0.9001052714239581 0.001972018807665131 0.02358754587091374 1.615463128489064 -1.9330507583481045 -0.02789419857559321 -0.02189281306417129 0.979088396506997 -2.460210999067365 0.024274713383274596 0.014132010423943731 1.6618687820156328 -5.256856543168903 0.005297754279094425 -0.00878571486870795 0.804282497760294 -4.595100573157083 -0.0011857685516050154 -0.013643161630256173
2.541494302315719 2.940023195419928 2.4443308857475095 1 -3.0586804555373943 -0.12378024866608617 0.004818436930963231 -0.03085941508888105 -3.0497854800195823 -0.9126358981642637 0.0035834354740933816 0.02456092639585383 1.622934460583509 -1.9314313340150724 -0.028736605001590244 -0.021741442147477297 0.9911386232800812 -2.4646158158660345 0.022983430643692723 0.014450956691388923 1.703111530379652 -5.255544790583952 0.0027933648458732755 -0.007034099329895807 0.8399467076314702 -4.601872736205423 -0.0020526271769485335 -0.01056721433646178
2.5438988115042447 2.945231152631398 2.4285075198996 1 -3.0595999642229676 -0.1328550470750498 0.004669123385681226 -0.030325809258835174 -3.049177090825361 -0.922442797781615 0.003336906629699432 0.02479743059861542 1.6258271774153057 -1.927728999403051 -0.029174451208514442 -0.021842908571614996 0.9981292285735792 -2.467941817899468 0.022069066120085214 0.015024086888638726 1.737842226465486 -5.246701289484282 0.002652470655248278 -0.006943127430835104 0.8704646951080193 -4.599239487071779 -0.0022709947450317083 -0.008249974582488887
2.553635929067346 2.957575835318904 2.407902604210332 1 -3.0560377520575193 -0.13928968168052103 0.005453243094398707 -0.029936514716066644 -3.0539691629004873 -0.9312504546916508 0.002498220935470003 0.025019165297420105 1.6265006023660824 -1.9226966634525846 -0.029112839447490397 -0.02163250517991582 1.0031402487898982 -2.469109087026503 0.021890058753587443 0.015625999664866122 1.7752875855965238 -5.234907605751166 0.0036794836136661672 -0.006686962139501686 0.8993723573820267 -4.599434761557962 -0.0021248625241221536 -0.009138020873011035
2.5665311074780823 2.9723643524151053 2.385642918541298 1 -3.0520751282405687 -0.1444615442601288 0.004350465038930737 -0.029932599308679413 -3.059037255397234 -0.9386999754960281 0.0035347343208124837 0.025218784193379862 1.6265774465658556 -1.9144442209059869 -0.028670809862624304 -0.02113627089583447 1.0103922634418279 -2.4695282963372827 0.022116311133208482 0.016059469034865853 1.8151899692724616 -5.221919648691069 0.004508923196620348 -0.00506347561415103 0.9270031171922 -4.601028222324604 -0.003678826729682741 -0.011070636020095836
2.5782115282565843 2.986764344390394 2.3674578614088633 1 -3.0531976157198617 -0.15032074521690109 0.003652784156808823 -0.030104699107965316 -3.0594073972357845 -0.9459920011378244 0.004150022049442443 0.025129983652072745 1.6284284602846935 -1.903876768530013 -0.027849240963659237 -0.021402226611359675 1.0182478877935655 -2.467009295737757 0.02173032482613496 0.017096156083784605 1.8524951404785819 -5.207100491352612 0.0040404107599800836 -0.005534270057340845 0.953247782538523 -4.600146992909783 -0.0041678515173797955 -0.009339575773555448
2.587309143959033 2.9977816061743994 2.352861596814604 1 -3.0526611110687503 -0.15644399287677868 0.004446160876616364 -0.030031040051276145 -3.061103017447127 -0.953497021121456 0.0035260262105871335 0.025253974426979024 1.6319166913097911 -1.8946680470595108 -0.027527395573478525 -0.02193611971191238 1.0249058966759907 -2.4620291330893207 0.021223747913413915 0.017336097209070075 1.8865098236730349 -5.193721161157171 0.0035056058601472193 -0.006200159985922552 0.9807824661269144 -4.595944509791087 -0.0015549281420075 -0.008666519957665006
2.594692781054428 3.0074700320907075 2.337482340963082 1 -3.049412204873223 -0.16158133295544408 0.004220074525396843 -0.029812229479626605 -3.064331363147171 -0.9594124261196003 0.003925302213201482 0.02567128416702845 1.6345728415440348 -1.8869866188390083 -0.027615873932919918 -0.02237601599494176 1.0312507413001466 -2.4585425141335726 0.02132246940817535 0.016861776137174857 1.9241244780136526 -5.181528202497869 0.004314934137524259 -0.007067803687078718 1.0099363679159685 -4.596148293518507 -0.0014662514850247409 -0.010294312759431965
2.602328035620862 3.016807111950508 2.3201439225742053 1 -3.0491591721463793 -0.16600760976357987 0.0035004191983063295 -0.029702166230843288 -3.064241685201611 -0.9637412835302093 0.004609816253615862 0.025855390684166757 1.6367148728858272 -1.880726954435688 -0.02722541137551807 -0.022843337675027352 1.0390257721624847 -2.4581178236574868 0.021334894658259433 0.01665943743527918 1.9650437080420433 -5.170874255967727 0.004934263992516948 -0.004940056980640907 1.041003640945119 -4.599816755667344 0.0007961275453893732 -0.009435557258876976
2.608923657411117 3.02441815379909 2.3030711440844107 1 -3.0491290081346625 -0.17019634546364804 0.003985734214516808 -0.029627264131033913 -3.063867454592001 -0.9676360548880608 0.0042502638115886355 0.025921253957134478 1.6407673732028467 -1.876457110057971 -0.026595204809455306 -0.02328201484828609 1.0467075144578626 -2.4575832867596263 0.021173311265829164 0.01700479274838812 2.004538157580348 -5.161058307026734 0.003666318923599053 -0.007301004404550317 1.0730284653356073 -4.602050145753139 -0.0014477819724967034 -0.012633145083945412
2.6129961405592366 3.0307600285651968 2.287334672715562 1 -3.046257516951899 -0.1739737715508154 0.004170036470451584 -0.029538098049073678 -3.065470975139166 -0.9707917300324311 0.004234375252147363 0.02609587107681476 1.6461836567396455 -1.8729381621614944 -0.02634086409448524 -0.023493902769602976 1.0549624019644277 -2.4567136600343358 0.021560480750621135 0.016903319727619034 2.0416102942129646 -5.152543262743977 0.004630177426801288 -0.005008736815874906 1.104048739697948 -4.601617682833362 -0.0003738807240699811 -0.008869259064573417
2.615596393896249 3.0344548191773906 2.270663786622898 1 -3.044737598559036 -0.1775576914757726 0.0035601572618284543 -0.02950643002982695 -3.065468741549969 -0.973337850879278 0.004796007245507536 0.026110540530054432 1.65152510755094 -1.8691203664982907 -0.026202424426922687 -0.023698110766876543 1.06478718059837 -2.457114661083991 0.02169056682984275 0.01697583752744588 2.0790494244796793 -5.14434540337934 0.005298036704986887 -0.007380942153208104 1.1368022600393122 -4.603542308253624 -0.002010474359403193 -0.011501553630648845
2.619023980423457 3.0385688640950947 2.2526447784042225 1 -3.0447353103884147 -0.18121227519153238 0.003637926554635581 -0.029477851272593465 -3.0645386540659443 -0.9762010580051659 0.004625411895835355 0.026029862877557944 1.6570364305269445 -1.8659258894972524 -0.025987210732642128 -0.024011049343677697 1.0752206056567548 -2.4580460844109426 0.021569575942106782 0.01706765759645456 2.118543487124292 -5.136551610306369 0.0047851317008182 -0.007475884683089889 1.17017460007298 -4.607438235574094 0.0004958497324386302 -0.011045782878620448
2.6230389905616223 3.0441101189676574 2.235314032865172 1 -3.0428895869683634 -0.18456761911515107 0.003947461268639636 -0.02939667124941325 -3.065499757848743 -0.9790391117951025 0.00437910656238916 0.02610904761058668 1.6624366222253224 -1.8631244213875067 -0.025908855866807995 -0.024231599327841344 1.0850653080702122 -2.4590046194129043 0.02147667156730118 0.017093151496950097 2.157310938127739 -5.128732368184672 0.004702230069065623 -0.007654249654726782 1.2022433907318524 -4.60875453120126 -0.0013250311969365339 -0.01125938229774748
2.6252462853846 3.0492237169861505 2.218659740234601 1 -3.0409601173641323 -0.18762307460039407 0.003581508303125669 -0.02937653653237354 -3.0663513801868807 -0.981436326877102 0.004719965077864907 0.026133867280164307 1.6670305291206917 -1.8598150356822172 -0.025782263865562427 -0.024166517416061878 1.0938815413575815 -2.4599272148061 0.02101459165680474 0.017487057816219904 2.1940167933704986 -5.11882889166024 0.0038248739230278828 -0.004495316149126138 1.2328922402692424 -4.610565713321439 0.0019046892421763564 -0.007711564722810464
2.628501016801195 3.0535336924109107 2.202873906773458 1 -3.0404866534231596 -0.19086321321842115 0.0034025678900558064 -0.029440176233479335 -3.0662555795195425 -0.9842335657606772 0.004765426138253924 0.025980460143483295 1.6703794626075936 -1.857080596836333 -0.025798930560216392 -0.024506397842623116 1.1026589129007505 -2.4619531175838505 0.02062890772197241 0.017526541358027104 2.2284048202683913 -5.109849057119275 0.004043515414779649 -0.008024868840361295 1.263405660079167 -4.607347400344961 -0.00025291060815701635 -0.01068043867798028
2.6325463640236837 3.057689109735706 2.185865688441766 1 -3.0392930593232306 -0.19440547451734136 0.0035807873892209734 -0.029478244950610074 -3.067304153441296 -0.9877515452594426 0.004527290429502808 0.025854516098572932 1.6735647760320456 -1.8540411901116503 -0.025852961794799484 -0.024868345278940884 1.1099555969288595 -2.461934366920086 0.02136205416949069 0.01754365804778439 2.265422837328045 -5.098524039629663 0.0037294812002951518 -0.004676403912036711 1.2951682043577 -4.609797473048553 0.0029858697036166115 -0.007669562000473089
2.637891039791071 3.0648135201209614 2.1703240077130572 1 -3.0376266091801023 -0.19809934343750402 0.0033796761390282996 -0.02952489553056715 -3.0689505730423323 -0.9915788501481448 0.004726255659687083 0.02582111056438234 1.6755745227308116 -1.8493593206839662 -0.025529083005797495 -0.024367405154877418 1.1179747882753208 -2.4635430239842835 0.020152439068924406 0.018159462174828816 2.301213258058648 -5.088164621565372 0.003138860151703067 -0.007888320695153501 1.3258163653723587 -4.609006039587067 -0.00012263934755001038 -0.013459455737279491
2.6418546115106727 3.0694393984883157 2.1556545469044313 1 -3.037003237644221 -0.20213102914097336 0.0031498706662432337 -0.02958469956474945 -3.0696518687152055 -0.995688417886104 0.004910181991565511 0.02573832190268391 1.6779087702731008 -1.845240602854754 -0.025364452389318802 -0.0247037288291368 1.1250395405040114 -2.462815963888475 0.02043815057962039 0.0180958617886936 2.3351975886453538 -5.076093191073656 0.004444373350950305 -0.006558588379930251 1.3552792410931271 -4.607386597301815 -0.000994811034770282 -0.009862564029957098
2.645076913569035 3.074241858714841 2.14125502736706 1 -3.036200371121274 -0.2063175921807998 0.0032379506956834456 -0.029594192666186174 -3.070774777983245 -1.0001302696535488 0.004792258636073266 0.025729456013513622 1.6799566171500304 -1.8403735434509443 -0.025121355249309724 -0.024897568886243365 1.1309447448454852 -2.462670615990861 0.0198496430244737 0.018755462543609745 2.368019061444926 -5.0641934719549875 0.004544356059527924 -0.007008746912772607 1.3834605114137943 -4.605946922569956 -0.0013796611379335091 -0.01239332416750916
2.649321858817547 3.0813879482610322 2.1270924148873513 1 -3.03477091500013 -0.21043353393821673 0.0031542242576765413 -0.02956367284782017 -3.0723636992560603 -1.0044000704601825 0.00490561278506301 0.025767272038191725 1.6817483424125212 -1.8360693832871249 -0.02493491843478779 -0.024871429506022225 1.1381714005239445 -2.4624504487527643 0.019967424532607636 0.018509936144806925 2.4019805539057772 -5.051677369826802 0.004998742271475707 -0.005242148217916 1.4107255706158082 -4.60368248956336 -0.0008309432137178045 -0.010028167447921572
2.6541492434618164 3.0895779645456023 2.112544481574928 1 -3.0338339452136753 -0.21455893178793872 0.002954406252816952 -0.029574103366336032 -3.073374798071516 -1.0085473786450303 0.0051078087052480875 0.025763551377999593 1.683255852071814 -1.8324541604319846 -0.0247081173115276 -0.025284626382859863 1.145790074989809 -2.4639855410369877 0.019503312186345136 0.01857401123605073 2.4347088666696637 -5.038988314877269 0.00435394701315716 -0.007187810341793435 1.4382979849650006 -4.600631535328932 -0.0007421698083653824 -0.010839656739243607
2.658312331478747 3.092893578681849 2.0980705055949134 1 -3.032879935717805 -0.21889811501290035 0.002979599243283685 -0.029599690383761746 -3.074220051570851 -1.012706164543689 0.005100134669307167 0.02575856756582037 1.6862920474886787 -1.828678304555087 -0.02431666231493354 -0.025678553917428373 1.150301353888982 -2.46194301843678 0.02020408324026437 0.019172206416728274 2.467403983430218 -5.025283324196279 0.0038606451630251847 -0.006049866753319087 1.465777142723094 -4.6014141648726135 0.00039858619597628493 -0.009861988845112536
2.6635231893027473 3.0995644446723922 2.085141946522804 1 -3.0315175023195082 -0.2231153456834173 0.002899530008681437 -0.029558305271513208 -3.0755805271314487 -1.0168350155370867 0.005157660595507648 0.025792291947274917 1.6884705573032956 -1.8236917407469588 -0.02413556383307148 -0.025249346607869396 1.1591564519310458 -2.4627165163470823 0.01958291489764131 0.0191851035735192 2.4972055644385254 -5.013774600587293 0.0031043745214249623 -0.008735641275875825 1.492733783459057 -4.595075041237736 -0.0002123322171592515 -0.01187401714423749
2.66638887006463 3.1058102342670484 2.070800944309178 1 -3.0305827653187607 -0.22725423507177867 0.0027179403826768245 -0.029561243031369963 -3.0764740893013798 -1.020817286236648 0.005332452448903895 0.02580760608714363 1.6917359427399283 -1.819124319978117 -0.023728075813652202 -0.02548547073136638 1.166459695300179 -2.4609947336662965 0.019566827878692454 0.019417017659830397 2.5292549343966995 -5.000778043602247 0.0035298076220578872 -0.004449220066684653 1.5195821962561977 -4.595469284573035 0.002342410386813751 -0.0076742692650837935
2.6694692884773956 3.1086119540536368 2.057002612371676 1 -3.0296702302719547 -0.23141722108112484 0.00273237084770802 -0.02953499668735863 -3.07740881638659 -1.024828578154772 0.00531996856338969 0.025798806367770433 1.6948559171348565 -1.8154757045458618 -0.02371746360653531 -0.026337022088404282 1.1746379703079537 -2.4610485019452577 0.01989379071552902 0.019252436972123674 2.5593770158354046 -4.989854996042531 0.003561068876908543 -0.007891198554797071 1.5472361702234778 -4.591078581384509 0.00037478671462414653 -0.01110912506427746
2.672237338309524 3.112226480786366 2.0441775535580757 1 -3.0283351112718195 -0.235571720855124 0.00270203767717054 -0.029523421733146548 -3.078505125989813 -1.0286105580482654 0.005452889866042717 0.025834832954239283 1.6980933756061276 -1.8121311643621794 -0.023422406139650388 -0.026013071074492057 1.1817098127667052 -2.4608599894604843 0.019278337082549613 0.01944000325438427 2.5899305907436414 -4.977545835009469 0.004713906132593593 -0.006900789342745085 1.5739094788811698 -4.5887006511032435 -0.0006606925248498277 -0.011385630016700399
2.6753645881613464 3.1179215075941045 2.0322190715476953 1 -3.0271712994485815 -0.23976642748361643 0.0025467624257072856 -0.029546338166096458 -3.0793439701357994 -1.0323467451016042 0.005539513914056433 0.02582730212611039 1.7010310286857084 -1.808542690136583 -0.02331109932575119 -0.026089295969443267 1.1886849823897512 -2.4606766903346617 0.01905832715236255 0.019603480301591997 2.620536033402323 -4.965194402991976 0.004633030958726258 -0.004959575316466531 1.599723859359508 -4.586360895947595 0.0001170007919255589 -0.010040453964963177
2.678582354560106 3.123399106689471 2.0193080148383373 1 -3.0261695451919333 -0.24400225435028278 0.00247589470706252 -0.029521571268154065 -3.080274219383486 -1.0362762527281206 0.00556683089988716 0.025771660049705384 1.7035052563360509 -1.8056546354224903 -0.023290057022211885 -0.026877647096046287 1.1955561857545725 -2.460954362938285 0.01944883596455462 0.019642742405156434 2.6498529228581607 -4.952967705657308 0.003977032784605823 -0.007369357623646293 1.625745405486457 -4.583268231967969 8.21163218192554e-05 -0.011229359176184667
2.6814890216563585 3.1261159279941553 2.005660219396773 1 -3.025113847063453 -0.24822313646270444 0.002412862612478011 -0.02951593857373257 -3.08140292386177 -1.0402799713748483 0.005632144684188423 0.025779376908203172 1.7055489103271437 -1.8030179376737152 -0.023040169451081633 -0.02613377652573398 1.2032517563714507 -2.4619002864399286 0.01868892869859361 0.019535152251832708 2.677805394683591 -4.940934255423498 0.003988273209429426 -0.008286029510514816 1.6523199280227905 -4.579058038415759 -2.8026489809134664e-05 -0.010933033471243806
2.683969747142987 3.1294840685651364 1.992738662442346 1 -3.0241351157901315 -0.2524047563829015 0.0023137326604139867 -0.029477865267785324 -3.0824573788380176 -1.0442281455803026 0.005727244650873637 0.02577404610055083 1.7079940640643665 -1.7996575940942008 -0.022813495484683092 -0.026824643045406722 1.2096422711612025 -2.461432051621882 0.01933402229417964 0.019876376070777916 2.7060675812636923 -4.9289160787565365 0.003412772095085167 -0.004664113023273476 1.6768719064368485 -4.576478416584839 0.0014787191444135765 -0.009240544346182553
2.6867173583906108 3.134762645956391 1.9812497404836251 1 -3.023219974572674 -0.2564943759127075 0.002237742026393293 -0.02944391482436186 -3.083498655792268 -1.0480996305017158 0.005774136762946461 0.025792359547270136 1.7104861561620535 -1.7952088126506056 -0.022636315620670026 -0.027054440288043977 1.2162356345886556 -2.460718768095858 0.019152862501652136 0.020367593803274554 2.7342328937818934 -4.916217437384177 0.004388057054797449 -0.007069727672940292 1.7013277326152396 -4.5736038592351225 -0.0010019606547807154 -0.01284507409504899
2.690126103333238 3.140693703166552 1.970134770619589 1 -3.022266166708148 -0.2604404341110099 0.0021706638374260363 -0.02943962309083207 -3.0846086020034766 -1.0518386927507326 0.005850973517958423 0.025839297849895332 1.7124164236358448 -1.793374858657884 -0.022306407904620414 -0.026857806067112355 1.2241892646265544 -2.462814075913986 0.017547568093914313 0.02010254451271349 2.7609819259918353 -4.902253530277681 0.003733959097589279 -0.0062471933307649205 1.7244110332626255 -4.56780348332899 0.001210934994797564 -0.008687800954262144
2.692549895933346 3.140347538192442 1.9574165825713403 1 -3.021184867495877 -0.2644419571178178 0.002132512129352916 -0.029417230659943096 -3.0856337769619055 -1.055431659279088 0.005923527580682395 0.025810572299729523 1.7152900472506198 -1.7907102496787521 -0.02205595502615132 -0.02615810010838106 1.2275448372705986 -2.460438460439593 0.0181062914674275 0.020320337881562445 2.7876685591776775 -4.887320257874045 0.008302994897246046 -0.014305580471823303 1.7501011161460882 -4.566938975196543 -0.0067285684847596654 -0.018496844003950293
2.697262354886353 3.1337704966126103 1.9476541410907038 1 -3.020209924150097 -0.268298566036004 0.001975937833773273 -0.02939541451834418 -3.0868720829193483 -1.0591199776434883 0.005988686352273455 0.025808084225968662 1.7161017312555584 -1.785606611416524 -0.022112821625679145 -0.026495359287545154 1.2356242895502376 -2.4616253194697855 0.017764393936676833 0.020823044702319757 2.8146874766333614 -4.877806027743505 0.0033474101353511004 -0.0050982310236647125 1.7714692405272556 -4.56147531512773 0.0023874083609162385 -0.008146475381016956
2.699753275055753 3.130121479371992 1.9372061245070964 1 -3.019560928941904 -0.2721914287784405 0.0018819571569709246 -0.029431750670318 -3.087878104714385 -1.0628978233860484 0.006069877231212051 0.02578485226604018 1.7179605322522962 -1.7815970264787342 -0.02187828596275663 -0.027009777586595205 1.2413233407761366 -2.45994826250591 0.017606650899218628 0.02112336211248611 2.8402614947527747 -4.866046951495879 0.004299254806506732 -0.008154519766737848 1.79638359453564 -4.557857491978661 -0.0005605973528569654 -0.01308727124952484
2.7009207608705603 3.1276266732897144 1.9271341227603502 1 -3.0186676909362777 -0.2761780293687053 0.001876263285590697 -0.029418029737069213 -3.0892811438133134 -1.0668326245458404 0.006044984619491165 0.02577074092082002 1.7196301606114073 -1.779699380733612 -0.0217283882276395 -0.027288565650595946 1.247339128471248 -2.460385205768304 0.01717365038158243 0.020677288308550958 2.86498787916731 -4.851890185577208 0.004063734701406658 -0.005597137659636797 1.8179179141389836 -4.553236091680981 0.00018638352989792592 -0.009966655625616518
2.7035805347639226 3.1237160732287315 1.917141030364524 1 -3.017759087585561 -0.28012877659729163 0.0017425809066716207 -0.029385730880378134 -3.090518118194055 -1.0705808603705216 0.006247173864385826 0.025793650707394356 1.7209293795455256 -1.776909835274029 -0.02181283147999101 -0.027250762404481155 1.2515824359523435 -2.4600769368614896 0.017555761788177193 0.020989692303442786 2.8900495686755647 -4.839034553821521 0.0034876264107190393 -0.005787438969429506 1.8399595831771505 -4.550245859648628 0.002304939616044912 -0.008575736330157626
2.8477886825101355 3.0057653374011744 2.106719106497934 -1 -2.879209466008982 -0.2874331679211497 0.05797912970324883 -0.009501800872311218 -3.1291184963423255 -1.1207417006914717 -0.005398994145682994 -0.02521873431212509 1.65306836180166 -1.7172573680252756 -0.051431560197141644 -0.010269799559464571 1.0449304721930721 -2.423778615271135 -0.04677633593735237 0.024468230975727635 2.904257272039687 -4.7758102486819975 0.00018628321947233503 0.020583930345502197 1.8413047323702285 -4.529040824584886 -0.011568454912921008 -0.004350818729190808
3.0426375368499277 2.549074885645412 2.2549059907457294 -1 -2.704248983325119 -0.41492492900185507 0.0014611666182058995 -0.05517859961421123 -3.171318135818847 -1.2696181263761321 -0.006629810989531439 -0.004691094881779188 1.3912828423144443 -1.6700518621980192 -0.07908640822777635 -0.010183155685230098 0.7165196006672137 -2.416257142284772 -0.05554431198320151 0.009894538835897549 2.833482488234158 -4.514370267450091 -0.03595594121799281 0.053304043423234186 1.7288345634416205 -4.463608411080291 -0.04016048523680904 -0.002945299566869567
2.5989577403335766 2.1605814927650724 2.3879916614600907 -1 -2.822350823966368 -0.5411105967309764 -0.04201191416531286 -0.030091604202791066 -3.254039447921112 -1.374302941559964 -0.011567423087214222 0.007216367624088185 1.0559917221347188 -1.5931187909107596 -0.07937255274149244 0.02176626377689768 0.39188545248131046 -2.453680837830037 -0.0671951822087253 0.005135514408825571 2.5531479155238763 -4.217477152172293 -0.07090747770225087 0.02988941732225142 1.4754859963592155 -4.399910522040238 -0.040329534936202865 -0.01673698069395827
2.2718594777952763 1.9038959378561513 2.6690044905977772 -1 -3.0444030612373485 -0.5249258429837633 -0.03018503166799843 -0.0008557279280247462 -3.3557738310816605 -1.4652953812414107 -0.00824563288829541 -0.01928766294200894 0.7045996127378187 -1.4909492051255877 -0.07010819033779335 0.0060421899648811644 0.09718547393848809 -2.442716341045784 -0.04799376634308744 0.011532930152031405 2.2631818463582727 -4.027893306264701 -0.051760267438964024 0.04795645683031924 1.2332030861949068 -4.379527587453391 -0.05090642014999332 0.0173367644113987
1.9689215882922195 1.6634711506287048 2.9623654454840103 -1 -3.17463418831358 -0.4881419243593075 -0.02296657779296866 0.005283292187240229 -3.4941064586259722 -1.6072992982548542 -0.04860784546547632 -0.02502580886466231 0.3699677628009965 -1.4281599880549134 -0.053624576028008 -0.00688124426881105 -0.20798061023166792 -2.389120378347809 -0.04532071952913363 0.0024625902480731807 2.0515751946164933 -3.877142661096184 -0.05695475604028331 0.029062135630250507 1.0818223513492713 -4.3781868992348745 -0.00618481574200091 0.012522365823365321
1.6925591399895625 1.4447338043746267 3.1357795732562526 -1 -3.1615846955651934 -0.5433084046839745 -0.009515619199510215 -0.01231500552577642 -3.7103357799885393 -1.705806912285889 -0.05868535260463218 -0.00642718363406758 0.10551469655691825 -1.4433780263429299 -0.04961181221662268 -0.024130839141526354 -0.504847483609673 -2.3927679918246403 -0.044999226903292534 -0.0012467671982957125 1.872672606172613 -3.7118014773025974 -0.051463320146418925 0.04622350968094667 0.9958624457393874 -4.368989154066138 -0.022063774455324828 0.02095347381265611
1.4625894988382215 1.2617936298630952 3.1415091363508996 -1 -3.18054338548502 -0.6680150953130637 -0.03094823076794848 -0.015822109163993424 -3.883037105918956 -1.7829139299940597 -0.03576421574885474 -0.0018400207796904489 -0.05036557854767665 -1.5126713581481153 -0.029394200911731727 -0.009301482199924896 -0.7178269815074412 -2.4884311813857938 -0.0437049536343234 -0.01918612722426463 1.7237040892389066 -3.58794637158499 -0.04572602593743451 0.033993984657588516 0.9380645988065002 -4.368101644160321 -0.02672743855327603 0.01726828671520487
1.2609617652229446 1.1024222022206382 2.9141311448274454 -1 -3.2566493256485853 -0.7784134702780878 -0.0414750188943477 -0.008921994202556044 -3.9364755194172236 -1.872434060094951 -0.013204653721573492 -0.0037967086887601646 -0.1309001622879986 -1.615069584246735 -0.02045116786121643 -0.011591512600319764 -0.8009662638895123 -2.6224045341025986 -0.02625399676619867 -0.017833783003612484 1.6389115526763094 -3.542593196421206 -0.015613642892240643 -0.004571474738119134 0.9020526291316537 -4.401784299016986 0.0044446005328889985 -0.00492451719220679
1.0975472624150704 0.97974477301226 2.7181178091848643 -1 -3.302532650535132 -0.8593157838198384 -0.009989102168372042 -0.005872389424036874 -3.9533495759692068 -1.91683840811592 -0.01667848341371406 0.004221048232190319 -0.16443873933827824 -1.7297590649433825 -0.013227694312325535 -0.016396606320861682 -0.8098138220463609 -2.7509707088308932 -0.011680484773814125 -0.0162043965916651 1.6233860358301415 -3.568564005025017 0.026333441825009803 -0.023993741095189855 0.9371916237851527 -4.493124231436816 0.03473245962877437 -0.03888058970429656
0.9786060255212607 0.8931471217655095 2.571424247000074 -1 -3.2735412282592398 -0.9140782232299818 -0.006502870744451057 0.001378261538261642 -4.006328244082938 -1.8773708163262843 -0.020126516266924462 0.022880354330382657 -0.14504343385455698 -1.8596265036654138 -0.0005752067665565465 -0.03812781549191689 -0.7896659276117357 -2.8700463598350194 0.011464199372894859 -0.01371117652208562 1.6563891515757758 -3.6286647570441963 0.0005553432674545366 -0.01818153261529596 1.0678658675552235 -4.616547543779646 0.036140680545835226 -0.012135251567674568
0.8739339142802152 0.8209189614202118 2.4372253091423577 -1 -3.2180607576601954 -0.9486172831468995 0.019697073891318077 -0.01577243801079023 -4.046406725280309 -1.8193085305200887 0.0042740651826663496 0.0033357611844904624 -0.10576028318605779 -1.9996878628724524 0.017669638613086073 -0.042933979282641546 -0.7515594575082525 -2.998644165523393 0.02758922301453176 -0.03809554845573224 1.740342731010177 -3.7064765507420336 0.003427888684490607 -0.010393097288934082 1.2599158222740376 -4.728385042017003 0.0294619195313027 -0.010507167811916086
0.7912405639596822 0.7698130728416955 2.3023080125742874 -1 -3.194302651149104 -0.9628252886089038 0.006109790281664616 -0.012400928256137008 -4.042024413221743 -1.7909671174277002 0.014215363017767811 -0.0004693842295897372 -0.1069096618681753 -2.1904913786554197 0.009756402073681482 -0.05296231459117975 -0.7071340349434987 -3.167996920129535 0.027771488862633364 -0.04873080484613816 1.8785684629155677 -3.7868122188475075 0.0353605166375119 -0.01716201475046001 1.4744106149038538 -4.822008527426647 0.04623295517484094 -0.019931779943119628
0.779705832151537 0.7671436800778794 2.1822524077606538 -1 -3.1979790462718545 -0.9713560737614495 -0.002265278466063363 -0.008975195388710827 -4.010654188336741 -1.7904687096342642 0.013427368339864564 0.004744298766702641 -0.13893222727495846 -2.40956558676381 -0.015188468124099892 -0.041763155450000394 -0.6760445468663958 -3.384768354686503 -0.0037004874190210667 -0.03956194397827234 2.0095260394038235 -3.8502057575688076 0.0046513957071943925 -0.0008125132782949747 1.6805063440281627 -4.901156665022983 0.024461377345020945 -0.012779151059999494
0.7767983071397024 0.7782536329938521 2.0662134943121306 -1 -3.180780745111348 -0.9947793552130789 -0.0013033562947759175 0.0021005432795731596 -3.988788475601284 -1.7761028974365176 -0.003310764931472615 0.012679702370642481 -0.1602488253156018 -2.6339844447293954 0.01358906401382347 -0.05466490194534411 -0.6571613689711606 -3.608847115860574 0.02110385258876984 -0.04893714007596565 2.1234762270908405 -3.872993725216504 -0.017289355749816042 0.002664580272026165 1.894446622870321 -4.939167590356881 0.013555163782446391 0.010695174826648671
0.7574832192237632 0.7737730991952633 1.9509568457913538 -1 -3.1376778265684795 -1.0291386515743772 0.002630171865707357 0.006908019439372812 -3.975172958929428 -1.7431480046445933 -0.0065364504360690395 0.011606317789644004 -0.1660030835616091 -2.843613501001651 -0.026960313690922555 -0.03352033506759934 -0.6560587054799654 -3.8049622806709507 -0.020969802924895056 -0.018389177028225668 2.21460427406764 -3.8555367729098435 -0.008852189215925212 0.008031738623567621 2.072118907817547 -4.925713140959745 0.00897109423722086 0.006319938714674513
0.7341581771151638 0.7632343416606527 1.8407495653684967 -1 -3.105505535095448 -1.051998444176743 0.008110136480586316 -0.014463648190833029 -3.9465114298747017 -1.7233255566896686 0.016156503236835706 -0.0033180742195171352 -0.17068912972062833 -3.0287417962574263 -0.017957577496370256 -0.023070009762115797 -0.6556037224026765 -3.972758412331928 -0.015198867763417187 -0.02473284305551273 2.2774935346620797 -3.8346723615497846 -0.022950449223423538 0.0015397437170354324 2.1986336957456594 -4.906121622126825 -0.006002554168552367 0.008238900658929963
0.6911910193295019 0.7440743069576612 1.740413227922941 -1 -3.103494855021426 -1.060073563213257 -0.0058774966765925835 -0.012287782876213686 -3.9124354688891136 -1.7215151717724595 0.01610109715841226 0.005142816980300101 -0.18880169368789979 -3.1650636581930094 0.009699342687742682 -0.027958907876929767 -0.6440592873422357 -4.112524738025176 0.01601417926262242 -0.030017541258783934 2.290385705330169 -3.826927871218119 0.021736114239150804 -0.0022365779995695287 2.2792727148036835 -4.895613166447085 0.03354127051306078 0.005731596942953093
0.6085734841989995 0.6915372123605373 1.6578550583402056 -1 -3.1131842960343645 -1.0809898854422426 0.0013530632891033299 -0.018309993275980752 -3.906868955847872 -1.730818427494511 0.006352050670059051 -0.006404138837801155 -0.22145835014817639 -3.2387566381821147 0.002424984383672158 -0.019149290663159492 -0.6402629993746403 -4.200668173669047 0.010956367167089587 -0.009969553844965277 2.260598493827488 -3.8189405682828843 -0.03363513178791887 -0.004445157623103383 2.3197866018036066 -4.890300674541798 -0.017963718118152422 0.006198996788060202
0.49737372668676 0.6087898279885802 1.6071073377582565 -1 -3.12776947123021 -1.1253781172942854 -0.009080467802497515 -0.018575815019112915 -3.9398663796364373 -1.7393716163735518 0.0011398932560479323 0.0053295183547457745 -0.2530878903088034 -3.2630051805035816 -0.02518022475488111 0.004569823817418118 -0.667681676904238 -4.227608291514985 -0.02400452999938408 0.009017149524759384 2.2077260477891922 -3.807330123595746 -0.008848188018587454 0.011734506700055844 2.315428710621587 -4.882168587994727 -0.0022867550654453207 -0.010686497982220445
0.390063520876811 0.5261040399561419 1.591173292668609 -1 -3.149626616207038 -1.163594505810237 -0.0024499150390928787 -0.017058801996830665 -3.9979398657955127 -1.7503328998413197 -0.003604764721528198 -0.007515551212589066 -0.2807170126183589 -3.2546191038526575 -0.0019555960486620574 -0.004137238747410539 -0.722993591426786 -4.215850604173452 -0.003241262310469237 0.00767733836979048 2.1389708922145436 -3.800001903806511 -0.010295465636541285 -0.012921891142881933 2.2667891151974295 -4.871022315626501 -0.010736768372549922 0.02362769737014385
0.2939559583059337 0.44911296750854607 1.6026718070207002 -1 -3.185996820313071 -1.1755379510397916 -0.004636618835327147 -0.012040956705234761 -4.052541922095858 -1.7635068534252252 -0.0009578910659387534 -0.007883530850646522 -0.336929842258205 -3.221183275482497 -0.006158582081352872 0.006261458458729621 -0.7921193963000315 -4.184952275964061 -0.007480249500567138 0.002381126578280022 2.0534197053028445 -3.785807147961704 -0.010822517240711501 -0.012330420022292229 2.1936884638736345 -4.854403645539538 -0.01290262002519743 0.02801019115513144
0.21967053647948773 0.381496173739655 1.6441084480502848 -1 -3.2226324929475156 -1.1669415433271828 -0.0012153933015911517 -0.003448151759540113 -4.100484072386029 -1.780247376561599 -0.007838803210567942 -0.009387221087586323 -0.42576136431119505 -3.168361847397245 -0.023768908952507946 0.012562811241646496 -0.8685007675997123 -4.145803301474485 -0.019362699769129174 0.010711467671545313 1.948113497357789 -3.7573998625618517 -0.04516639974093066 0.004211964674745073 2.105746200455572 -4.830248388561116 -0.03682917392478266 0.0017642847095628127
0.16633336298644522 0.33502975510653904 1.699934208966468 -1 -3.2505499929675796 -1.160358846049837 -0.005743443118628675 0.008175797704512532 -4.155186796462548 -1.7893589007016455 -0.019243880387183637 0.0017228021864826978 -0.5140433925640231 -3.115288688870296 -0.02233919987417103 0.013058855998255976 -0.9509154125090182 -4.109228297614882 -0.02492830242347708 0.007883898706307957 1.8372286852264343 -3.7213921414575313 -0.005831650048023995 0.007235672212746998 1.9982678814548525 -4.79315421278474 -0.01190281342836598 0.014624560151727995
0.13308647999070786 0.30156413176545654 1.753623962259767 -1 -3.2676257980692323 -1.1735121608556198 -0.00014767410269301423 -0.0008496557397978579 -4.216266005272751 -1.7877039592847144 -0.01716454525385023 -0.0016420647505430638 -0.5967559273138052 -3.0802263207462834 -0.030483404398063987 0.011452380418273612 -1.0531700493838123 -4.078170256687278 -0.03481222299591344 0.010553675117235248 1.732753477242591 -3.673530120763963 -0.0017862085587082716 0.011790061643991726 1.8770292057307723 -4.754179671336958 -0.009809691271305106 0.012677650775994634
0.10334885271497318 0.27209670116044843 1.7981573837390756 -1 -3.2871506410242315 -1.1934625970554724 0.0008943661577094607 -0.02539490242281551 -4.272916498151501 -1.7845055645406456 0.0046664314609466545 -0.010077923674053796 -0.6732736041517025 -3.065210659216127 -0.0033440308136928956 -0.009526046161024149 -1.1474262846335477 -4.069177203256221 -0.0005246776605950555 -0.0017977128198483298 1.637148898698828 -3.6236642548417572 -0.01950682884040071 0.005145211347250636 1.7703805931516152 -4.710431322028509 -0.020259521219974 0.013706668297656443
0.08670535203525259 0.2507940878861959 1.8459848243960553 -1 -3.318156312735188 -1.2055242776537776 -0.011640580930840768 0.006848205104760606 -4.323287232081186 -1.7887282951175405 -0.013743236998336912 0.0054081845068332125 -0.7656147124220674 -3.061325620063213 -0.018687698513277413 -0.014710652198816444 -1.2228525994559956 -4.080596769156967 -0.0018912163304733577 0.006389221499927164 1.5462597084587744 -3.5790855789889733 0.0018365831225834253 0.009159435776186388 1.689890392096622 -4.6696867272380675 0.0017890360555201518 0.012381940961964004
0.06648628219559222 0.2246143924140452 1.8894336824750024 -1 -3.3496458007444283 -1.2294758608814822 -0.015303358054138318 0.01080782745078106 -4.367796504786752 -1.7948894094759145 -0.016238189081499276 0.012964033123475441 -0.8550056497323544 -3.0772299656948157 -0.033378768424126785 -0.004791010256965763 -1.2811478612366773 -4.1139984274934935 -0.022494146973337962 0.0033986676007781175 1.464086691536414 -3.544031517472216 -0.029559847026770072 0.009054753701265805 1.6327344254019795 -4.634479184369769 -0.020549843848303717 -0.0035193124298761556
0.027237092879897916 0.18711881508098832 1.8790439383409256 1 -3.3786773147468168 -1.268691065892862 -0.007292651088037316 -0.007814449075413439 -4.416922490759355 -1.7847797760983508 -0.009690905507532486 0.005395491381987781 -0.9238968730421862 -3.118403234864074 -0.03392183629134199 -0.0034549305550363573 -1.3356331480167727 -4.160632469598275 -0.029454939117972853 -0.0004870581489455506 1.4067784842302977 -3.5177693410260127 0.0030766205896080884 0.016697913108518536 1.5957060293565108 -4.605673045577878 0.007040015338334278 -0.007179035026163325
0.014333087632087344 0.1488330095820719 1.850507049019929 1 -3.4069776522408732 -1.3181331554312374 -0.010320794951988895 -0.011653001306478426 -4.464576535282721 -1.767126704590885 -0.002406174915313801 0.0059931919892836725 -0.9814264088097837 -3.175116788170519 -0.026540081737215466 -0.009463383396794721 -1.3854032610231588 -4.213058013680474 -0.020139499335787837 -0.0034499139197799785 1.3642216246430383 -3.5054572753589563 -0.02342603650150523 0.004082908047067941 1.5718878105298701 -4.5880278074823835 -0.01375279687102373 -0.0069409673171207074
0.059089613759469604 0.10697444013149979 1.8166370569915107 1 -3.4376108423396246 -1.357836102350857 -0.003688384008576952 -0.02093542907365338 -4.503818006628881 -1.7564069364963846 0.0010756368113499057 -0.007374337932232808 -1.038705993416031 -3.238774439867957 0.005536921659058773 -0.01979766801182375 -1.4184231197635535 -4.2759375740184105 0.010888822142501654 -0.018389164124124766 1.3238989478465113 -3.4983410244482838 0.018880394605848942 0.004880266561651882 1.5648896638482492 -4.573070632487553 0.020920981953099896 0.011965695613146891
0.1508102655124337 0.02893056708781715 1.4766514059516005 -1 -3.619705579839103 -1.4205225600872102 -0.04331871931821491 -0.026479600049750054 -4.635117617373023 -1.825285911985819 -0.044595602985537136 -0.02110161795721653 -1.1364925187649928 -3.400605412580686 -0.005771739877011656 -0.05957719872910606 -1.4554656572911773 -4.4139947187802955 0.006833427171390733 -0.036911462144442825 1.4469231985934696 -3.6555802220109963 0.05491691812959894 -0.03707714536198155 1.65668236272208 -4.622501866609252 0.054440406525791116 -0.023506403570943274
0.13866203837235522 0.128469993929048 1.014017337645929 -1 -3.9046869554962518 -1.5933166658184095 -0.06314271015554579 -0.02386647475912364 -4.828995650784957 -1.7580004566328629 -0.04010732004401808 0.042742910571845455 -1.1857541307090118 -3.70547383202004 0.006474304533674974 -0.06092486509040344 -1.4653978839820616 -4.619674941174408 0.0108201612486406 -0.052866009258115104 1.7705954756208468 -3.8338369542511206 0.08382219323885814 -0.05169045273748657 2.068384866153802 -4.634474111881126 0.08478804623434034 0.05390102807328716
0.11148984476662428 0.22539866558554675 0.6763014602329689 -1 -4.178203608155906 -1.6959402353594222 -0.03756330213960103 -0.0023652550396149868 -5.009701096120288 -1.610409461729554 -0.04136347434471495 0.012548419954846143 -1.1376655097693376 -4.03461524055095 0.010462061931909225 -0.08485043679084697 -1.3377016325783133 -4.8459809231368896 0.04360994217658738 -0.016329043634385698 2.106017632838899 -3.8479728786602867 0.0741939672679047 -0.002301021945399247 2.536119485176143 -4.533935950879244 0.06438525151516965 0.041384904846067085
0.12089425935041129 0.2762970606694169 0.35751058091153437 -1 -4.323171530515908 -1.677954406683979 0.0049975913191157816 0.004983132224703174 -5.110109450068107 -1.644101237777774 -0.03148451399394838 -0.01468199844268597 -1.0301921706205261 -4.283544404579953 0.03146842139881057 0.0006502887069870164 -1.145516312544701 -5.036082700273211 0.02732752757488153 -0.0710549317889834 2.387335121348717 -3.7450210178577383 0.06570105316692822 0.03418799133830739 2.817986655117676 -4.42386346843861 0.05420486506541683 0.03346731353473299
0.09398798691091133 0.37412072657259154 0.18263277483831047 -1 -4.3136179915060575 -1.7051931516461858 0.033934352572868275 -0.009094786754630739 -5.065183664970139 -1.7250676645490395 0.0005151253966191333 -0.007825182987189015 -0.897049580445318 -4.403432169163171 0.025923865937924194 -0.006037697109708029 -0.9950524764881647 -5.13697188338008 0.02431829913655252 -0.020369964868951283 2.533413070598278 -3.6447234541497084 0.035892525145713554 0.011616064122445929 2.993428102305425 -4.301277755071929 0.02502202936237817 0.040870582449019116
0.06877293900084767 0.4366554369734595 0.08970728744410057 -1 -4.172325817668845 -1.750751313899737 0.013501421166800105 -0.0075689716969676345 -4.896078951423964 -1.7631799971469102 0.07123211356098681 -0.009822676175959605 -0.7907236307792131 -4.4343422759132585 0.012535613800385741 -0.03963229283265575 -0.8751409079099681 -5.1781102383381254 0.026959814433249213 0.038898362951577156 2.609581620175195 -3.5695257637717113 0.03788124186827571 -0.018729407984432688 3.073279360511239 -4.213010024706713 -0.022200978425618058 0.049465752878516726
2.3530426 2.84144 2.3803358 2.28359 5.3354187 11.581522 10.628124 4.1188784 0.4918138 1.2913775 3.9960485 5.600623 -0.2925095 1.403212 1.7988207 7.144429
2.360269 2.819472 2.3622675 2.285946 5.32279 11.578807 10.652876 4.183336 0.5044763 1.2932444 3.9900973 5.604367 -0.2935875 1.4072713 1.8000922 7.145121
2.375198 2.839884 2.4211142 2.2848566 5.346239 11.565239 10.615091 4.1127615 0.49170786 1.2931964 3.985503 5.596948 -0.29984498 1.4050401 1.7998568 7.1597824
2.4036288 2.8505023 2.4412265 2.281854 5.3484964 11.538728 10.65022 4.066474 0.47496283 1.2968428 3.989709 5.6125607 -0.28577077 1.409888 1.7974446 7.1920066
2.4444408 2.856849 2.4592843 2.2790437 5.347558 11.502365 10.703885 4.031111 0.4600504 1.3022113 3.9940934 5.632759 -0.26797757 1.4174731 1.7950798 7.233595
2.4558454 2.9381952 2.3835716 2.2583613 5.3295403 11.464145 10.857701 3.7948477 0.390392 1.3060327 4.0574856 5.7030344 -0.18536574 1.4248579 1.7781436 7.293497
2.5136971 2.947099 2.4215517 2.2566655 5.337891 11.414614 10.899405 3.7564003 0.38230145 1.31223 4.0583534 5.7170477 -0.17256132 1.4330614 1.7768741 7.342862
2.5884728 2.9332101 2.4875977 2.25997 5.3488555 11.360762 10.923983 3.7751136 0.3866863 1.319856 4.0422153 5.720587 -0.17470458 1.4426067 1.7797233 7.3934064
2.746789 2.7715788 2.753073 2.298578 5.391603 11.290829 10.773236 4.186405 0.49263987 1.3333918 3.908405 5.633017 -0.29741952 1.4560788 1.8115014 7.4282994
2.8342633 2.7531848 2.8391795 2.303392 5.403263 11.231202 10.795017 4.2109556 0.4931471 1.3420746 3.8843198 5.635527 -0.30169055 1.4662428 1.8157998 7.48594
2.9492383 2.6936758 2.9935203 2.3194113 5.428797 11.163493 10.75106 4.352334 0.52799916 1.3522087 3.8224456 5.6060357 -0.34616947 1.4769719 1.8292791 7.538357
3.0403595 2.676317 3.0795329 2.3236015 5.4358153 11.1046 10.783667 4.3679614 0.51842344 1.3612812 3.7982452 5.614227 -0.3447968 1.4873528 1.833171 7.5998173
3.1458664 2.6247678 3.1827974 2.3321316 5.4386315 11.045804 10.8264265 4.4585624 0.5154601 1.3731167 3.7634926 5.6196465 -0.35251886 1.5009286 1.8407885 7.66473
3.2528596 2.5943632 3.3274846 2.3434675 5.460301 10.982745 10.790075 4.520292 0.52339274 1.381492 3.7103913 5.601957 -0.38013032 1.5087293 1.850654 7.7197576
3.423059 2.3281345 3.4195068 2.3657982 5.394998 10.933076 11.081833 5.0309343 0.5150644 1.4156926 3.6635344 5.6527348 -0.37985513 1.5520294 1.8707951 7.830064
3.67664 1.8710699 3.5421453 2.3977814 5.273224 10.825321 11.706745 5.9305477 0.45128888 1.482566 3.582032 5.754801 -0.34561855 1.6350642 1.9029356 8.036645
3.7058055 2.0348344 3.6758862 2.398273 5.3438253 10.817747 11.364047 5.578847 0.47629136 1.4604043 3.5510464 5.695485 -0.39418325 1.6037219 1.9008723 8.008104
3.733814 2.2487106 3.8331242 2.3940206 5.4332094 10.771778 11.024204 5.1452427 0.4754849 1.4400845 3.5122728 5.630816 -0.43008798 1.5727409 1.8963461 7.997801
4.073605 1.8350792 4.0983534 2.4195533 5.3137755 10.463934 11.90754 6.4598875 0.13531922 1.5467646 3.2571084 5.68332 -0.3276484 1.6853273 1.9401377 8.225702
3.9747753 2.0724874 4.1102295 2.4206572 5.41175 10.683425 11.12762 5.452976 0.42265677 1.4684148 3.395828 5.6456466 -0.4552294 1.6012334 1.9209061 8.130497
4.200957 1.7190042 4.2755985 2.4464533 5.302545 10.588872 11.641467 6.163453 0.28475872 1.5255604 3.277723 5.7273965 -0.41398454 1.6661537 1.9497373 8.302781
4.253154 1.7752008 4.3966575 2.4531574 5.337141 10.60421 11.41286 5.9981394 0.30840784 1.5122278 3.2536657 5.695647 -0.4585168 1.6469071 1.9528631 8.291744
4.288732 1.8484325 4.498973 2.4565983 5.359356 10.646978 11.183065 5.8373995 0.28692585 1.4963644 3.2218254 5.6627665 -0.49280575 1.6218748 1.9546639 8.248281
4.5479283 1.8845091 4.803895 2.4501505 5.3161297 10.266635 11.52525 6.694467 -0.17778179 1.5630438 2.9101706 5.5583215 -0.3876798 1.6721771 1.9807458 8.213578
3.7033093 1.7838869 3.878608 2.463776 4.7283616 12.606067 9.933037 5.9676504 -0.6387235 1.2794825 2.9430904 5.621011 -0.5961201 1.2894537 1.9609191 6.7725325
3.4124627 1.8159056 3.6655478 2.4689655 4.4034605 13.572292 9.151332 5.959257 -1.1905435 1.1638064 2.675366 5.5361333 -0.6606587 1.1059062 1.9709374 5.9531436
4.871257 1.9868624 5.343531 2.4695065 5.363756 10.019128 11.241968 6.975462 -0.42241272 1.5834899 2.6085436 5.408188 -0.43406633 1.6695207 2.0126348 8.189688
3.813816 1.7348435 4.138266 2.4887168 4.6009483 12.96922 9.494358 6.0188513 -0.96766925 1.2413328 2.6964912 5.5688086 -0.66522205 1.2122531 1.9864669 6.5116577
4.115217 1.7682405 4.426978 2.4805787 4.6676826 12.424032 9.748041 6.1774206 -0.9517077 1.2995871 2.6693687 5.5450983 -0.5978888 1.2876682 1.9925723 6.7401285
5.2585235 2.95145 6.0645475 2.4344702 5.536728 9.243715 10.132837 8.430563 -1.3035277 1.5984571 1.8282738 4.6651983 -0.46085116 1.5993778 2.0543551 7.3006506
5.3561664 3.6339192 6.265185 2.3972087 5.6501293 8.863147 9.426376 9.382906 -1.8187716 1.5917199 1.4519732 4.2018633 -0.4638158 1.5399268 2.0644715 6.634888
5.4039555 3.9109657 6.4603143 2.3956652 5.7490425 8.738717 9.144172 9.836958 -2.0864623 1.595161 1.2011824 3.988256 -0.50348806 1.5129888 2.0790374 6.4324026
5.5013423 3.8546166 6.594626 2.404926 5.724452 8.706531 9.11091 9.784942 -2.0957367 1.5984871 1.1502113 3.9951684 -0.5142673 1.5162905 2.0873704 6.4714594
5.630045 3.7651303 6.6345873 2.4015052 5.631336 8.656401 9.062956 9.6143 -2.0208175 1.5936451 1.23843 4.0531955 -0.48571548 1.5226421 2.0842838 6.459216
5.7062016 3.8530095 6.77685 2.4043634 5.6459026 8.572416 8.922639 9.7691345 -2.1367629 1.5963988 1.0988681 3.9653306 -0.5016377 1.5139756 2.0943522 6.3795457
5.886842 3.7409525 6.8208566 2.395553 5.461843 8.462348 8.802952 9.517426 -2.0643828 1.58602 1.1580052 4.015901 -0.4471776 1.5194073 2.0917592 6.271545
5.9668684 3.602983 6.8347235 2.3957014 5.4004936 8.492503 8.842805 9.300234 -1.963168 1.5822623 1.2824597 4.0977974 -0.43559086 1.526172 2.0881855 6.325593
6.1161194 3.6905642 6.985713 2.3914247 5.2852125 8.315482 8.560537 9.383156 -2.1030912 1.5758331 1.0759234 3.9873667 -0.4142505 1.5132352 2.0995696 6.0873003
5.6638126 3.479465 6.0575876 2.3319247 4.315374 10.028341 6.9289155 8.377186 -2.5035944 1.2997125 1.2847106 3.981394 -0.41166997 1.1726534 2.0634205 4.172208
5.610411 3.5474408 6.104007 2.3420453 4.063682 10.387866 6.258162 8.374079 -2.8469288 1.2330177 0.92699146 3.8384962 -0.45901787 1.0674949 2.083229 3.5981226
6.03484 3.733076 6.484854 2.3260028 4.815041 9.016818 7.5765567 9.01618 -2.2883534 1.4311228 1.4133961 3.9290931 -0.3687513 1.3362423 2.0624783 4.9274735
6.168974 3.721507 7.6054025 2.4609842 5.606562 8.368597 8.700064 9.788946 -2.3839314 1.6222951 0.5674305 3.8399613 -0.6174023 1.5162799 2.153629 6.5237684
6.1900744 3.0839732 9.516967 2.6335528 4.5494556 8.183889 10.598919 8.451891 -3.6643534 1.6864867 -2.7156134 2.525018 -1.5383472 1.4396633 2.4140406 6.561093
6.239075 3.055798 9.557437 2.6344168 4.5257673 8.149877 10.617491 8.41078 -3.6558955 1.6888194 -2.7308478 2.5235782 -1.5369967 1.4439633 2.41614 6.570122
6.2843404 3.0375488 9.588529 2.635043 4.509373 8.12167 10.609794 8.387375 -3.6465762 1.6900842 -2.73393 2.5296686 -1.5305262 1.4473832 2.4170656 6.5748253
6.314221 3.0300512 9.608527 2.6351929 4.505784 8.107573 10.602084 8.3778925 -3.6419017 1.690473 -2.733769 2.5313141 -1.5296516 1.4485569 2.4173675 6.5770864
6.3489647 3.0175614 9.631192 2.635469 4.492746 8.086581 10.5952425 8.359935 -3.6355329 1.6911322 -2.736218 2.5353231 -1.5253057 1.4507738 2.4179277 6.5789423
6.37505 3.0108044 9.647518 2.6355624 4.4872494 8.073088 10.588402 8.350922 -3.6315746 1.6914965 -2.7364721 2.537727 -1.5231093 1.4520079 2.4181514 6.5804744
6.408312 2.9966702 9.668417 2.6359355 4.4707327 8.050955 10.582818 8.330753 -3.6244886 1.692297 -2.7394776 2.5431883 -1.5168161 1.45466 2.4187799 6.5823364
6.45901 2.967013 9.700438 2.636852 4.4306555 8.01009 10.58003 8.286839 -3.61012 1.6940062 -2.7467666 2.5550432 -1.5020859 1.460295 2.4202125 6.5850525
6.4671073 2.9709394 9.704307 2.6366038 4.4394836 8.011297 10.574056 8.293602 -3.6112618 1.6937327 -2.7445302 2.5534031 -1.5049398 1.4595025 2.4198873 6.585456
6.472889 2.975735 9.706567 2.636342 4.4492545 8.013796 10.569321 8.301821 -3.6127098 1.6934777 -2.7419062 2.5514774 -1.5080498 1.4586208 2.4195232 6.5861306
6.4920263 2.9686682 9.717385 2.6365082 4.4413443 8.001981 10.566107 8.292061 -3.6087894 1.6939106 -2.7428918 2.5544739 -1.5047034 1.4600086 2.419785 6.5874147
6.5127788 2.959445 9.72909 2.636762 4.429922 7.9878335 10.563528 8.279009 -3.6038785 1.6944706 -2.7444973 2.5584545 -1.5000403 1.4618177 2.420162 6.588753
6.513812 2.965596 9.728145 2.6364865 4.4404345 7.9928713 10.560069 8.288729 -3.60628 1.6941118 -2.7422209 2.5558383 -1.5037366 1.4606401 2.4197752 6.5888653
6.5204716 2.9664512 9.73072 2.6364064 4.4429703 7.991635 10.557561 8.290467 -3.6062434 1.6940718 -2.7414565 2.5554638 -1.5044864 1.4604897 2.4196668 6.589302
6.5280833 2.9659286 9.733819 2.6363943 4.4433804 7.988928 10.555367 8.290262 -3.6056018 1.6941278 -2.7411194 2.5557833 -1.5043279 1.4606254 2.4196362 6.5898557
6.528997 2.970401 9.732603 2.636221 4.450653 7.992531 10.5531645 8.2974615 -3.6072876 1.6938951 -2.7394037 2.5539944 -1.5068055 1.4598036 2.4193625 6.590026
6.5335913 2.971256 9.7337055 2.63617 4.452587 7.9919066 10.55168 8.29908 -3.607403 1.6938684 -2.7389188 2.5536175 -1.5073963 1.4596624 2.419282 6.590354
6.541324 2.9689708 9.736773 2.6362262 4.44997 7.987644 10.550777 8.295882 -3.6061757 1.6940215 -2.7395363 2.5544722 -1.5063468 1.4601111 2.4193685 6.590829
6.5493155 2.9660254 9.739965 2.6363072 4.446271 7.982737 10.550217 8.291603 -3.6047032 1.6942111 -2.7404647 2.5555573 -1.5049527 1.460681 2.4194956 6.591296
6.5561194 2.9636955 9.742348 2.6363754 4.443372 7.978728 10.5497875 8.288294 -3.6035304 1.6943734 -2.7412138 2.5564294 -1.5038148 1.4611424 2.4195955 6.5917325
6.563792 2.960279 9.745245 2.6364832 4.4388223 7.973527 10.549684 8.283293 -3.6018941 1.6945977 -2.742351 2.5577252 -1.5020987 1.4618093 2.4197555 6.59221
6.572505 2.9556706 9.748781 2.63663 4.432375 7.9669876 10.549981 8.276324 -3.5997467 1.6948826 -2.7439451 2.5594325 -1.4998001 1.4626906 2.4199824 6.5926824
6.5803022 2.9515953 9.751669 2.6367717 4.4266205 7.9611855 10.550279 8.27028 -3.5978239 1.6951488 -2.7453098 2.5610254 -1.4976602 1.4634901 2.4201834 6.593168
6.5831375 2.951384 9.751408 2.636789 4.426383 7.9601994 10.550339 8.270069 -3.597737 1.695197 -2.7456527 2.5609941 -1.4975743 1.4635515 2.4201975 6.5934005
6.5918694 2.9461126 9.754813 2.6369839 4.4186296 7.9530764 10.551006 8.2621765 -3.5952592 1.6955345 -2.7473912 2.563116 -1.4947214 1.464588 2.420467 6.5939307
6.5929613 2.9468887 9.75341 2.6369722 4.4197254 7.9534717 10.551268 8.263397 -3.5956955 1.6955273 -2.7475638 2.5626218 -1.4951756 1.464457 2.42044 6.5940666
6.599554 2.9431121 9.755397 2.6371443 4.4139557 7.9482617 10.551753 8.257899 -3.5939107 1.6957912 -2.74891 2.564262 -1.4929569 1.4652325 2.420644 6.5945377
6.6019373 2.9426577 9.75478 2.6372142 4.412863 7.9471426 10.551959 8.257275 -3.5937746 1.6958511 -2.7496352 2.5644078 -1.4926064 1.4653531 2.4206977 6.5947104
6.6055346 2.9410572 9.754864 2.6373224 4.4101257 7.944696 10.552369 8.255014 -3.5930653 1.6959887 -2.7505202 2.5651047 -1.4915591 1.4657087 2.4208035 6.5950046
6.6020627 2.9450383 9.750587 2.6372337 4.415567 7.9491687 10.552434 8.260962 -3.5951614 1.6957885 -2.7502856 2.5632095 -1.4937437 1.4649551 2.4206464 6.5948358
6.6123586 2.9379482 9.754803 2.6375709 4.4042664 7.939909 10.553152 8.2504835 -3.5917215 1.6962445 -2.7525759 2.5664856 -1.4894552 1.4664029 2.4210346 6.595477
6.607876 2.9425747 9.749896 2.6374779 4.410548 7.9452224 10.553081 8.2574 -3.5941842 1.6960032 -2.7523742 2.5643282 -1.4919711 1.4655249 2.420858 6.59523
6.6190934 2.9348822 9.754721 2.6378932 4.3975496 7.9350066 10.553504 8.245885 -3.5903995 1.696476 -2.7551208 2.5680213 -1.4871753 1.4671067 2.421304 6.595797
6.618485 2.9361885 9.752116 2.6379187 4.399055 7.936349 10.553763 8.248102 -3.5911603 1.6964555 -2.755374 2.5675077 -1.4876463 1.4669108 2.421278 6.595911
6.623738 2.933148 9.753249 2.6381714 4.392912 7.9319334 10.553894 8.243472 -3.5897107 1.6966506 -2.7571526 2.5690625 -1.4855225 1.467573 2.421504 6.59611
6.6234694 2.9341383 9.750885 2.6382282 4.393612 7.9328375 10.554117 8.245072 -3.5903442 1.6966343 -2.7577186 2.568677 -1.4858137 1.4674336 2.421509 6.596152
6.633312 2.9276347 9.754791 2.638654 4.381636 7.923964 10.554255 8.23543 -3.5869405 1.6970458 -2.7600017 2.5721445 -1.4813514 1.4688325 2.4219096 6.596651
6.632365 2.9294388 9.752173 2.6387596 4.382576 7.9255323 10.553765 8.237887 -3.5880585 1.6969333 -2.7612624 2.5714169 -1.4820856 1.4685189 2.4219272 6.596379
6.647004 2.9200406 9.759115 2.6394439 4.3640084 7.9122615 10.553069 8.223724 -3.582818 1.6974856 -2.7644877 2.5768023 -1.475337 1.4705702 2.422525 6.5969143
6.636715 2.9285345 9.750702 2.6392334 4.37669 7.9227266 10.552303 8.236469 -3.5877047 1.6969962 -2.7644796 2.572677 -1.4802973 1.4688814 2.4221978 6.5962687
6.6521835 2.9191995 9.75813 2.6400497 4.356943 7.908983 10.550325 8.2227745 -3.5821977 1.6975535 -2.7677617 2.578754 -1.4728689 1.471024 2.4228287 6.5968595
6.6531277 2.9201612 9.756664 2.6403327 4.355295 7.9089484 10.548461 8.2243395 -3.5826619 1.6974938 -2.7694702 2.5791469 -1.4723881 1.4709786 2.4229326 6.5966654
6.6512594 2.9228508 9.75347 2.6404843 4.3570967 7.9114413 10.547052 8.228358 -3.5842285 1.6973276 -2.7708907 2.5783515 -1.4733043 1.4705313 2.4229376 6.5963197
6.664357 2.916261 9.759525 2.6413476 4.3395524 7.900333 10.543712 8.218569 -3.579851 1.6976914 -2.7741356 2.5836778 -1.4669366 1.472199 2.4234967 6.5965385
6.6718307 2.9146926 9.762355 2.642163 4.3286266 7.8949156 10.538285 8.216114 -3.5782502 1.6976957 -2.7778387 2.5868964 -1.4633329 1.4728665 2.4238937 6.5961046
6.662279 2.9224977 9.754537 2.6420517 4.340146 7.904517 10.53647 8.227804 -3.583173 1.6971986 -2.7792225 2.583065 -1.4679618 1.4712726 2.4236565 6.5952554
6.6767073 2.917188 9.761514 2.6432474 4.320185 7.8930664 10.529534 8.2201395 -3.5787392 1.6974487 -2.7831593 2.5894756 -1.4606609 1.4729165 2.4242854 6.5951967
6.678938 2.9183164 9.760946 2.6437497 4.316065 7.8922133 10.525779 8.221785 -3.5789614 1.6973293 -2.7857103 2.5905638 -1.4594967 1.4729309 2.4244752 6.5947213
6.719683 2.905265 9.784124 2.6470015 4.2587404 7.8603735 10.506644 8.202642 -3.5646625 1.6979959 -2.7908783 2.6095939 -1.4383057 1.4775361 2.425979 6.5949554
6.673363 2.9355352 9.755654 2.6457276 4.3178296 7.9032097 10.499421 8.246853 -3.5877705 1.6956435 -2.7998576 2.5895302 -1.4626831 1.4701554 2.4248989 6.5900564
6.689417 2.937305 9.764811 2.6481426 4.2928843 7.8936954 10.476832 8.24949 -3.5855572 1.695106 -2.8094788 2.597812 -1.4545671 1.4709244 2.4258056 6.5876746
6.677555 2.947893 9.755843 2.6482816 4.3071866 7.9062448 10.470118 8.266046 -3.5924573 1.6943264 -2.8132687 2.5935218 -1.4601519 1.4687679 2.4256108 6.586074
6.675112 2.9616904 9.7546425 2.6501994 4.3049955 7.914127 10.444276 8.285747 -3.5993903 1.6927414 -2.8264976 2.593552 -1.4620613 1.46646 2.426105 6.5811276
6.7329254 3.144368 9.847152 2.6912305 4.0855565 8.018644 9.863153 8.53802 -3.6859508 1.6571348 -3.0584297 2.632635 -1.4532375 1.4256024 2.4395237 6.427194
7.028599 2.6936615 8.822037 2.5973508 5.0173125 8.126584 8.773005 8.501833 -2.1923358 1.6550612 -0.12436676 4.16475 -0.70699 1.5950577 2.2497613 7.243518
6.313383 1.2432384 7.2914324 2.7020178 5.112537 9.923691 10.544549 6.4713507 -0.59003395 1.6135523 1.1791382 5.50054 -0.7804646 1.6839795 2.1709976 9.045608
6.0935764 1.7651615 7.3875303 2.667499 5.490999 9.995691 9.749003 5.507559 -0.35414153 1.5502915 1.5570712 5.3598347 -0.9067672 1.5971956 2.133953 8.980229
5.667616 1.8489366 5.929037 2.6701174 4.974402 10.544199 9.953761 5.36935 -0.35423666 1.4686526 0.89766407 5.4312134 -0.77281743 1.5482751 2.1064582 8.466481
5.2716393 1.9295349 4.864617 2.665398 4.616471 11.144349 9.891997 5.1777267 -0.42645484 1.3845441 0.47382784 5.446545 -0.70492274 1.470353 2.0845425 7.9321957
4.8181787 1.9363749 3.7598267 2.6633584 4.215939 11.947516 9.739641 5.0540667 -0.5819711 1.2844512 0.032922268 5.4524755 -0.6536524 1.3646022 2.0673218 7.2577076
5.2769995 1.9253571 4.6620626 2.6624978 4.549128 11.107847 10.062415 5.3392105 -0.36269552 1.3885906 0.4906311 5.482825 -0.67487264 1.4882281 2.0769708 7.9365473
6.050741 1.7981749 7.0737696 2.6636155 5.414635 9.992031 9.864046 5.571773 -0.26961243 1.5440416 1.5140619 5.3811 -0.8748057 1.6063161 2.1234713 8.933628
5.997488 2.532969 7.7790904 2.6219542 6.1128607 9.518333 8.728121 4.3011937 0.09955488 1.5098169 1.9048481 5.0058804 -1.0971226 1.5403048 2.100083 9.008037
5.524438 4.845235 8.064435 2.630894 7.8939743 8.415514 4.4170365 2.7715077 2.8556113 1.2863052 2.5073345 3.218255 -2.3212976 1.3010349 2.0636218 8.229237
5.9493055 6.4305973 8.032375 2.7680926 6.401777 8.160801 4.434351 5.1925673 4.4854593 1.2754579 4.246013 3.0088782 -2.22968 1.3071792 2.0340009 8.319381
5.973028 6.497095 7.9719305 2.7697222 6.2881885 8.128772 4.4945264 5.263281 4.5526457 1.2754762 4.318837 3.030065 -2.19249 1.3128802 2.0279248 8.332905
5.488486 5.082927 7.9366126 2.626425 7.8109407 8.412792 4.466489 2.9249077 2.9991755 1.2808433 2.7705755 3.1986942 -2.2906263 1.2937614 2.0466475 8.221316
3.9666433 4.8316946 2.8147936 1.88589 5.7443447 9.66017 10.142981 0.185009 0.97995365 1.3458407 4.4932575 5.167256 0.7519072 1.4535694 1.4681334 8.907033
4.233162 0.93487644 1.9656154 0.9368713 2.2980828 7.1306515 6.7992516 0.8272805 3.51284 1.3365346 3.520511 2.2127957 2.934884 1.5626945 1.0150111 7.2763205
4.022853 0.9799681 1.8989638 0.8439299 2.3795958 7.292096 6.3135777 1.1466398 3.476051 1.2937425 3.926655 2.0420527 2.8839984 1.499555 0.9541023 7.18607
4.5595117 1.2155719 2.2292485 0.7484875 1.7771125 6.127102 5.4749303 1.2840664 3.2065558 1.2764387 3.3737478 1.5732918 3.0046115 1.5083947 0.9506471 6.3651867
4.391959 1.6685596 2.1278708 0.74867 1.8960924 6.3415847 5.438975 1.9521532 3.1542702 1.2705269 3.734543 1.5738931 2.9992595 1.4748652 0.9272864 6.434581
4.5396414 1.490056 2.2083652 0.74860895 1.7028174 6.1375494 5.47933 1.6293283 3.2041278 1.2742634 3.5821745 1.5833583 3.030216 1.4984019 0.9365319 6.410902
4.5605245 1.4800282 2.2153807 0.7519789 1.6745124 6.1074805 5.500806 1.608433 3.2151878 1.2766876 3.55896 1.5872608 3.0417562 1.5026482 0.9390097 6.4111366
4.595707 1.4279075 2.2299852 0.7507714 1.6425776 6.059664 5.4923663 1.5199285 3.214404 1.2756665 3.4989545 1.5883052 3.0369842 1.506502 0.94064146 6.412878
4.5564346 1.488862 2.2046847 0.7573389 1.684197 6.1170707 5.554998 1.6303048 3.2442036 1.2815175 3.603839 1.6008116 3.0596225 1.5055925 0.9403942 6.4227343
4.6485243 1.3877969 2.235603 0.7697618 1.6153593 6.0041056 5.613857 1.4626079 3.2721686 1.2917136 3.419448 1.6015519 3.0935552 1.5243148 0.9544038 6.4038367
4.8497906 1.3525128 2.2337272 0.8226563 1.5316148 5.8775773 5.833866 1.411937 3.3410385 1.3271532 3.0415275 1.6194587 3.2097366 1.5633262 0.9907475 6.387943
4.6652565 1.2717843 2.2260695 0.78277993 1.6238365 6.023232 5.762786 1.3101988 3.3557358 1.3027346 3.4314733 1.6518908 3.1193485 1.5396312 0.9613162 6.4723682
4.491171 1.0120106 2.1361523 0.795964 1.7551236 6.372741 6.0542955 1.0312228 3.5039372 1.3009671 3.694835 1.8420014 3.0493379 1.5444428 0.9498441 6.8653936
3.8131852 0.07452345 1.7450067 0.89500535 2.235528 7.857497 7.403886 0.08493185 4.1067696 1.3092926 4.514226 2.6668465 2.8072557 1.5764017 0.9230945 8.545884
3.7058258 0.0019812584 1.7175269 0.86289 2.3027654 8.02482 7.335606 0.0012493134 4.109828 1.2836719 4.826814 2.724396 2.70627 1.5528663 0.8946758 8.676243
4.3874474 0.99122477 2.1434467 0.7168369 1.8215036 6.475594 5.737715 0.98354554 3.43541 1.2504901 4.2113366 1.8366354 2.892341 1.4946722 0.8984047 6.857835
3.7291274 -0.082726 1.6780751 0.94021046 2.2666535 8.043392 7.7067842 -0.07004261 4.2058034 1.3258784 4.4091406 2.7957463 2.811224 1.5983326 0.93678576 8.849152
3.4547772 -0.4247861 1.5306156 0.95567524 2.4916968 8.618797 8.125404 -0.40942526 4.4195995 1.3190206 4.883547 3.0890749 2.694624 1.597513 0.9145956 9.433832
3.4105103 -0.48488188 1.5171716 0.95098495 2.5974507 8.6565275 8.087735 -0.47710657 4.39256 1.3157103 4.849674 3.0811975 2.6597748 1.5923624 0.91508186 9.4320345
2.1605744 -0.7493744 1.4138284 0.74247265 1.9555502 11.0916815 5.2288756 -1.0664358 3.001042 0.85424984 5.4414454 3.0980124 1.4645549 1.0582881 0.74049556 9.129235
2.01932 -0.6805773 1.4434409 0.69987035 1.6981521 11.259101 4.4039345 -1.0108552 2.6045527 0.77123094 5.3006687 2.9193318 1.2931838 0.960091 0.71798015 8.844249
2.0032573 -0.7022133 1.4334425 0.696066 1.7166648 11.238202 4.4183125 -1.035768 2.625 0.77378774 5.3914127 2.9242601 1.2873267 0.9664103 0.71237206 8.924853
0
0
0
0
0
0
0
0
0
0
0
0
0
0
0
0
0
0
0
0
0
0
0
0
0
0
0
0
0
0
0
0
0
0
0
0
0
0
0
2
2
2
2
2
2
2
2
2
2
2
2
2
2
2
2
2
2
2
2
2
2
2
2
2
2
2
2
2
2
2
2
2
2
2
2
2
2
2
2
2
2
2
2
2
2
2
2
2
2
2
2
2
2
2
5
5
5
5
5
5
5
5
5
5
5
5
5
5
5
5
5
5
5
5
5
5
5
5
5
5
5
5
5
5
10
10
10
10
10
10
10
