128
1.8985096759289366 1.8404687884590105 3.7220424500534643 -1 -3.1 -0.8200000000000001 0.0 0.0 -3.71 -1.6099999999999999 0.0 0.0 0.07000000000000028 -3.27 0.0 0.0 -0.54 -4.0600000000000005 0.0 0.0 2.4400000000000004 -5.1 0.0 0.0 1.83 -5.89 0.0 0.0
1.9932679661289598 1.7480157411145238 3.7056545088153086 -1 -3.1079009086157265 -0.7870242854118108 0.004626718565444219 0.01347906212704196 -3.6509204295972486 -1.6565168961637569 0.03179878532927271 -0.02067773313303986 0.06862927409466124 -3.271034396621353 -0.003773207001036294 -0.004585823317126063 -0.5398098030412446 -4.062629590334032 0.0030491622074786257 0.0038411213510521165 2.4297309148170276 -5.073411988920276 -0.009306048013940419 0.00780573931311929 1.7824539898069718 -5.871388160335273 -0.020707801782899108 0.017126610552983833
2.2260003055956785 1.8559192635869481 3.645601260023348 -1 -3.0984157481986703 -0.7028773379141555 0.0032457729825241585 0.011037276314933266 -3.507640083383158 -1.668883421278171 0.02396728530537337 0.015603420628566015 0.06402281809284638 -3.2522252414733197 -0.004444519187086801 0.004592840035844698 -0.5636170433807282 -4.062571982813263 -0.006539962054515424 0.0046851724004464326 2.3854274129377693 -4.969678656206554 -0.01574364533354258 0.02516738819976006 1.6366631517646741 -5.7601548835882515 -0.02355943218294956 0.0334140962218222
2.400736496587367 2.049903691772586 3.552832999995014 -1 -3.071704639813598 -0.6582549804757346 0.006245201863603655 -0.0002047820857246658 -3.478474174504443 -1.5759877325498088 -0.0029611778431748448 0.018542619192777818 0.03881206378536284 -3.189143939214951 -0.010409802667701785 0.015022566480353869 -0.626905113320567 -4.036254543839418 -0.013846268415080427 0.011805340449717983 2.3064900426390915 -4.7948410317605035 -0.02014550574097401 0.03483023723837519 1.5458683136283646 -5.602420954298602 -0.012436771875578487 0.03408176553725442
2.4028622176210575 2.039778461741372 3.478422509490737 -1 -3.04171969868635 -0.6441402680427091 0.005539549560363491 0.0025966779515964895 -3.5401934584609887 -1.5187098605375566 -0.01032352635261652 0.005916084461563055 -0.031164836923821326 -3.089640355606266 -0.019162778776456613 0.02174993362334265 -0.7150644525957257 -3.957034967393352 -0.020046102536662412 0.022032094109890404 2.213340164603875 -4.621184837381371 -0.021122634203897588 0.02476601299426738 1.450400136831294 -5.447370964039582 -0.023548117299078034 0.03266419243563691
2.3835866959028182 2.006539443339682 3.4742080947674223 -1 -3.041706192911166 -0.5875988770398448 0.0007686953461463562 0.0168518807233798 -3.5820037140266145 -1.4981206267468326 0.002651133117850818 -0.00037246135255440856 -0.1391068101787507 -2.963495134452355 -0.03763987752724536 0.04257556351120588 -0.8354673773456804 -3.832195048132201 -0.042204477602761754 0.03760349589154373 2.1145339005056183 -4.525801530981907 -0.002239426091537223 0.001600786117609553 1.294226796165181 -5.298485195570833 -0.021758485216189817 0.005117922255143988
2.4166843899728745 2.0508100295779896 3.5177558513198806 -1 -3.0711417479329493 -0.46202407602868534 -0.0229771244942249 0.03510829103766965 -3.570443331144807 -1.4800521510860545 -0.014215370783968772 0.015644455797829734 -0.24725386834078922 -2.812357441197668 -0.0346196231394653 0.04374556009054006 -0.9438154987795189 -3.691986349447803 -0.0281054766795435 0.04063082254703118 1.9999068803127935 -4.474700107566157 -0.01020380377518569 -0.005558361233699937 1.1375367018682567 -5.1731942593893825 -0.011183700091771161 0.0023120744158676
2.427449730506952 2.062005288833474 3.5462554553970294 -1 -3.089302015441204 -0.32149503595376827 -9.920675419910173e-05 0.03139266239348589 -3.5562337435639133 -1.4318899182062992 -0.005056330477115838 0.010241188038857084 -0.3109306209828926 -2.640302173980225 0.011250627376393511 0.020642890918215313 -0.9839136167182745 -3.5481385156185645 0.014711604080903936 0.017626296431323914 1.892938992961204 -4.403988490095378 -0.0351208414934473 0.02073820294937834 1.0275199203993166 -5.077269544362222 -0.02333903716684016 0.03629520304974211
2.4157236872843955 2.0591750537057285 3.5599527241582702 -1 -3.07501653136399 -0.22604580937297314 -0.008028128222937797 0.019770858454640078 -3.5458157385941798 -1.3615640020373427 -0.012147048389842248 0.01937743328430713 -0.30317379037554915 -2.4845044479019034 -0.0009658441824969555 0.030688237392461185 -0.9847968559437943 -3.401514078907178 -0.00601741007574054 0.036043041702638445 1.819287653115646 -4.342444174682434 -0.025603490780662323 -0.0013358568348348157 0.9403095961192705 -5.003683153609127 -0.008020487197772458 0.023099098952078963
2.443285472116794 2.0815513549944917 3.575244561558791 -1 -3.0682237987479124 -0.16462977226768638 0.009752024269734753 0.007750003267080035 -3.5118692913376424 -1.3017978414565219 0.02408117811855873 0.005155469682106973 -0.24211754928029627 -2.382601102794097 0.0003459766759367003 0.030484867370980627 -0.976030251593833 -3.273979426494486 -0.013865713473101011 0.033258727310003344 1.7765183727752776 -4.316251605746899 -0.020956574882479945 0.017944515169201404 0.8517815064559748 -4.937431209648102 -0.02764847908779306 0.03592968019666494
2.484907075572341 2.108739745042087 3.5922536448729203 -1 -3.105684761158244 -0.1093687625089067 -0.00137115765486227 0.007332559673740304 -3.446252129038477 -1.2590974823090733 0.027718501061609002 0.004238727967159263 -0.17315402050746265 -2.3124557622834176 0.003999191759218026 0.023051979222059663 -0.942152006967123 -3.182265456392202 0.000307680044432667 0.02383409875562017 1.7632889559376954 -4.326950560370846 -0.00015938532520635637 -0.01917429844551706 0.795194550323088 -4.890013086760421 0.005062172424213744 -0.001765931175340442
2.5491657433853696 2.1621366179348196 3.5993817077903447 -1 -3.1568019044956603 -0.06205837858378338 -0.00022667080239047177 0.0012156914323680724 -3.3761369399559173 -1.2207567014346843 0.02476756597516804 0.010191880609330035 -0.10075414114961401 -2.244431253807243 0.00579287325350869 0.023760879853943314 -0.8675738548650522 -3.1033721723455026 0.006848145372122941 0.026993604702212244 1.7772792574839205 -4.354217584814204 0.012464096937270349 -0.022203902643557823 0.7845278383637195 -4.863497331708847 0.010427390444116988 -0.014401048685421759
2.6314983210756444 2.2429428238212905 3.571458419123581 -1 -3.1818004807692883 -0.02441906152671547 0.006984543339344089 0.0048282432538383595 -3.3345350634941067 -1.1734277620813076 0.018037099922220363 0.009018032890905643 -0.005771312038093335 -2.1722580745538203 0.012092165816813757 0.020879327383285278 -0.7796395954006021 -2.9975618436780693 0.01048234514028389 0.03341398122279166 1.8128649695940782 -4.4037855589200685 0.0007292957823403314 0.007215798730485377 0.8017426055629135 -4.857586377095783 -0.0066016471489563034 0.02375731962500006
2.7157168293376466 2.3161425574758123 3.5196704488492214 -1 -3.1886673981543154 0.005130746110690865 0.004850826338954206 -0.010720967304452456 -3.310354478310237 -1.1238283340507524 0.017087980302064185 0.018638656371454822 0.11592224362604941 -2.1108979175102505 0.0467422892429064 -0.001077846311533441 -0.6840925851705975 -2.877403320509315 0.03249072367012243 0.0008176992319500996 1.845588902362178 -4.47303968246752 -0.01534262753969851 -0.023869638462509266 0.8164258527853097 -4.845756886079071 0.01663505748668897 0.00857919467382803
2.789191936755279 2.3784352097736625 3.4805425424288003 -1 -3.2018154482606453 0.025747286710118944 0.004500215018557309 -0.0003890587702973392 -3.274967221128243 -1.0846492651003536 0.020010674785872457 0.007626772617078896 0.2291923679821526 -2.0444936291018454 0.01016017561648634 0.020955907678531255 -0.58924249001298 -2.7690436877642766 0.012888569691200003 0.029980917588195252 1.8591370438123116 -4.539559452095 -0.007029692824215341 0.007745457666474598 0.8133863032018347 -4.832734103760669 -0.006446361310269894 0.026224130713792527
2.842592854893476 2.431107060335554 3.44892644545066 -1 -3.2240000662739208 0.034698927302801996 0.0013063074456277973 0.0020388925844697387 -3.2367904335133746 -1.0620954171717512 0.012682932292566082 0.001236408319399274 0.31831063732806886 -1.9710359262044495 0.004019459398608832 0.02298460516518072 -0.49298261912364616 -2.69150570620085 0.01024856022544137 0.02592667066793792 1.8517709223136345 -4.57651726900216 0.002741211845799941 0.010270717925501913 0.7987932888437541 -4.822359960533909 -0.012670353607603397 0.0150177723217022
2.8657325983437136 2.4597250538326083 3.4115549306034123 -1 -3.23198095524611 0.027750405421360202 -0.008038146254746786 -0.003990260538871319 -3.2167828582114435 -1.057856689193207 -0.009714394086243593 -0.00010818532160688284 0.3860371532437199 -1.903472547027101 -0.0042780911918204115 0.02413040908877748 -0.4098664598855404 -2.6283085584059616 0.0013147115951662252 0.031760289525605424 1.8322169453448955 -4.58608099904381 0.0002982659377078062 -0.019223568116390727 0.7764764589297561 -4.797251611159849 -0.00306596721999061 -0.01473306648035497
2.8878001459230034 2.4699248699309857 3.3735216139400266 -1 -3.2197327848434543 0.013089174698221129 0.004197641268538594 -0.014790277370316064 -3.2186069104214665 -1.0646010492562268 0.000382748087246176 0.00671165043370279 0.4384113139106356 -1.8455410983476406 -0.0015829669616443907 0.01582924910636255 -0.36271467642036637 -2.5596885090502193 -0.00015986682963817223 0.025134462495434676 1.8143830705880095 -4.5819705836305715 -0.004739355212721501 -0.005261808575438258 0.7414550990013842 -4.741668931047883 -0.004255444085707905 0.005686494696677088
2.91350910075571 2.485978774952524 3.3435360917045416 -1 -3.207445444082695 0.0009173641392075105 0.0101047401521569 -0.00598447421994936 -3.2295998237826433 -1.0749819956398992 0.009980691709713402 0.0011651736229740441 0.4691442781640571 -1.7982270413840236 0.013096193005202688 -0.005792381682164372 -0.34472152313557647 -2.502094151301022 0.01702777115566192 -0.005822668670028026 1.790664470003005 -4.556653117741854 0.008053979999778572 0.011074923882269792 0.7057504395417062 -4.664125510216774 -0.01682391460404279 0.015713335225524344
2.9333111776540957 2.5119610992681074 3.3190513498208993 -1 -3.2112065259912486 0.0010321961561685633 0.006376996258932691 0.0016255770643638025 -3.2342796054074574 -1.0840299416628305 0.010893224177837927 -0.0012990151464230316 0.46633516620495463 -1.7395363332645837 -0.016439464539690703 0.004883910618364338 -0.34603123500174693 -2.4650689756975552 0.005440894752080754 0.015811653966246945 1.7695926753008626 -4.508249108959122 -0.011093673781068524 0.0019989047200764457 0.6828384753419376 -4.594859447532144 0.003912562961768628 0.0031461781734725205
2.9505934096998567 2.5343292982904257 3.2948987900349174 -1 -3.2280106044608994 0.015393964847517427 0.007578396981050932 -0.004775910309066539 -3.2364434873854373 -1.0859509290715714 0.013923031969129057 0.007160535329438535 0.43545692465528063 -1.6748389699608017 -0.018351875453917886 -0.002191152359144747 -0.3535155765226774 -2.4401025019433833 0.009922698827994864 0.012704690738270161 1.7546008779010158 -4.446604254543336 0.0003207927748395444 0.020062103568746402 0.6698052427426466 -4.528536266973328 -0.006142202955968835 0.022973130939645977
2.9713967457494106 2.5523616863845766 3.2697243390961717 -1 -3.2416275769442935 0.040159888042371694 -0.010752658852003463 0.009594286527144717 -3.2461310350275454 -1.0787077671777698 -0.014589043743558782 -0.0006776501093036444 0.3998506838554885 -1.624036274478739 0.005332056547098927 -0.0020368241670366627 -0.3724536161539085 -2.410615932207413 0.007132909557070865 -0.0070877353414601045 1.7404663493400756 -4.397616784076233 -0.004101476283778351 0.01950767350992054 0.6508143463944496 -4.4604519334811235 -0.004811032973557375 0.03011702851141909
3.003626349653098 2.5785212946869533 3.2531409766254695 -1 -3.247934891662214 0.07096689767812259 -0.015021377335079557 0.0082158333773946 -3.2596796727127737 -1.061600783034325 -0.019814708884136053 0.002788573729916007 0.3710392144417787 -1.5884036042665348 -0.010380467101248708 0.018000427944078693 -0.40620701656319014 -2.373380013668849 -0.019460910922531046 0.015154953212859335 1.724951663090672 -4.366533771095224 0.009866920781107003 0.015264166427385418 0.6300800661803825 -4.393616955505602 -0.012228530312834858 0.021143837405200136
3.0202263449384965 2.589734619162779 3.248342002554881 -1 -3.2616635699732015 0.10295824284528554 -0.015041743709507992 0.005354033540596253 -3.2632149201396254 -1.0375778876623014 -0.01300892681267879 0.005589525763582554 0.3504159360800667 -1.5587723331387626 -0.01373590318307509 -0.011587970160005269 -0.4320958830888637 -2.338753071829578 0.011385484194251326 0.01366377948777625 1.7134980528646118 -4.322530599421011 -0.03532697344112707 0.011703622257667124 0.6155090295473906 -4.335262376578337 0.02037924850823985 0.015401920412157032
3.017881569936182 2.598042933268311 3.2439557108182417 -1 -3.2831742623834548 0.1315482725944197 0.004189687934511736 0.003453501468858034 -3.243862896721101 -1.0076267133863188 0.01668624424179159 0.008779643772353402 0.3382312820820763 -1.5209195232245807 -0.01174826027286813 0.01478590261398071 -0.44168196630477485 -2.309745806732198 -0.009183427901120849 0.017429888183655 1.7010157173031901 -4.272976080390833 -0.029521640344624976 0.00509730429082328 0.6027387547425818 -4.2926455305670705 0.013439725137189582 0.002055835204464765
3.0139239082336124 2.597476443699412 3.2362563015156853 -1 -3.3093240177459418 0.15782349620276936 -0.009483503664256236 0.007353938706112357 -3.227455933846421 -0.9753576459522533 -0.004162902227882868 0.0038121110785289767 0.3337541122001326 -1.48191299188055 0.005301967221250128 0.015124512164030317 -0.4462907238271834 -2.271952450646274 -0.007322595198584664 0.005501869480771077 1.6762649107909198 -4.235224650134606 -0.010551107074834873 0.027175911778018043 0.576432621177994 -4.259837676162121 -0.003007749674537971 0.0397933259645309
3.0103942037846196 2.590491598494366 3.243895545325301 -1 -3.3241307028702813 0.1821594609397752 -0.017673350359665115 0.0011698200283183713 -3.2203525994775872 -0.9447652930916749 -0.020919360143585412 0.0049678193305579465 0.34168163049619693 -1.4432151191810263 -0.011230615148166336 -0.001649139001013284 -0.45277589395192575 -2.2185639310607765 0.006300123454376626 0.023735142214045227 1.6472215877608987 -4.227470827504529 -0.010350605825567436 -0.01466384288176989 0.5511167462608961 -4.228102918109032 -0.0005947196880120513 -0.011235027306515315
3.0069190833493864 2.5855166226557706 3.2635601553372102 -1 -3.334781661419485 0.20349014630143225 -0.014903082816923468 0.004660808404950457 -3.2194257658634644 -0.91839055490967 -0.01534217178575556 0.0014687938536907098 0.3596857294986986 -1.4017713038934958 0.004332174134803155 -0.0005551631038696117 -0.44913899452035455 -2.154593972884419 0.011695959283060548 0.010774578442748246 1.6215705447243156 -4.216885008825911 -0.024830293724034662 0.004366493423288594 0.5309177582488411 -4.196935502099693 0.008058615895377565 0.005853887474527031
3.0040596157699007 2.5835844780817774 3.2741619815690584 -1 -3.351191384745458 0.21988231809037173 -0.011082597850140263 0.011731388687848517 -3.207671874746169 -0.8945294567208335 -0.003211860749015727 -0.0030197723196312438 0.37694869632236916 -1.3498530243135742 -0.004959653834882524 0.017829209733652113 -0.4351832722780795 -2.0882161919633258 -0.004529052665863759 0.021981927952355748 1.5939914019220867 -4.195935390639837 -0.0030592775139759824 -0.013188755327516042 0.4990968140024874 -4.177257762509631 -0.00968419267367078 -0.01842315644397082
3.004357429359554 2.5837936829236043 3.285458452816943 -1 -3.3741672223483277 0.23246576589651258 -0.017866901819060737 -0.0007548280955161054 -3.190997856515601 -0.8718058278560817 -0.015584897047551026 0.001751783355072733 0.3919052613057019 -1.299465100811533 -0.007956147685771981 0.020260480870070176 -0.4208018867206631 -2.0379452941291207 -0.010470442142939074 0.02278252000134563 1.5593325330813883 -4.177799339976275 0.006331555967951787 0.010128526600363497 0.4674485672381712 -4.154238688742926 -0.015193046531721637 0.014023763982670617
2.9925022673718105 2.566720625245588 3.2985984289006973 -1 -3.3888705582020777 0.24479979513186678 0.0027844899262134855 0.0046585584247274495 -3.1828662551320734 -0.8517088309462727 0.006468911426420168 0.0038176094437738436 0.4022869938668867 -1.2640758039478006 0.011849010161780032 -0.0040177793856154675 -0.415160317965829 -1.9938035009637138 0.010531100593912391 -0.004022847621328974 1.527490091798093 -4.156749365657317 -0.022388318523897513 -0.0062072669069887215 0.43982856788370484 -4.118492058400051 0.006724766545143004 -0.007212895972035434
2.9700091240936275 2.5434351256413654 3.3038401280821112 -1 -3.3942130303188547 0.2576532536351539 -0.010553624239254253 -0.0012226306587748773 -3.1885508747684477 -0.8383689346283603 -0.015471048142601314 0.0002631027656421988 0.4105510941970234 -1.2284829676560927 0.012284722854615938 -0.0018654732783568214 -0.4211290213056911 -1.9446229023151909 0.009257344249002597 -0.004258411045862942 1.5070060803729337 -4.1270716279768855 -0.00951251600527601 0.02422602136489778 0.4170334383376133 -4.079840869867276 0.0007118792310061937 0.03079602280410866
2.9680786685685128 2.5481321828635544 3.301503975708778 -1 -3.3979288681443043 0.2674621641611745 0.004474373763608686 -0.0009212284417677834 -3.1907475638991674 -0.8303826020322772 0.007506487325643783 0.005842420662757374 0.40847154153252774 -1.1870382449934327 -0.010055825089593944 0.022738077711097867 -0.4239068568923203 -1.8974983900437081 -0.015082254778865609 0.02130900961980987 1.4835025078937267 -4.100452766853123 0.00527286704296754 0.0072023318816448936 0.38889771283111685 -4.044995034307126 -0.012087571438776914 0.009395680838089497
2.9693660950514653 2.5463058208983083 3.301577606072535 -1 -3.412854623834061 0.27653097150578754 -0.010070914692143648 0.00656197584779422 -3.1843930889541854 -0.8189917210349565 -0.004536099545950338 -0.002588235241316304 0.40222493900646494 -1.1510988355232115 0.002773433206366742 0.0145118514018839 -0.4246877230299324 -1.8744070471992962 -0.008396623915601146 0.0024703965704533926 1.4658265690735854 -4.0674892693992 0.010313940417193204 -0.0002677930084758369 0.3658128512665533 -4.004706132365419 -0.013611050316663301 -0.00018606864740412093
2.9685452977077076 2.54969151052463 3.298136370353314 -1 -3.4322711362076683 0.28975595998014425 -0.010946399244525435 0.012326799092869888 -3.1796573601218987 -0.8039672273874526 -0.0055841593443027825 -0.0057953356533975205 0.3896891493236909 -1.1194831510312586 -0.015589630734834065 -0.00995594337306502 -0.43402709062562916 -1.8483067440446996 0.012191528509702088 0.012950276517624596 1.4464753188590045 -4.03710523066777 -0.030169493928096012 0.014168616060196641 0.3545046825147109 -3.9665706903591387 0.01710699581872339 0.016580790588262066
2.9807097222074868 2.565066599493751 3.2886554016829974 -1 -3.44408974414546 0.3069431108923062 -0.009023336239497737 0.010844597329296045 -3.1853309899311375 -0.7898328548722926 -0.008163606771534014 -0.005363351025214761 0.38416411403386697 -1.0862473845046747 0.00668810406393079 0.007683269554328447 -0.4427604449411451 -1.8169641305794169 -0.0012467250753639865 -0.00023670417004989855 1.4316271089715702 -4.012994983604273 -0.007772692598144034 -0.008922825989978976 0.34423079473482776 -3.9293830779439127 -0.00010897913290243855 -0.010497722547290693
2.996845519413109 2.5778280996512084 3.2820780607297673 -1 -3.4491382156300414 0.3215330979005697 0.006599832007794251 0.0020173141343183447 -3.193197825339406 -0.7794542131202349 0.008992039638417644 0.005663075955869498 0.37924083312541423 -1.0551366956367654 0.0044073690711868355 -0.00224008393993993 -0.4454712519234656 -1.785471634010488 0.008398829926195542 -0.0028209523509215052 1.4219121070692342 -3.989081194234452 0.0007647022575598232 0.02123365152006846 0.33885673129033833 -3.8910427167083923 0.0007857123813827414 0.02864867410743065
3.0066248912022924 2.5851821583654924 3.2769150329804653 -1 -3.4605005957027517 0.32932110234159073 -0.01262610132715545 0.0014243343752909383 -3.1913177765690612 -0.7690593816884936 -0.010177034788178739 -0.002386807822349948 0.3726592927438377 -1.0251442764596208 0.010951172315170886 -0.0012365036971781203 -0.4470862565672791 -1.7597297048672456 0.008202844488005864 -0.009620760528139045 1.4184512399356342 -3.965248604424732 0.012017188348410758 -3.3476416253907376e-06 0.3330554196580042 -3.8576272094299733 -0.010644564865810936 0.0020778826622628345
3.016964208597664 2.5943623877190944 3.272205108142268 -1 -3.4765978767852634 0.33393155847197287 0.0004318710107954855 -0.008219853117636105 -3.182540060204429 -0.7556872747088123 0.0009935868315770757 0.009636867484164733 0.36931218229634677 -0.9978233509240416 -0.004915313413674164 0.00723022035302984 -0.4469988252405681 -1.737169618396271 -0.002828706384344036 0.01055505344365226 1.408675732194144 -3.9442050998496434 0.001621222334535117 -0.008025296533376861 0.3194457882274584 -3.8280962669421688 -0.009647199607888554 -0.008878789754320325
3.021178099899065 2.599491433236543 3.264979176437184 -1 -3.4846674933514072 0.3411990282809829 0.004823086220639785 0.0005611600056762908 -3.178250136167904 -0.7422945651668542 0.005884544074696886 0.005816989444987857 0.3761955392745193 -0.9778769785618132 0.005529539330165749 -0.007670826095262678 -0.44402733265371186 -1.7121219948569442 0.012381760770926682 -0.00213102517622292 1.4002165982881074 -3.920473931276955 0.004833159560462916 0.02085500848014248 0.31015651939603295 -3.792269039180352 -0.00018110869669841177 0.027526440610939867
3.0233077872172456 2.6049001768820093 3.215507487161849 -1 -3.490418006602071 0.4690891146303302 0.011711437957977836 0.0193472721076651 -3.229848554320226 -0.571954171622325 0.0027942929872550246 0.07163816289794597 0.47502500508884893 -1.0429374284834614 0.03310410067252545 -0.03774085147766654 -0.17718972298726587 -1.7293991289123118 0.08124965856175528 0.003233120201518478 1.4230296635539768 -3.9392791909878717 -0.0016726072172292966 0.027678712519428984 0.3077989046598244 -3.8190879698054743 0.02772354069725186 0.022342306587386947
3.0770626376928565 2.6776013894521737 3.0094005139459936 -1 -3.583430881560881 0.5558463830545639 -0.0335973315548496 0.014752692611094322 -3.2292008385785618 -0.25814726636848495 0.0030683999867582626 0.051101763641270496 0.7799601985779923 -1.1460174588489707 0.04528624253849467 -0.030878046495911485 0.10729899285819666 -1.7054329083468138 0.06485288490289177 0.017303075165453183 1.478040169548965 -4.076271120583813 0.0096993009017995 -0.03011832902829024 0.3716587972960568 -3.9188890432798416 0.015989923454266274 0.007825314815867394
3.1149693142265393 2.7104432315929072 2.778881536685906 1 -3.6572162757299047 0.5860207042871877 0.016899671723968016 -0.010774933320236716 -3.2384584977665742 -0.053037828313932334 -0.009341431101343356 0.03537783152163669 1.0464630302634843 -1.219239321935871 0.03679230542991474 -0.0014486635950581542 0.37897821158278244 -1.7136082560043917 0.045839893935580994 0.006630542602030061 1.4926080962307395 -4.328031619296412 -0.007220694576423416 -0.023059031927582574 0.4481181532885845 -3.949857022484865 0.03706532345021027 0.01534831262064855
2.9722741642224992 2.8519130357348064 2.6448268284335246 1 -3.563935507371194 0.6142633772507007 0.04037466214584727 -0.022015922281457632 -3.2478610910468326 -0.045639210228870186 -0.0015280759610181386 0.005981614016922626 1.220794285522663 -1.2592763566820386 0.0029611665435240186 -0.02334696823543781 0.5945287475499565 -1.7454323622303793 0.05010519001301096 0.004660463690903359 1.5077482009324266 -4.528484301656423 0.0019474559411001256 -0.0357457898029494 0.5425460715620236 -4.024939397577645 0.017313052766854478 -0.031241989686450877
2.843183338838876 3.0247283012030675 2.5751489297737318 1 -3.451590805809251 0.5497679614605273 0.02948633612741889 -0.04441078675294578 -3.1900664865761414 -0.1323574337360679 0.00995001221242862 -0.004061900438409913 1.3162765844356903 -1.307402763173963 -0.012294272931049968 -0.026301133824121102 0.7007370847886074 -1.7866655666618043 0.03022118968593686 -5.022957882697826e-05 1.579678345540101 -4.634884126986444 0.010782806732001502 -0.018864767776626223 0.636410157355507 -4.140203385884718 0.015939078748641502 -0.02853977690669821
2.784425436174646 3.0807710327485966 2.5431980834957932 1 -3.393024116364134 0.4101635462145521 0.022310922139094705 -0.049149108191293284 -3.109283636412168 -0.26535901690058017 0.009510791605393698 -0.010973373480054387 1.3536422570880973 -1.3666499314741722 -0.019857838012254596 -0.026884634266794005 0.7279641225784728 -1.8510160744492818 0.020130284963786306 -0.0029356611885895875 1.6492339273583738 -4.68560647821071 -0.00256152000839922 -0.020003058530187915 0.7051821241563472 -4.19251059799313 -0.0006928581226936046 -0.024283301413451294
2.746969970089338 3.0989074083775856 2.533178012023307 1 -3.325943714306101 0.28820223260830335 0.027119130463477734 -0.04071575401635777 -3.0603991404982716 -0.4168441087588909 0.000260297241434327 -0.009672998744480833 1.3742543993077438 -1.4197566158385202 -0.01982673412727704 -0.0220173594337736 0.7227759746170195 -1.9031185779098234 0.016736386619266255 0.003743544665427031 1.6724339003942585 -4.6965510886639485 -0.015630431987788983 0.009322596964291916 0.7356906484675587 -4.156800762049587 0.017523174505140696 0.008335127006597477
2.7241427055978953 3.141495174857067 2.513863251033941 1 -3.246796269354301 0.2047652690873063 0.021662959525950633 -0.034216154704939106 -3.058652666888034 -0.5411549263264336 -0.003337538769963513 -0.0013629709362812381 1.39468640418713 -1.4395130512895722 -0.018648087862927924 -0.014054051837784255 0.7263398662655813 -1.9248498490409995 0.020826485533575228 0.007055455419628723 1.681331479296177 -4.686769169429169 -0.005879779686485797 -0.014025070705006151 0.751279170275402 -4.121740132546403 -0.011885299802817445 -0.02135257693780333
2.7464490850302647 3.1064665155984343 2.465565660635814 1 -3.216512990873719 0.14267786821944384 0.008419813110419797 -0.030512464257480484 -3.053687007064635 -0.6219601531318864 0.0008365662109253726 0.006062048741768564 1.4176350347755644 -1.4256622550514066 -0.012613713476438568 -0.0018353030493194963 0.7652735507027337 -1.9415751156699992 0.018930851220858216 0.008986692862863738 1.7213996878035518 -4.656518509201829 0.024546229990902457 -0.005403829248601853 0.7638981098936659 -4.12019425101683 -0.00894681329575552 0.003763228461572058
2.7816780987261702 3.0744655875156894 2.401360730965412 1 -3.221752222329612 0.10177125743480109 0.007405570744864715 -0.024537108397049312 -3.046213212041577 -0.6764911457237583 -0.001621236735978869 0.009553198885712145 1.450704610271771 -1.4024369074822323 -0.013442696860101456 -0.011902087130552033 0.8212293102704935 -1.9452211614389023 0.02610625657362307 0.012782700813956263 1.7458405947001916 -4.642928080772133 0.004624960574278157 0.022237437253995348 0.7912815428228352 -4.114655270286254 0.020734232585234373 0.02553623194319658
2.770839052398835 3.082482215745104 2.3503054019644463 1 -3.206614820944904 0.08904211034467324 0.012020660026187593 -0.019844904096964936 -3.0624551967770652 -0.7088647460672061 -0.004317538991895608 0.01478048108220193 1.4954250919646537 -1.3838004381350932 -0.012555409261181 -0.01226437673864932 0.8702973066665844 -1.9295858865466706 0.02485549456001296 0.013390407773261837 1.7373435356387512 -4.638351075794163 -0.005743303381277537 -0.013579660994503358 0.7989500950600705 -4.085632509408562 -0.009458722768251389 -0.0069984355668586615
2.7449631352852855 3.1022525463543063 2.3098925485350836 1 -3.188126178882346 0.0877640294557176 0.008159998063215226 -0.020042511776518848 -3.0722938006589517 -0.7131106248417279 0.0011266796366535907 0.0194971978736879 1.536358247945131 -1.3639615580834181 -0.013769857410019251 -0.0139233622375693 0.9184986273514415 -1.9225073986179573 0.02480420719140987 0.012029753403058504 1.7450929923748246 -4.639634147989611 -0.0001800422037941279 0.001947590161227055 0.8206271424536933 -4.066152570769676 0.011186346727013682 -0.002909665034009839
2.73425813583765 3.1075863223702944 2.2723425342647467 1 -3.1887252931463643 0.08172796021480888 0.005977575045709998 -0.021222425596708488 -3.0620082040899175 -0.7070170232050919 0.002010689452455111 0.01895840886758168 1.5745748823005679 -1.3574628706635725 -0.013597859758286271 -0.018298126966308455 0.9677530956234826 -1.9264683693141613 0.02370826144698706 0.009168387472970337 1.798471647588519 -4.650158113125574 0.005736445807871162 0.002063197189466635 0.8618658759070268 -4.080947721379093 0.013434413090241442 -0.006211364547193369
2.7268128058791916 3.11861899409618 2.2363267550453387 1 -3.1789952617177946 0.07397361823486759 0.009999213179936422 -0.021593880415529544 -3.0610986301757253 -0.7100532975510039 -0.0007296616860516756 0.017056971274993723 1.6116680645623696 -1.3710444200602037 -0.014433425127642126 -0.021402895453810654 1.0028405181695632 -1.937547390819017 0.02016153680940948 0.008893830102441871 1.853036493680161 -4.659525979155978 0.0018138400613191968 0.00265436486489178 0.9072357146858421 -4.090993364489207 0.011861873045887702 -0.002525949899345112
2.7096318589141903 3.1360961754322068 2.207279722818238 1 -3.1595390522880953 0.06251241644301486 0.008668130216473075 -0.023298635051930396 -3.065214228965738 -0.7192533251391307 0.0009000700709630821 0.01657881774480496 1.6386826573942272 -1.3872099497398465 -0.017238428191848707 -0.019943868481679464 1.0251436724125327 -1.9493055498536616 0.0191167299831745 0.008989903396498024 1.882829434580966 -4.666903737172953 -0.0017399881615151411 0.0031666706081549803 0.9446294926674028 -4.081494040949911 0.010637546598890543 -0.00044592776424591356
2.690380684882905 3.1323701650408604 2.180086573038584 1 -3.1551363027602415 0.042875483482240684 0.005519180474041506 -0.024610833011352917 -3.0572756134291814 -0.7328870431247694 0.002656032917213601 0.015494167920226676 1.6532225412047925 -1.3929047056975974 -0.01895957969834877 -0.01826320684929287 1.0481707427627347 -1.9616287088576412 0.019440846587887216 0.009212643585560393 1.9098966314203913 -4.676313127698312 0.00022846970976432568 0.0024793451414276404 0.9838060003097375 -4.075429619097989 0.01411939811291213 -0.0021273493566517435
2.6752095140699406 3.1138430913438824 2.1487244790805953 1 -3.1538314820357627 0.02214027083046699 0.00710315070841459 -0.023832100256761322 -3.052316287473783 -0.7533356940354257 0.00032249214487576076 0.014702556669838284 1.6635068367802326 -1.3944921611997467 -0.019093963310793764 -0.018504716801279242 1.0686325455246921 -1.9704798841989293 0.018266326672363307 0.010540337173576959 1.9532109464671539 -4.687166619111441 0.002974129216207764 0.002639885770432276 1.0304478919347622 -4.088122241140433 0.013271426737337548 -0.006665548493682329
2.6651369477829703 3.101097087297093 2.1220765119079146 1 -3.143736323417335 0.007408755649904064 0.0076168098385324375 -0.02258111259527505 -3.0579316189982 -0.772694126396059 -0.00031229252971113394 0.01592920947570594 1.6715701119497908 -1.3947286385807272 -0.01961695817920779 -0.018027458884735833 1.083217435297927 -1.9757150548758822 0.01729803833365314 0.011188531930309432 2.0015069108367314 -4.690366305998497 0.0022799913092501206 0.005087041043863138 1.0732470760738808 -4.102572424180014 0.010794957295846331 -0.004380841910810838
2.6608433875547024 3.0973336565584915 2.108941021956708 1 -3.1393069106258134 -0.0031189399484379265 0.005326430263080492 -0.022013989189123395 -3.058894286404542 -0.7845624155560439 0.0015110201518081195 0.017247477325648804 1.675585156654913 -1.3902068395388434 -0.020093725354255625 -0.01743542736044177 1.0933916540928008 -1.9789634726018535 0.016124268509530172 0.01193405901536563 2.037562480400662 -4.68535272767832 -0.00029224034253428656 0.006556199357851303 1.1074784366633974 -4.10104610799449 0.010658562603439212 -0.00021027258470982923
2.660843572688427 3.0985887247149893 2.0998808661742694 1 -3.1407934214922992 -0.011070900213346335 0.005463356423658382 -0.021280666706690272 -3.056893278521973 -0.7931620365135279 0.0008320302585799182 0.017358171737419235 1.6771936188219208 -1.3849139194439757 -0.020288444351118755 -0.01782825924712916 1.098241611848965 -1.9786424706596752 0.015055240722818827 0.012459688536892794 2.0680435020771304 -4.674583366802166 -0.00048782039856105214 0.006854165526145912 1.1359761285099994 -4.093964362580766 0.010396888213050865 -0.001026420984759158
2.6673780484060243 3.1063317915886763 2.0839112754773335 1 -3.1366718227987134 -0.015016845996824735 0.006381468661099049 -0.020555564506805298 -3.0619014737170738 -0.8009433098488974 -0.00011442732880208176 0.01762679796401029 1.676329535744336 -1.3799580844207227 -0.020590070505575597 -0.01770183204839228 1.1014976710926065 -1.9782113001299502 0.015341760955640207 0.012217946280721197 2.104414907039433 -4.659442305150936 0.0008853739773497828 0.007089850849122754 1.1636397120338398 -4.094502136135948 0.008894707728906173 -0.002922710712132336
2.6799430902466774 3.122227608097325 2.0660876269705377 1 -3.1332800089725055 -0.017445696399064237 0.005054508144593529 -0.02064174109932985 -3.065798038055529 -0.8061936545694618 0.0012552579828293319 0.0180173070115758 1.6740768879746648 -1.3722065131300787 -0.020127643261001645 -0.01724517771158806 1.1085234136175197 -1.9797962880921212 0.01568626815938444 0.012577873597475298 2.1422051719715247 -4.644037159855913 0.00013224537978577013 0.007546836674149609 1.1905613869965386 -4.094290059694105 0.009672129874758444 -0.003773415152406128
2.691180041914128 3.1342126289806465 2.052002265948028 1 -3.1350639156704183 -0.02150877385608141 0.004840358936756199 -0.020921161613370185 -3.0644941151783307 -0.8108641937206624 0.0017240596345316434 0.017854732824248515 1.675757067077038 -1.3635283123748252 -0.018919062233345375 -0.018654221497023293 1.1160736176830355 -1.9751831677256577 0.016595702609836192 0.012689954793150285 2.175451692322296 -4.626771364416811 -0.0027903379384526094 0.015817691950221067 1.216717770042484 -4.091965406470534 0.016425812994651567 0.005596003073547285
2.6985819284750914 3.129629701348514 2.0324905665444275 1 -3.133755996950587 -0.025476072290356866 0.005658432093635139 -0.020659386656791918 -3.066028055207912 -0.8165046533696557 0.0008169326638473424 0.017788122925450497 1.680995648100402 -1.3579885323327152 -0.017888540005069502 -0.017407367443885498 1.1195901105383221 -1.9710870048661742 0.013754580952354989 0.013263458867379507 2.1995024043116223 -4.608484899460996 0.0006646305091148972 -0.00594351638466975 1.2487779823421912 -4.092736480769274 -0.0024696079334881327 -0.011114024653457958
2.7052702259031545 3.1389354633715647 2.0136306981580807 1 -3.130156277348566 -0.02887790022639858 0.005334651613341799 -0.020610615610284537 -3.067973219401333 -0.820397357361147 0.0015384959183888363 0.018187708896885126 1.6833522319020595 -1.347409275138663 -0.004579224600947937 0.010745322258972661 1.1265560661093188 -1.9712473307807779 -0.008838681528593708 0.010395403297448959 2.226921492646257 -4.591151372229837 0.0014636308762234432 -0.004595646005672579 1.2683420892168504 -4.088433222190561 0.003021634979703581 -0.011082679706662973
2.710759678683643 3.1301689105763253 2.002948464308309 1 -3.129821233825318 -0.032794497167448866 0.004756217741167292 -0.02081689623696407 -3.066300711424366 -0.8230686919581178 0.00196053699573032 0.018328607495975577 1.6847565512913194 -1.3369965667927135 -0.016194405314701753 -0.012756167826896328 1.1367497117436516 -1.9661721817417703 0.009782221483535731 0.01657365629563412 2.2676268376223305 -4.578703029248015 0.016118512809245075 0.009099663910100583 1.2959533011616537 -4.094976940584909 0.011862499569910145 0.013045263821932072
2.7058633737010402 3.120301892748285 1.9987282835205726 1 -3.1296434712126575 -0.03603444663324318 0.005167143833522417 -0.020453669680112863 -3.0661721747887696 -0.8266907349980249 0.0012869136692219697 0.01808863067178691 1.6905600167562485 -1.3375921238504394 -0.016116794876158094 -0.01780972996726725 1.1503735633067524 -1.965766290604947 0.011481006274697152 0.012315262819539137 2.3046470074007672 -4.577393629088279 0.005613966549532315 0.013635536436913264 1.32766755532161 -4.094822804593294 0.02108708704128846 0.020374334017439773
2.7056973413878627 3.1234279300007595 1.9810108116387226 1 -3.1265866798863686 -0.03894265601525726 0.005618719059990891 -0.020669199266733995 -3.06735254565651 -0.8293123201494328 0.0017179507778844285 0.01856304993522751 1.6998876248417574 -1.339136537626418 -0.006635300179026575 0.0073913690376612926 1.145893458790023 -1.9672298712383922 -0.010804561260859543 0.014884689717624036 2.336873769899702 -4.5753567259555945 -0.007731296098944941 -0.0184344699247629 1.3580881507131801 -4.0910794188226065 -0.003422097285164968 -0.032717742921935064
2.720517663420972 3.113028714111719 1.9717288064031495 1 -3.1242706577448662 -0.042519687272420836 0.004912876024936889 -0.02069749529970726 -3.066469230936346 -0.8310565672305431 0.0019399226656237347 0.01845626931122506 1.6986456930700315 -1.3314931088752116 -0.018499646488712145 -0.015226365699517557 1.1638123503605318 -1.9645975075315505 0.016023085577683817 0.013191104226772766 2.3768779090217356 -4.556867413715986 -0.013905440323380543 0.003949498685859188 1.3954947475952935 -4.09408881589741 0.012043700236682798 -0.01633705659297939
2.7313315442362325 3.0994290089700267 1.9622759093041875 1 -3.1242989156556256 -0.04591805050858311 0.004776233069938715 -0.02068727555592957 -3.0653897705027378 -0.833955330459354 0.0017242076242390647 0.01826875662985125 1.701547042547193 -1.3221716959303726 -0.01739237303238441 -0.01970126907289439 1.1788720471178387 -1.9659811288384375 0.015092141021634923 0.013184675509327717 2.4122111303421487 -4.55064306437638 -0.01889859242063066 0.005615434218365889 1.4271005041471359 -4.096114801666618 0.01613427732629839 -0.016146313904342513
2.7235290028838754 3.108654647198807 1.9422969165302875 1 -3.1223879448127674 -0.04916843003121074 0.005345769419782397 -0.020659556309471097 -3.0663568906930703 -0.8375007762222052 0.0013222949867423555 0.018287703257528674 1.7089446012584713 -1.3264020322090575 -0.017056021129217322 -0.021199991943900345 1.1813815454448164 -1.9666397427737485 0.013975202322328406 0.013427160965624348 2.4480433683105796 -4.543201635040795 -0.019616539066150518 0.007468787585878687 1.4575136302540033 -4.095629191719716 0.017638024312981913 -0.014254664825647155
2.718376941668825 3.1160910841734872 1.9276991801446062 1 -3.119462047096558 -0.052116549971400805 0.004969610115390317 -0.02066282638294928 -3.0675106411027704 -0.840186559380557 0.0017955780614127177 0.018536424724418542 1.7132029693014452 -1.3259762282071055 -0.018029635993746518 -0.019102309724580425 1.1892210721151093 -1.969104781226313 0.01599921893994136 0.013319043052284745 2.482354658388596 -4.533505736601717 -0.016425082129647446 0.0011397496595911827 1.4896692196551946 -4.0925060510433955 0.010559507669420841 -0.020122502388620133
2.7240610084806063 3.102952448505863 1.9230003286068844 1 -3.11908147375948 -0.05542534848311309 0.004579690412040591 -0.02078810734552724 -3.066277882135533 -0.8425186170371854 0.0020101057954032032 0.01838779288333706 1.7147746484005628 -1.317814141268126 -0.0174240539492992 -0.017857878380576894 1.200980876087515 -1.9706765117862701 0.01340941663948975 0.014684432924682581 2.517553701345009 -4.518333526978605 0.003282423993175983 0.011841561462035521 1.5189081992003013 -4.090065720814859 0.01428040772570259 0.006522998296127527
2.7333132905618656 3.0919368171470882 1.9119641159952592 1 -3.117646033415305 -0.05898481511251552 0.005108735432361241 -0.020723485689850954 -3.0671282257964223 -0.8465366176284793 0.0013270322662379689 0.018015500296251704 1.7177609897525352 -1.3170520948995732 -0.01761322074052603 -0.01862374629322408 1.20815804682546 -1.969605776167045 0.012526047387627344 0.013396352584767223 2.5528869857026555 -4.505893170692747 -0.006574194052035947 -0.014495415070229202 1.5470824064558775 -4.089551892833326 -0.0030578200386077773 -0.03046546429099544
2.734820700985878 3.0869946231781697 1.8933878616780073 1 -3.114871990677571 -0.062192763879103996 0.004795482275502543 -0.02078278935296294 -3.069706051781628 -0.8510351895151014 0.001673344612942507 0.01815204258448773 1.7183498336222094 -1.319737255743464 -0.0177734481766847 -0.020154491371054475 1.2128712321785784 -1.9751415057201012 0.01375859032761123 0.012752781952315783 2.578223722503309 -4.488467533895298 -0.016498904683117883 0.013636369647353196 1.5696174338397029 -4.085241796878281 0.014408203177590598 -0.0023918378908745347
2.7327772385330413 3.085285191154517 1.8829550621919378 1 -3.1143757751186323 -0.06637528557257388 0.004422734102463438 -0.02105768256299075 -3.0691851813353814 -0.8550202949795738 0.002223165668892758 0.018127872956714627 1.7207635168704698 -1.3197206743424847 -0.01663375142437457 -0.01932277112695647 1.2198367091639186 -1.9794004135019043 0.013337975385176528 0.014462837612890554 2.598576306245733 -4.471231835080623 -0.015169803803569285 0.012492706259046811 1.5816726007158213 -4.071279655671239 0.016210102128552527 -0.0025962432559686263
2.74388695428003 3.06740045923218 1.877260986396962 1 -3.1126898339785476 -0.07154804629471001 0.004982801679385331 -0.021114683255683345 -3.069269809506216 -0.8598316448141163 0.0016990785660437077 0.017950941331862848 1.7266698405411187 -1.3147438096370674 -0.0167294503121318 -0.018916086969912316 1.224927059237885 -1.9747623932580773 0.013896019398131426 0.015362772308153458 2.6323729434406937 -4.452925213129973 -0.013504981313429348 0.009972368207689923 1.6068061168322787 -4.0658730864437 0.019705731801153144 -0.004063477163050319
2.7565278234651585 3.0460038149532473 1.8679587257978088 1 -3.1094152037969334 -0.07616072986727385 0.004672430747784477 -0.020815196627385395 -3.0712963537525724 -0.8648773433729048 0.0018158799759485805 0.017884766669958065 1.728459674410944 -1.304725541868368 -0.017755388039780086 -0.01842673551749275 1.2301385896148904 -1.9702362501925224 0.012704773992142955 0.015932922688618584 2.672210649621971 -4.435953245158977 0.012262530680558534 0.02690608818312026 1.6404977227011255 -4.0663312059942065 0.019237563950288587 0.026462803324002238
2.7673943933276655 3.052494905017915 1.8544094589351232 1 -3.109317939204133 -0.0802146252050363 0.0039366189904675285 -0.020832536849792263 -3.0716522889708573 -0.8698198748823667 0.002128774752623783 0.017914738041640354 1.7254013761034601 -1.2914464919475401 -0.018372115765189864 -0.018604400817203805 1.2363198114211542 -1.9628197882858047 0.015702184303368404 0.015619248916295753 2.7028135293675106 -4.426732797957023 0.003278965630168844 -0.0019991414537347436 1.6770888059777525 -4.069188039874589 0.0014031508297971049 -0.006956188139418333
2.766933936568817 3.053317507394899 1.844913362519864 1 -3.110041354591324 -0.08374157213549327 0.004231086511233315 -0.020666653209407283 -3.0726647532842826 -0.8753811510021888 0.0017716260197096051 0.01785434874626642 1.7234387347461144 -1.2808011591086625 -0.015209625768063693 -0.019690762311047414 1.245761022902471 -1.9608518480555053 0.011981468090180393 0.015481525095896571 2.7200955090336816 -4.4110050699842525 -0.016388842764836636 0.009915500098869615 1.694228863286547 -4.061592614737954 0.016615381519216328 -0.003246817464550085
2.7569223206341076 3.0474277681479007 1.8292372022680186 1 -3.1082556250813127 -0.08705098143188827 0.004427760316149363 -0.020429722992045325 -3.0747851489956286 -0.879971611792888 0.001784435484079029 0.017917257042803125 1.7287642354192885 -1.2811334792883922 -0.01687102831155945 -0.021903000402420124 1.2492244179073273 -1.958102740719047 0.014314828307073932 0.015617044633764298 2.744184272930445 -4.3967478030889975 0.005243926837566033 -0.010712565763306134 1.7126083729091848 -4.056754339293049 -0.0018872742467484988 -0.013308975564610626
2.75884106928656 3.04546402865749 1.8218288493047197 1 -3.1065277951590318 -0.09067066705691396 0.004110949516789299 -0.020731053572935462 -3.075134635291547 -0.8831137223491696 0.0023561343348358944 0.01833264441997663 1.73149634596835 -1.2803462885739967 -0.01570544884819278 -0.0215521079755834 1.2579365728094425 -1.9591009461614295 0.01472901859375456 0.014457833660625476 2.7796591273682694 -4.38885118399952 0.014582903281251069 0.021548288333258517 1.7435976189017364 -4.050672623176884 0.01631126264437895 0.028839557862155675
2.767357658742516 3.0353820538739615 1.8153350621173763 1 -3.105621769227529 -0.09483217272219469 0.004296691643299556 -0.020694024919152627 -3.073828961489213 -0.8858643616552461 0.002489879239179858 0.018223574624060837 1.7350497295139231 -1.276303665580767 -0.016006202656803768 -0.019343474947451852 1.2663541636409406 -1.9589867651119561 0.012869530738409251 0.015398473366414242 2.817193688990195 -4.376498809205154 0.00987408058584609 0.010102096086917714 1.7790494869663638 -4.048784110587148 0.00896272999887937 0.00975979227342854
2.769517139837685 3.0270424596716086 1.8096415702996884 1 -3.1031144870210308 -0.09892112636766726 0.004598895330770244 -0.020795565084508093 -3.0740742143186024 -0.8887759121958597 0.002176062986573651 0.018412337445286118 1.7389424338552386 -1.2709018023315595 -0.015826420814304232 -0.02098964665131897 1.2745156938057445 -1.9577600351507987 0.014668237357311143 0.014695288489652219 2.8467896723539354 -4.3639338525381195 0.009647010144848632 -0.012113383266946607 1.8021049291376174 -4.04840928059916 -0.005423017533769092 -0.011790255021027353
2.7610975994102223 3.044788322882943 1.7942456381331977 1 -3.1006975491527817 -0.10247396614090343 0.00419435182464758 -0.0207415999643828 -3.074523509077756 -0.8913987443003502 0.0024578317634798685 0.018490343437854485 1.7425842818059705 -1.2689029986786942 -0.014773124973740916 -0.02112330616139263 1.2807454259350184 -1.9598194662536077 0.012578767478758406 0.015275530990460529 2.870271132045384 -4.351746269812944 0.00917870383612401 0.012699091946305726 1.8309554485619968 -4.0410704170753515 0.007937634221990354 0.01131081795737053
2.762231998545293 3.043818742325459 1.775986782186348 1 -3.1002115680579387 -0.10580358756894437 0.00409256029026324 -0.020808064648472138 -3.0741442617138044 -0.8943148091388129 0.00256399683875211 0.018451555511871907 1.7489610230269843 -1.2704490449381889 -0.014617134492964987 -0.02247448503792049 1.2891178195109712 -1.9602447036659856 0.014962227173372825 0.015473568144037827 2.902133415301786 -4.336206184278849 0.00955132724721822 0.012322114316109392 1.8564193763944807 -4.038871693596377 0.010082414152649702 0.010670214784810908
2.7661679998712505 3.0350369254959166 1.7688718049563528 1 -3.099060489084099 -0.10892706083085713 0.004244140461602437 -0.02074839641836641 -3.0750616130753823 -0.8978159646943079 0.002240026587998406 0.018372021517263606 1.751113814905291 -1.2642896030890078 -0.015665105520020914 -0.019461567608653935 1.3037860996586073 -1.961159291687884 0.013966532741132182 0.015543834275789507 2.9348097084596843 -4.327953125292691 0.01007121381750982 0.010786651880528624 1.8883921481516985 -4.037823718733 0.007403479758638575 0.013292253405038933
2.7656345017413098 3.0343998931171146 1.7660521045425666 1 -3.0967796491523423 -0.11256681250519318 0.004205898084408075 -0.020910608214295072 -3.075935061017711 -0.9009687193557208 0.002452515000676774 0.018402276394584936 1.753978048709496 -1.2581307372275388 -0.015055591314245165 -0.02130306334683798 1.310881666751663 -1.957911627147897 0.012978965425324443 0.015623535937542343 2.960768099377468 -4.319721787370716 0.005880548689635359 0.010033427331745583 1.9140916316858165 -4.032671600656595 0.007422030872530615 0.011387287406326486
2.76451010144357 3.03501686381658 1.7574113216129463 1 -3.0952156877161787 -0.11663476740595857 0.0039339352051870075 -0.020938332761553196 -3.0764745080108895 -0.9047594447509494 0.0024576874976865197 0.01819246083979608 1.7566961275869666 -1.2578242229193097 -0.015399606858117436 -0.02197984595008417 1.3131516600146602 -1.957937017006313 0.012476325084496767 0.015033950418177271 2.983661413726666 -4.308004893236895 0.007921425973423601 0.012598333148966384 1.9364162335642963 -4.025898187301172 0.007983017458634748 0.014949876011227724
2.766070582940764 3.029173675805054 1.7473749984434157 1 -3.0942964140336366 -0.120701764580456 0.0038488593776657733 -0.02095315055650441 -3.077392990038044 -0.9093595613127233 0.0024724273700224607 0.018108950018822713 1.756202317113579 -1.2576608526996769 -0.015761225795798514 -0.02201496497000987 1.319073383398381 -1.9613030459872627 0.013787745855524426 0.014950196294227096 3.0114209522364046 -4.293304770058841 0.004180204273849408 0.015080141352472373 1.9594902780679586 -4.023242446205584 0.011249271066267497 0.014319687928496243
2.7706899083895054 3.025180916861679 1.740637441225385 1 -3.0930552598844203 -0.12509737842999114 0.003920747202936644 -0.021016356546196983 -3.078365074148871 -0.9141072669384696 0.0025255341594352413 0.018085671344132415 1.7561531112133242 -1.2546292776433476 -0.01499976084058058 -0.021251420212631638 1.32636110968956 -1.96270718209892 0.012969486785738135 0.015680201002569543 3.039663983815382 -4.278848708853548 0.008970970108837323 0.011819523217877445 1.9852017446574282 -4.020839590088771 0.006819451136888841 0.013479715950914795
2.7738326343389543 3.0189447168992443 1.7359521574669576 1 -3.09130567560105 -0.12978486350388074 0.0038837169034288185 -0.021033455280910728 -3.0794529822015977 -0.9188440373038645 0.0025594799160783416 0.018116328729121608 1.7580582943521588 -1.2515889002529272 -0.01483129944855276 -0.02152881783957472 1.3316611794409878 -1.9615013989217058 0.012671668660423548 0.015732169956240202 3.063798984393845 -4.26372007106972 0.005488317868124985 0.010232274275738869 2.007121912744438 -4.0149866393712355 0.005583995434156299 0.010226208744092063
2.7757988707570975 3.0145506538411646 1.729819881481276 1 -3.0899702920014684 -0.13422432659222372 0.0036717421939320267 -0.020936159630239964 -3.080261788337027 -0.9233412406056611 0.0027182094926560185 0.01816932464796606 1.759104104732291 -1.2487743470509611 -0.014992916103658337 -0.02202346430948708 1.3351265422737004 -1.9607022167197758 0.013019488085129498 0.01572515375868139 3.084816583705835 -4.25076963711795 0.0022822862976111906 0.019274129443153883 2.0268423028994853 -4.007443519902358 0.011939366914143885 0.021285946378038153
2.777932343724532 3.012065853427671 1.7229194396107996 1 -3.0892078679177555 -0.138220364204223 0.003612571512773597 -0.02084594642774425 -3.080935627189132 -0.9276301980938898 0.002700633674667134 0.018199807300414865 1.7588358372203192 -1.245464512725798 -0.014838842451514032 -0.022039103792649277 1.340220494869767 -1.9610319972626176 0.012966780655904146 0.016037688768499484 3.108769053897733 -4.237212641443513 0.003221893327167274 0.014297068505179956 2.048403001856192 -4.0027144537355746 0.010404639625472195 0.01431558389197994
2.7812765074730477 3.0058569173941074 1.7168961583775224 1 -3.0879744564874496 -0.14187459303356165 0.003690762384180148 -0.020785721219053102 -3.0821778419004 -0.9316995401991807 0.0026758973114095657 0.0182541359402102 1.75940606245298 -1.2421713582420812 -0.014356935976559553 -0.021415036379693178 1.3464081419270189 -1.9608820527359905 0.012137435021031269 0.016166889873307215 3.134791735340521 -4.221584961320669 0.007302985964868957 0.013963397753867868 2.070866735362701 -4.000749264390601 0.007154973290670125 0.015238028644961741
2.9234978767432116 2.888441715892871 1.7237274061218661 -1 -2.9483702984360676 -0.13581804684713072 0.05120082531880738 0.005476864390518022 -3.1178344800534283 -0.9879212429820934 -0.012293329199884354 -0.03333224352840696 1.683335274976793 -1.1854333339434087 -0.04886411638495432 -0.00567586051034269 1.1360769914032929 -1.943218282065196 -0.055779952595102905 0.016728830873478366 3.14298875096856 -4.156359678847495 0.001518572175991547 0.03856692056417546 2.06950806083759 -3.979178306281474 -0.008260660926984263 0.021151987668591637
2.9535033142836786 2.433661587915141 1.7965557012684636 -1 -2.7607577862515162 -0.25159780447917846 0.004759762818184534 -0.023758252784223867 -3.1469909942886773 -1.1485407657999283 -0.01193766190584587 -0.04607649639884491 1.4190600308155217 -1.160914373165231 -0.07027581916175699 -0.010912005168639629 0.8064731518882207 -1.9667406841666473 -0.057496970083814034 -0.003951721369123404 3.054215550287866 -3.8989894314293347 -0.04043173103381318 0.0717904794344979 1.9497735953038218 -3.921033877230673 -0.042453513640300825 0.026940036398352515
2.4937285980357835 2.0513866822279323 2.0352124264766465 -1 -2.8657115636403203 -0.3965290852049881 -0.040241121951499426 -0.011656083874177658 -3.2229694150798793 -1.2719946217093436 -0.01942031664928837 -0.024412163903943313 1.0841154368992196 -1.1174733215472747 -0.08217562490598633 -0.001998312774191345 0.4931321934441337 -2.0381951326851544 -0.0537802608656749 0.0033755727181519948 2.75590351875453 -3.6241355909969726 -0.0676817751999025 0.05772616021579359 1.6939705108972376 -3.877870968188806 -0.06463796719996236 0.023021975798717457
2.156539957229238 1.801926237078277 2.3666985355072043 -1 -3.0937337783719157 -0.4095200060729459 -0.050986102217276286 0.008101944941974996 -3.3239615140641012 -1.3768909742743172 -0.027912253482934694 -0.024539116311741153 0.7268936026533188 -1.0415726329129527 -0.06562675832371667 0.02396065846012844 0.20365145954083097 -2.0578339372671053 -0.06210767389299983 -0.004830583187794543 2.4600575888030054 -3.4622367607381475 -0.060674650130100566 0.04855834076691953 1.4523950889528905 -3.877597781766219 -0.04911501734356459 0.021786015032976662
1.8546537519089024 1.574879919648734 2.614507843686553 -1 -3.222355968638333 -0.3925534456351478 -0.0009229067000775303 -0.01473708111240546 -3.450288440938267 -1.5346435757300538 -0.02270786567177247 -0.01956792094313601 0.38743612520461657 -1.0104220731766886 -0.06958206590230626 -0.014284836666019618 -0.0972823771278426 -2.029332160866952 -0.05779580008897969 0.013431151707320881 2.2491044717175486 -3.3300829242782473 -0.046092346150920394 0.03310812415148116 1.3106196985149943 -3.8866006055940883 -0.019945254317453087 0.007481651656555632
1.5598836119307076 1.355371160778397 2.68124519640569 -1 -3.2000253157086926 -0.45023820542806525 0.019731132437493255 -0.02701259469184806 -3.6638043873004875 -1.648270179167827 -0.03276854836177831 -0.02001056733514382 0.1264193615387601 -1.0468273615919046 -0.02938179069084532 -0.0228076675283553 -0.3871631062424905 -2.0613028265142272 -0.03352819795284285 -0.023151951837253083 2.0727612583869037 -3.190088299217024 -0.05488151404949509 0.05292320402417455 1.2433644251968685 -3.8957941839565358 -0.0341042068303263 0.021179034584889792
1.3086166026563948 1.162943619949715 2.5224755159591914 -1 -3.2112232961907985 -0.5786215088764198 -0.031517529015629965 -0.01620996913389641 -3.8318862266558296 -1.7390318767952866 -0.03591810188920347 -0.005840880582270391 -0.021941390700867203 -1.1401140318896341 -0.03670770993542123 -0.01196470591951694 -0.5849671338774676 -2.1790427324291484 -0.05048318483047162 -0.01745643660091605 1.9213696225012589 -3.074774080960546 -0.01485086438843567 0.029623203156390544 1.1911681312383955 -3.9097432159938963 -0.027800275417705134 -0.014176187344193496
1.0974962203566556 1.00490409609984 2.291837560627891 -1 -3.28029789985663 -0.6984278926694962 -0.0018244223762273228 -0.030876106695423594 -3.8716987700687167 -1.832156500612441 0.007801376432948967 -0.01364068228532694 -0.08082451394713797 -1.2618571916257038 0.003945361614857052 -0.03151689682372795 -0.6539647389002332 -2.3336363506771045 0.00845714360327278 -0.03618805081603976 1.8385864523637583 -3.0387548265877418 -0.018607818100278013 -0.014242715318590032 1.1561016458521909 -3.9448713248555007 0.013260668428628358 0.002961196477441839
0.9231873864646878 0.8800289883194596 2.0917808430999205 -1 -3.314854078202908 -0.7769726452495281 0.014308531615901015 -0.023141410712045146 -3.8849695703036446 -1.8684875595427097 0.006072024932609577 0.0007568309341593415 -0.1075021593069101 -1.379264822646725 -0.021857370163983616 -0.017750865045562485 -0.6569357427269171 -2.4627021579709534 -0.015618246508553184 -0.009879659240417624 1.8373450729570777 -3.0695465263084243 0.025954036866110478 -0.02281077616371412 1.2056323268488196 -4.036030502234011 0.03990960641553465 -0.03352186681444061
0.801013247141241 0.7962071707171167 1.941430744507184 -1 -3.278031989145832 -0.8265213018533921 0.02005330688100386 -0.013754793276729668 -3.9326951425037584 -1.8301797059237128 -0.0025953035638495055 0.009640691907682134 -0.09886038852224299 -1.5020358084625043 0.004488001453159614 -0.043899975185648976 -0.6315010658688776 -2.5746279914947183 0.018740784648064484 -0.015531532799280049 1.8786585398567244 -3.1281843524411106 -0.020356695897554497 0.004579859099617703 1.360495265661278 -4.1493600487119515 0.00926265041355541 -0.010259242016623184
0.7129305209510926 0.7477082388474497 1.8047934392933385 -1 -3.2235465440482516 -0.8448560329749377 0.01856535267104422 -0.015036857878944598 -3.9762939502710286 -1.7786866014408127 0.005155180193635174 0.002275584711231418 -0.06561922667652098 -1.6530416818553921 0.010908232249866756 -0.02741057975436687 -0.5972067477716103 -2.707752585363353 0.006861598019516572 -0.037560379816108255 1.9697154288107246 -3.197541543556218 0.0029044569060867657 -0.005778839089613177 1.56648547760906 -4.246961346556498 0.024882301158156168 -0.011954146168326935
0.6415627931966454 0.7097959399596091 1.65270482478255 -1 -3.206365506537571 -0.8574669788437244 -0.008513121830467379 0.0063236552427770095 -3.9831356523390027 -1.7555655493098146 -0.004472606882970269 0.00744262611712253 -0.04859612158997795 -1.8510838742827476 -0.011929057827133244 -0.039856270875145344 -0.5442072347860889 -2.8850850609088203 -0.0025101334162610416 -0.032269608961274586 2.1055136536368053 -3.2633428609275876 0.06418996880189834 -0.023650227757396614 1.7794598078105137 -4.319249090980472 0.07249375582790071 -0.017904857259346426
0.6102240769634903 0.7023489500070705 1.5020246228262415 -1 -3.2040412215361895 -0.8727663227727234 0.007715611592859203 -0.015927312933489916 -3.9566527317003826 -1.752835319468978 0.01737142859637883 0.0003702732750981135 -0.05199431211838501 -2.0794301463344667 0.002663713568948931 -0.05193626031130971 -0.49252285799758067 -3.1033069114629486 0.016454452047824513 -0.044791671409452685 2.2467536906300944 -3.308124436345516 0.03893890363118671 -0.00750559887698984 1.9957981701323488 -4.374142189888186 0.05432317815422261 -0.011711111091908831
0.6074136388806045 0.7170438533016175 1.3794048634417604 -1 -3.182621596902621 -0.8968357114353988 -0.0008664670910059702 0.0032779580387636243 -3.935693403071518 -1.732304071927387 -0.0046774275277362345 0.011994999606411592 -0.052504097050753984 -2.305336485437491 -0.013525191693800339 -0.03429843965153315 -0.4584392129677477 -3.325194205271675 -0.013097468344812267 -0.039035188153086084 2.350700354172079 -3.316417786476617 0.048997802777268784 -0.006787640567085464 2.2055580611140533 -4.395112161513595 0.06696176996115871 0.003104638927362693
0.5834924521290525 0.7214132810354403 1.2598065378389798 -1 -3.1359003646017216 -0.9275405605706897 0.015075916518415985 -0.011583512738727781 -3.9155671961343033 -1.6980656464138182 0.009938906363171502 0.0014125791408623803 -0.03617887807804898 -2.5158908610827 0.015687958430758025 -0.041331952338729 -0.4345115368153296 -3.521843732035379 0.01338084449860857 -0.04344383181501344 2.4251678436036785 -3.300346310121942 0.00114584579093234 0.006926208186331547 2.371965256019167 -4.380021634698284 0.016658077113088636 0.0018050803608311069
0.5310662425121871 0.7023878833913159 1.138286321389931 -1 -3.1035350479281947 -0.9436387774691611 0.009820360784913353 -0.01720252528165854 -3.8849111256365254 -1.6760401381139176 0.01988229593091615 -0.0021970143163001677 -0.02684097550727671 -2.6933200892455567 0.01210157728702543 -0.034033162930526537 -0.4197593074908248 -3.686830091015958 0.01269698894915684 -0.03567378578617254 2.483840959548603 -3.285923873911852 0.018046508078689745 -0.005565648533820727 2.491061054757365 -4.357591798917467 0.029036565436659487 0.012881356198468554
0.4635163953228115 0.668867036874958 1.0399950014113906 -1 -3.1003326141600693 -0.9513838758856523 0.0027704721274572548 0.0014061610247843304 -3.8543383787441687 -1.673185594705021 4.981181218888242e-07 -0.00630596037961545 -0.035401515212890367 -2.824320223649236 0.005395375846805096 -0.026044128154863254 -0.4027122880007541 -3.816608560643041 0.012477073225055802 -0.02342147292717967 2.4932739003962707 -3.281470775845646 -0.007274922416784024 0.00680791795888411 2.5685120233897694 -4.350731452429592 0.009211704529804689 -0.007971975215776469
0.36176061847076213 0.6061308845189274 0.9838797026650571 -1 -3.108041001906458 -0.9732981394756494 0.0007710558154083165 -0.002573823958960348 -3.8520198063709175 -1.6810311503666715 -0.008142913401510158 -0.006191114558847834 -0.0676158765742354 -2.9019249748821245 -0.012204311004034457 -0.02256315344981904 -0.40145538084180554 -3.898561681650722 0.002478508898846772 0.003116393865994438 2.4571884269531337 -3.279871296676313 -0.025287089095199253 0.002860960745270707 2.612573087872856 -4.340961210841851 -0.007792023072431547 -0.005210703358737666
0.2368120833270145 0.5165544026375589 0.9722696232896989 -1 -3.118778686661316 -1.0134899972823068 0.00012429126397038408 -0.0041885465839787625 -3.8874087105159276 -1.692854552393976 -0.014558447312383394 -0.006810601675370492 -0.09912766791267114 -2.9322407811188294 -0.004802268826720997 -0.006655914730373918 -0.429660750225203 -3.9310669298655823 -0.005153995597910403 0.0021940144341129637 2.4014819264376195 -3.279705746272955 -0.012812822979866845 -0.01697920749694602 2.603681996549442 -4.3322797774353266 -0.012477260580003278 0.02126552749554604
0.12935836397749184 0.42926784938159146 1.0008944815411784 -1 -3.1401329831606666 -1.0475179296031436 -0.002390793834238648 -0.00010960135079891853 -3.9403420703088736 -1.706763653403179 -0.016017305329698805 -0.007978276534992248 -0.13674833344340342 -2.9231446664061207 -0.01814201455574998 -0.0028651711394675075 -0.49399910240109257 -3.921634199320891 -0.01570829508844012 0.017420864137391752 2.3300800781245465 -3.2802031753162217 -0.03281276133974227 -0.0006375806881175456 2.5429230607809226 -4.332134687849834 -0.028182758898128785 -0.005643338550506152
0.03434721034786697 0.3427199673132557 1.0689519946775532 -1 -3.176432225193073 -1.0577790451998965 -0.018434341233729 0.011433816561504927 -3.990935110613194 -1.7251985403581542 -0.015694315107216028 0.0072478271228352585 -0.19168026277160166 -2.8905571804317463 -0.0019262309517938357 0.0006846854548460523 -0.5691051597711918 -3.893310992636075 -0.0016777686027811128 0.005555979754960161 2.2349865589056703 -3.265273800927568 -0.03881639700292727 -0.002661990212112997 2.463355669871736 -4.323175339614348 -0.031667891298394375 0.004664463887441834
0.040796758002908 0.26875149120208447 1.1655319584373807 -1 -3.2126080045100984 -1.0558132213912548 -0.0018059184055770911 -0.009482555194868791 -4.036333523585324 -1.7458949577291432 -0.0018278776044231837 -0.00763769577149143 -0.2793753820652247 -2.8406851493527947 -0.031862907610290474 0.01781543025262298 -0.6466860333510036 -3.857538900281734 -0.02946776283843133 0.008803270180825877 2.122020446690942 -3.241853370750086 -0.004708443453437073 0.011239195228122181 2.3673004217792926 -4.302402573517858 -0.0061360903666145515 0.004537853213558483
0.07566589320779576 0.21902622913245404 1.1812077308470057 1 -3.2377412585149044 -1.057687051222424 0.003966927754076199 -0.017915318904560787 -4.091832745753748 -1.7581272980692264 0.00022483746232979628 -0.008869196577274075 -0.3733761373206175 -2.792426222222519 -0.003907961189210021 -0.0032017126528696253 -0.7341666045177053 -3.825719205615156 -0.002000579718539402 0.006892048390118596 2.007434606425119 -3.218173519817189 -0.002214347439201944 0.009274043628108863 2.2513449375893684 -4.281513572227781 -0.008657011705311694 0.010900841702777504
0.1179367552942932 0.1740000271358238 1.1999017932457976 1 -3.255735399946399 -1.0744216611089235 -0.008898873113222301 -0.004821439778719699 -4.152476854955006 -1.7614500810863118 -0.008646935122086108 0.005302757857967773 -0.45457083666919473 -2.7652675973692453 -0.0036737036725867037 0.004298221819377175 -0.8342759778119886 -3.8043326212415915 -0.012772350518965452 -0.006196002128297784 1.8992860628536175 -3.1851285654322106 -0.01233382028579242 -0.007452910121511839 2.129003225826837 -4.249023233101662 -0.023794165683189233 0.030643564552880385
0.14895554813862988 0.13599987560679894 1.233080987697526 1 -3.2777213217998136 -1.093416252123091 0.0003797072920805715 -0.009586904707521883 -4.2127596953426005 -1.766487787158883 -0.00912898740026875 -0.0076579591626980935 -0.5336467653909573 -2.757738413104726 -0.0067056749126220075 -0.009246490526429701 -0.9276452161143078 -3.804957817097689 -0.00326549482415385 -0.001172637619948493 1.8059903852918504 -3.144530464100737 -0.016732742476787875 -0.0074687058463852665 2.0228110181698966 -4.215748923358926 -0.022995343807441497 0.02757525295698602
0.16023650764371167 0.10955389844744083 1.256411620633056 1 -3.30738875585971 -1.113185786298554 -0.0023657136171749233 -0.01422344855344309 -4.264810812633124 -1.7753376882047376 -0.003049282684464336 -0.006394774081392815 -0.6262313673328239 -2.766361765716306 -0.037426461076813466 0.0021141582856984494 -0.9990912892143129 -3.8278565213036693 -0.028575376693142675 -7.357357456171327e-05 1.7179729462715168 -3.1089591523378397 -0.006143566293961497 0.013718352419618204 1.9479564440964836 -4.186381010983142 -0.0014221292836588007 0.001093604794121095
0.17907334412161785 0.08086973511613602 1.26836059489382 1 -3.337550492087344 -1.1424090129763773 -0.006966163134397162 -0.0003046364399579421 -4.313994661126414 -1.780415645126588 -0.015998446422022604 0.002109084150035684 -0.7089394162160856 -2.79717242669983 0.0040131500288100065 -0.013934564292840007 -1.0460204049549389 -3.870307771174912 0.008462207641906671 -0.014932104919307219 1.638108211251641 -3.0825200393375223 -0.025286026239236058 -0.001566688475558348 1.895365221118702 -4.157036857498478 -0.01924840033912425 0.006944497635507811
0.21918457910502076 0.039776557913056794 1.2763207394845462 1 -3.3633913988104975 -1.1894101641424966 -0.01618604512619904 0.006426488178882419 -4.361039755241728 -1.7747006805323151 -0.015201848305760629 0.01625584158484239 -0.7757290753995196 -2.844148405032605 -0.015045910203604991 -0.022049566831579603 -1.094479744204953 -3.921755588005893 -0.005767543914143219 0.0024337655195084632 1.58315673000312 -3.0598327636167695 -0.03253207065868662 -0.0075337171740546 1.8587140312012371 -4.132557148615149 -0.027691751921718053 0.005846588727365392
0.2609034000081677 0.003693070040289969 1.2641456136154279 1 -3.3868316056005128 -1.2403902705145318 -0.0039817720192156444 -0.02338260124484554 -4.405191013082283 -1.7629332945615142 0.0034429833037839305 -0.0025803514690294904 -0.8241971622250603 -2.905750073792293 0.0016299198094812846 -0.02078152334982968 -1.1361889114249801 -3.9821297124818265 0.004984044333405213 -0.011458566620074526 1.5394144611482954 -3.0494571249559375 -0.03860577141248684 -0.006951441440867081 1.830159761345759 -4.109143406215698 -0.028821891964793452 -0.005079613088367953
0.29421663878144716 0.04297690683278296 1.2368573986429328 1 -3.413336313530619 -1.2759926873601726 -0.007967537772199638 -0.019161264765018275 -4.441939278182505 -1.7543110512335551 0.0073917288076292675 -0.0016896727326167114 -0.8844644047956325 -2.9740360897313 -0.01549208245497657 -0.02696571386206211 -1.1726225994759534 -4.0467230131955585 -0.0014431095997464276 0.00220715407232578 1.4979972331038773 -3.0497849851952865 -0.003991059651801958 -0.016876148805984533 1.8211741288268017 -4.093746480268737 -0.0063599528973822365 0.025929430701038363
0.39882632693262604 0.12580444493087772 0.9557762774848871 1 -3.588467351063818 -1.353463047115791 -0.04861744704666974 -0.04149384383531834 -4.565180496292592 -1.8313348904745181 -0.024329457991674006 -0.02291942478040508 -0.967105483869724 -3.1523981496676723 -0.001333875292373339 -0.06271731401812926 -1.2004861997749412 -4.189023764191846 0.009976675344512603 -0.03510080310414827 1.6342969073165037 -3.196598377833845 0.05387613464877547 -0.03176712018878548 1.9153120043213123 -4.145140986247506 0.053985772125475756 -0.022536252090904856
0.42310482463465976 0.05307939296276903 0.4167546357277571 1 -3.8542750390739555 -1.545340424357214 -0.04797443304158851 -0.04132370367606661 -4.766426979615765 -1.7783100530131344 -0.0524812227213571 0.029701585395890247 -0.9929079662351463 -3.4655950945785245 -0.011321887105556497 -0.07731092911527797 -1.1908809597083936 -4.401388598096174 0.004437475146612593 -0.0265526493709258 1.970515556679545 -3.3423510439871427 0.06553089641242646 -0.014118649747200378 2.328093218866548 -4.124194363730249 0.10126069753114661 0.01876385561376019
0.4445801800249262 0.03057782342474093 0.04076342174739654 1 -4.120759343619045 -1.669092614910742 -0.06307182000647397 -0.013765531688151457 -4.953354588103811 -1.6498621599676202 -0.0029464179832949453 0.006507353547462662 -0.9205470328407008 -3.7872481902205632 0.02839099368497776 -0.07654296305368961 -1.0453495255978122 -4.623201970688464 0.05130893683127713 -0.021957152806668365 2.304583007583707 -3.3304843962124475 0.08341235248558476 -0.015258548787367255 2.7852167649215733 -3.9805364223096475 0.043505534954359645 0.06779604316888654
6.8260193 3.0156355 4.321427 2.3856778 5.75726 8.939632 8.350734 4.6272364 -0.09083848 1.3222115 4.214233 5.153904 -0.37219802 1.4301623 1.8012869 7.396674
6.9873734 2.8739877 4.694566 2.4686074 5.913322 8.808601 7.783574 5.2223907 0.20664902 1.3280096 3.982151 4.953793 -0.6457077 1.4271092 1.8515756 7.337211
6.8938913 2.955836 4.486533 2.4210255 5.8245354 8.883857 8.12229 4.851263 0.020334274 1.3227557 4.1140122 5.076856 -0.48788416 1.4262395 1.8228227 7.3767323
6.476774 3.378656 3.5055833 2.2263188 5.550194 9.208499 9.212963 3.552043 -0.46707678 1.2838472 4.682749 5.4143443 0.0551894 1.413281 1.6943301 7.3978167
6.0770674 3.8803859 2.620956 2.064951 5.495599 9.506929 9.6795435 2.5652022 -0.56330717 1.2167395 5.194001 5.481009 0.3464903 1.3701497 1.5755148 7.258238
5.3295116 5.1126404 1.2592058 1.7594069 5.735952 10.109186 9.616108 0.86569834 -0.479456 1.0436287 6.1927724 5.2270837 0.64022774 1.2190251 1.349911 6.7707653
4.6693854 5.7200003 0.80947906 1.4949183 5.845428 10.735375 8.636069 0.5252423 -0.368314 0.9044926 6.7550755 4.545779 0.80267817 1.0645094 1.1833727 6.4396644
6.3013215 3.631568 3.0480483 2.142984 5.504442 9.35445 9.506067 3.0225015 -0.55857384 1.2456043 4.93275 5.4690623 0.21627524 1.3873698 1.6331502 7.324682
6.1842833 3.8070269 2.7597005 2.0900002 5.496073 9.451229 9.627727 2.7119718 -0.5755462 1.2207967 5.0978127 5.4746685 0.30236623 1.3703486 1.5936736 7.2629776
6.9550247 2.9732277 4.484847 2.417128 5.8082027 8.874666 8.180556 4.7920437 -0.047616616 1.3117024 4.0986934 5.0958853 -0.47360465 1.414421 1.8203335 7.3584986
6.957911 2.987706 4.4537416 2.4092894 5.790202 8.883355 8.236649 4.738389 -0.082450494 1.3103399 4.1133547 5.1142535 -0.44657746 1.4138628 1.8157494 7.3602242
7.0485845 2.923691 4.633704 2.446415 5.857871 8.821535 7.986443 4.9995804 0.037758917 1.3129057 4.0039334 5.0270085 -0.56613696 1.4118345 1.838914 7.334298
7.1837206 2.8248663 4.9251995 2.509782 5.987873 8.72139 7.527253 5.4512644 0.27537274 1.3150508 3.8253546 4.862256 -0.7834423 1.4068117 1.8770468 7.28054
7.247829 2.7681131 4.982435 2.5269535 5.9879293 8.689993 7.4652443 5.6607285 0.3097202 1.318802 3.7666445 4.829845 -0.82243747 1.4100026 1.8883255 7.246543
7.28309 2.7550807 5.018574 2.531926 5.991253 8.675688 7.4381065 5.720776 0.3129165 1.3198347 3.747827 4.8176208 -0.8343744 1.4100056 1.8923166 7.236601
7.425482 2.6168842 5.0348806 2.5432844 5.880071 8.630249 7.574646 6.197549 0.22312272 1.3359654 3.6760094 4.8222375 -0.7934199 1.4278862 1.9057293 7.1380863
8.524898 2.8515744 5.4862604 2.3999715 5.146434 8.440084 7.673485 8.228147 -0.9551711 1.3534306 2.8160853 4.265139 -0.14915892 1.4220173 1.9070288 5.7830744
7.994232 2.4601614 5.178252 2.5149028 5.460414 8.495639 7.842146 7.5538235 -0.2772627 1.3667393 3.3058705 4.669107 -0.5194049 1.4563093 1.9255427 6.564491
7.748167 2.4410865 5.075464 2.5420902 5.6250205 8.547848 7.809328 7.0637217 -0.03395571 1.3598762 3.476839 4.780848 -0.6550394 1.4537657 1.9229014 6.852931
8.129751 2.513163 5.2079515 2.4914489 5.3604555 8.478704 7.853857 7.732893 -0.42514318 1.3646903 3.1916094 4.5982323 -0.42918202 1.4526541 1.9215028 6.3874063
7.5886135 2.5126934 5.034234 2.5486608 5.7576213 8.592167 7.6899705 6.6324635 0.11712177 1.3460057 3.58326 4.813285 -0.74226236 1.43968 1.9154717 7.0055046
8.338394 2.651902 5.281822 2.44615 5.220546 8.458748 7.812538 7.9688473 -0.6713912 1.3573692 3.0064683 4.454279 -0.2813112 1.4402692 1.9118748 6.0816693
8.51618 2.8139005 5.4099827 2.4063609 5.1433406 8.442081 7.704132 8.163597 -0.89404374 1.3493619 2.8682294 4.308589 -0.17000178 1.4226435 1.9047801 5.819282
8.67203 3.2456481 5.3254795 2.293698 4.947127 8.547097 7.6931744 8.438787 -1.4173371 1.3185163 2.7060795 4.0725684 0.13528675 1.3777812 1.8618524 5.2409177
8.421613 2.874323 5.1247644 2.3783162 5.065466 8.516284 7.7629766 8.115964 -0.90631545 1.3276029 3.0220468 4.3411307 -0.11586222 1.4068727 1.8801768 5.6811857
8.402312 2.7238452 5.286055 2.4273996 5.1836853 8.460663 7.766026 8.045785 -0.7499027 1.3492224 2.9915867 4.4032164 -0.23639771 1.429316 1.9051498 5.954486
8.366654 3.746461 5.5351396 2.2964342 5.2656865 8.845131 7.641454 9.191034 -2.0007195 1.3278087 2.4211245 3.8791084 0.12625441 1.3323637 1.8771685 5.1729264
8.3935175 3.6780665 5.560226 2.299691 5.235998 8.828388 7.6717324 9.112857 -1.9766055 1.331988 2.353305 3.88014 0.12624055 1.3398864 1.8813407 5.1934743
8.283555 3.7917943 5.703613 2.3197014 5.368301 8.906426 7.597539 9.358628 -2.1188912 1.3390734 2.2181993 3.816894 0.065736204 1.3271792 1.8976077 5.2255845
8.451054 3.6294665 5.731254 2.317123 5.261807 8.783434 7.5924754 9.119135 -1.9677144 1.3403327 2.2674947 3.8589842 0.08584544 1.3431625 1.8971633 5.235892
8.305145 3.6877866 5.448299 2.293049 5.230263 8.902172 7.7728314 9.10935 -2.0122964 1.3303051 2.3026676 3.8762085 0.14361393 1.3397784 1.8755928 5.181967
8.40109 3.5815501 5.5384903 2.2999089 5.188622 8.833308 7.752081 8.99122 -1.9474194 1.3359649 2.2598891 3.8839583 0.13702786 1.3499254 1.883421 5.209526
8.474719 3.583316 5.651162 2.3085847 5.2086883 8.768103 7.64323 9.019621 -1.9164433 1.3371122 2.3051171 3.882844 0.11177176 1.3482316 1.8898768 5.2216487
8.279865 3.7265851 5.587508 2.3087046 5.303148 8.916103 7.7004814 9.2295 -2.0759027 1.3363333 2.2184267 3.839145 0.098869145 1.3342454 1.8891071 5.211808
8.270544 3.6993494 5.321867 2.2819245 5.2052503 8.9291935 7.831234 9.080641 -1.9974216 1.3242029 2.3563542 3.8924346 0.17042243 1.3388833 1.8648609 5.1512623
8.222963 3.7402148 5.286591 2.2799494 5.223296 8.959824 7.8448806 9.128753 -2.0250187 1.3220599 2.3620696 3.8868537 0.16806147 1.3347934 1.8622531 5.144822
8.422251 3.6023765 5.1828465 2.2594457 5.0602827 8.807906 7.8250184 8.829926 -1.818439 1.3102803 2.5971558 3.9679139 0.2263338 1.3452114 1.8454045 5.083685
8.242302 3.7716205 5.0811815 2.2554615 5.153123 8.936164 7.8555593 9.051617 -1.9459857 1.3046781 2.6028652 3.938052 0.21780303 1.3285223 1.8389305 5.056977
8.135105 3.8065324 4.617569 2.2091975 5.001545 9.016135 7.835741 8.86895 -1.8616931 1.2612548 2.981687 4.005725 0.2877554 1.2971765 1.7975913 4.779908
8.199769 3.713517 4.6018505 2.2058778 4.924808 8.966484 7.8697658 8.718283 -1.7953708 1.2616837 2.9672709 4.0274544 0.30530745 1.306701 1.7963681 4.7812586
8.245573 3.9083757 5.284092 2.2794323 5.279979 8.950718 7.5687604 9.315081 -2.049595 1.3049912 2.6275287 3.9051745 0.17737204 1.3056798 1.8562492 5.007279
7.260516 3.1481762 10.147083 2.6043727 4.7244496 8.104205 9.01611 8.439095 -3.983573 1.5472678 -2.5428915 2.5046456 -1.6246754 1.302305 2.3554628 6.5115213
7.1768103 3.1245396 10.22687 2.6009703 4.643527 8.096234 9.116493 8.352114 -4.0345497 1.5447352 -2.6398735 2.459767 -1.6923647 1.2949008 2.3618772 6.5298653
7.1570034 3.1110747 10.246892 2.5972142 4.6529484 8.100181 9.150245 8.339197 -4.0390015 1.544518 -2.6493807 2.4445825 -1.7145746 1.2945061 2.3611958 6.551595
7.1536617 3.108556 10.255573 2.5968764 4.655746 8.100851 9.155051 8.3381 -4.040104 1.5446587 -2.6524143 2.441571 -1.7185696 1.2944739 2.3613396 6.5555544
7.1543746 3.1080322 10.260813 2.5971808 4.6557603 8.100214 9.154341 8.338334 -4.040278 1.5448475 -2.6538186 2.4414563 -1.7185717 1.2945757 2.3616104 6.55608
7.156478 3.1084514 10.264173 2.5976388 4.655367 8.0985 9.151071 8.339298 -4.0398293 1.5449653 -2.6547346 2.4420197 -1.7179263 1.294677 2.3618617 6.5557218
7.158623 3.1069937 10.2665 2.5978692 4.652337 8.097563 9.152367 8.337039 -4.0398293 1.5452433 -2.65513 2.443138 -1.7163589 1.2949923 2.3621 6.5563874
7.1582994 3.1089542 10.266105 2.5982237 4.6551695 8.098123 9.147171 8.341515 -4.040658 1.5451667 -2.6556563 2.4431448 -1.7166567 1.2947805 2.362166 6.5559626
7.161217 3.1124425 10.263243 2.599194 4.6570663 8.097906 9.137737 8.3478775 -4.040278 1.545243 -2.655077 2.445048 -1.7137289 1.2947397 2.3624148 6.5526323
7.163377 3.1119194 10.261491 2.5995104 4.655057 8.097602 9.137384 8.347486 -4.04014 1.5454789 -2.654881 2.4463758 -1.7117586 1.2950072 2.3625946 6.5526776
7.1636286 3.113977 10.257835 2.599896 4.657549 8.098263 9.132256 8.352135 -4.040589 1.5454395 -2.6548634 2.4467578 -1.7113955 1.2948778 2.3626347 6.5520864
7.1629176 3.114808 10.254041 2.6000266 4.6598573 8.099408 9.130359 8.355287 -4.0412083 1.5454513 -2.655119 2.4464836 -1.711832 1.2948139 2.3626318 6.552864
7.163391 3.1160617 10.249139 2.6003256 4.6614127 8.100122 9.12714 8.358676 -4.041441 1.5454885 -2.6549416 2.4469452 -1.711213 1.294806 2.3626678 6.5527744
7.16435 3.1170506 10.243664 2.6006236 4.6622233 8.1005945 9.124376 8.361425 -4.0414586 1.5455568 -2.6545863 2.4476542 -1.7102379 1.294865 2.36271 6.552699
7.165242 3.1185207 10.237296 2.6009898 4.6635723 8.101318 9.120743 8.3651 -4.041504 1.545613 -2.6541624 2.4484088 -1.7091273 1.2948906 2.3627517 6.5522804
7.1657057 3.1206295 10.23018 2.6013849 4.6657386 8.102256 9.115985 8.369915 -4.041718 1.5456022 -2.653861 2.4489982 -1.7083404 1.294825 2.362765 6.5516906
7.1659756 3.1229086 10.222575 2.6017535 4.668134 8.103197 9.110951 8.37498 -4.041984 1.5455503 -2.6535835 2.4494896 -1.7078044 1.2947223 2.3627484 6.5511827
7.1667995 3.1249723 10.214508 2.6021554 4.66995 8.104014 9.106231 8.379604 -4.0420175 1.5455508 -2.6530519 2.4502828 -1.7067314 1.2946942 2.362754 6.5505157
7.168176 3.1269994 10.205949 2.6026232 4.671287 8.10472 9.101468 8.384062 -4.04184 1.545598 -2.652319 2.4513967 -1.7050917 1.2947264 2.3627899 6.5495605
7.169618 3.1291878 10.196944 2.6031227 4.672689 8.105472 9.09642 8.38879 -4.0416355 1.5456464 -2.651546 2.452576 -1.7033327 1.2947571 2.3628287 6.548463
7.171232 3.1313856 10.18759 2.6036472 4.673961 8.106209 9.091364 8.393519 -4.04135 1.5457118 -2.6507144 2.4538543 -1.7013812 1.2948098 2.3628774 6.547271
7.1726174 3.1340425 10.177541 2.6041112 4.676054 8.107153 9.085061 8.398998 -4.0412455 1.5456731 -2.6493115 2.4551692 -1.6996502 1.2947538 2.3628364 6.545886
7.1753073 3.1345904 10.169143 2.6048398 4.674119 8.107019 9.084486 8.400942 -4.040078 1.546105 -2.6503348 2.45642 -1.6967965 1.2952234 2.3631816 6.545414
7.1781216 3.1373687 10.162516 2.60602 4.6697173 8.103255 9.080525 8.403963 -4.038571 1.5463197 -2.6560802 2.4568973 -1.6959972 1.2955601 2.3637445 6.5450997
7.1761475 3.1418245 10.147903 2.6058512 4.6805563 8.109154 9.06906 8.4151535 -4.040527 1.5458038 -2.6491632 2.4579766 -1.6952119 1.2948108 2.3630564 6.542714
7.177379 3.144742 10.136912 2.6063566 4.6829133 8.110285 9.06249 8.421188 -4.0404253 1.5457661 -2.6479096 2.4592273 -1.6934905 1.2947445 2.3630216 6.5412416
7.1895266 3.15324 10.141345 2.6123345 4.6546574 8.090064 9.056808 8.424423 -4.032343 1.5475147 -2.6819649 2.4592004 -1.6894184 1.2967589 2.366745 6.5371156
7.185146 3.1543975 10.118172 2.6096516 4.6776714 8.105423 9.044733 8.435028 -4.0374403 1.5462755 -2.6563697 2.4627557 -1.6871579 1.2952583 2.3642795 6.5349417
7.188151 3.160397 10.107681 2.6113193 4.677347 8.103974 9.033238 8.44441 -4.0364246 1.5463929 -2.660057 2.4643502 -1.6843424 1.2952979 2.36482 6.5311074
7.189206 3.1624393 10.096914 2.611694 4.6787004 8.10474 9.028917 8.448881 -4.0362096 1.5463967 -2.6593366 2.465274 -1.683103 1.295321 2.3647902 6.530603
7.191919 3.1676989 10.088431 2.6135802 4.675792 8.101838 9.020889 8.456612 -4.034697 1.5467204 -2.6667442 2.4658177 -1.6812494 1.2955921 2.3656323 6.528084
7.1891055 3.1691198 10.074486 2.6127884 4.6851535 8.107536 9.016402 8.463133 -4.0365252 1.5462968 -2.659822 2.4659736 -1.6818838 1.2950636 2.3648112 6.528753
7.2032933 3.1951227 10.079774 2.6241086 4.6542387 8.081167 8.979412 8.490843 -4.0268035 1.5481915 -2.715764 2.4652264 -1.6758401 1.2964761 2.3709602 6.5110126
7.1969843 3.1824503 10.054606 2.6169233 4.6797595 8.101324 8.991512 8.48178 -4.0334635 1.5466455 -2.6718812 2.469382 -1.6758428 1.2953222 2.3663695 6.520088
7.201007 3.1897774 10.044817 2.6192698 4.676622 8.09791 8.9779825 8.492016 -4.031816 1.5468559 -2.6792455 2.4709883 -1.6727179 1.2954489 2.3673 6.515156
7.209852 3.2092433 10.04065 2.6262996 4.661568 8.083396 8.94356 8.514769 -4.027034 1.547394 -2.7099404 2.472141 -1.6683694 1.2956158 2.3706775 6.5008516
7.202597 3.1983578 10.021007 2.620822 4.68216 8.099639 8.960352 8.508194 -4.0317535 1.5466552 -2.679924 2.4728107 -1.6702394 1.2951053 2.3674183 6.5111446
7.218589 3.2501752 10.038377 2.642041 4.630746 8.055414 8.873733 8.566165 -4.0176487 1.5485511 -2.788599 2.4665966 -1.667453 1.2953002 2.378877 6.470631
7.224103 3.256138 10.025434 2.6436176 4.627646 8.053678 8.855427 8.573395 -4.017086 1.5482047 -2.7886057 2.4709182 -1.6625665 1.2949635 2.3791757 6.463368
7.223995 3.2950263 10.037563 2.6604438 4.5931096 8.029494 8.784846 8.623576 -4.007955 1.5491323 -2.878106 2.4586725 -1.6676655 1.2935077 2.388671 6.4267826
7.2150126 3.232471 9.984624 2.631956 4.6688614 8.084391 8.899269 8.556778 -4.0252447 1.5474929 -2.7223577 2.4755297 -1.6615188 1.2952017 2.3721993 6.488955
7.22627 3.2891984 10.003896 2.6553628 4.613078 8.040806 8.791335 8.621418 -4.0120597 1.548384 -2.8428965 2.466237 -1.6628678 1.2936229 2.3848777 6.437028
7.2091346 3.3802755 10.0425415 2.6981428 4.5173345 8.001169 8.565891 8.7379265 -3.9970756 1.5464444 -3.0621996 2.4329023 -1.681679 1.283302 2.4093537 6.3065376
7.228874 3.3004677 9.98247 2.6588125 4.611725 8.040129 8.767214 8.640051 -4.011023 1.5483809 -2.852973 2.4676054 -1.6595005 1.2932073 2.386167 6.4279933
7.230119 3.3244944 9.981376 2.6687846 4.5910726 8.02867 8.711465 8.670696 -4.007393 1.5480925 -2.900343 2.4636803 -1.6600435 1.2913853 2.3914194 6.3997297
7.219131 3.3711293 9.995661 2.690064 4.54605 8.009296 8.591932 8.731514 -4.000738 1.5465105 -3.011701 2.4456024 -1.6729417 1.285562 2.4034579 6.334056
7.213335 3.392155 9.993197 2.699902 4.5253615 8.005921 8.529215 8.760287 -3.999578 1.5453513 -3.057931 2.4393506 -1.676255 1.2821363 2.4088626 6.2981133
7.2180357 3.3903806 9.977062 2.6979647 4.532394 8.009134 8.535714 8.75967 -4.0008707 1.5456063 -3.0419726 2.4448922 -1.670522 1.2829783 2.4072957 6.3044915
7.206843 3.4182224 9.9765835 2.71161 4.5019984 8.007777 8.441316 8.796766 -4.002039 1.5432917 -3.106494 2.4362528 -1.6760385 1.2771275 2.4148817 6.2487764
7.1785846 3.4561067 9.9823675 2.7312117 4.462836 8.013136 8.307751 8.85204 -4.004683 1.5395479 -3.2046885 2.415791 -1.692308 1.2674035 2.4263144 6.165807
7.1390295 3.4946756 9.986523 2.7532492 4.4122815 8.03019 8.140629 8.9067745 -4.0147543 1.5336708 -3.312758 2.393946 -1.7108451 1.2537367 2.4393845 6.056872
7.1699333 3.4757683 9.960089 2.740842 4.4395657 8.023765 8.218431 8.877925 -4.014167 1.5365808 -3.240354 2.417581 -1.6888009 1.2613192 2.431149 6.1130686
7.092904 3.5332484 9.971317 2.7756045 4.358933 8.0632515 7.944411 8.960411 -4.038295 1.5258799 -3.4151373 2.3791595 -1.7236841 1.2369212 2.4522855 5.928941
7.0493445 3.5601246 9.969202 2.7914827 4.328786 8.0887375 7.811852 9.0037775 -4.0514784 1.5202668 -3.4954476 2.3577933 -1.7444881 1.2243705 2.4619377 5.840682
6.09585 3.8304434 10.030702 3.0265684 3.739025 8.754768 5.5173097 9.405471 -4.450631 1.3954252 -4.694787 2.0067492 -2.1568096 0.9613948 2.6170645 4.147328
7.623448 3.357321 7.7982717 2.859305 3.7356272 8.776717 3.5099723 8.6963 -3.5363514 1.2489767 -2.4798517 3.3754709 -0.89117825 1.0214179 2.3408625 3.5462246
7.036153 2.5758529 4.0226564 2.601189 5.3327484 8.7368 7.868501 6.014496 0.09672727 1.3217555 2.6298337 4.9356213 -0.7223922 1.4477577 1.9183105 7.0117865
5.7986956 2.2131512 2.035397 2.5081034 4.97815 9.693472 9.27672 4.893048 -0.018707886 1.2750245 2.9063725 5.401088 -0.40717623 1.4435177 1.8184822 6.8601165
5.480174 2.054414 1.6467268 2.4967206 4.896253 9.996045 9.478881 4.6588125 -0.10967468 1.2623453 2.8472538 5.4609857 -0.35919392 1.4286728 1.8095421 6.718233
4.567468 1.52391 0.9121138 2.513837 4.618005 10.906223 9.577357 4.2009535 -0.550389 1.2219802 2.2723856 5.5051575 -0.3370972 1.3488882 1.8337411 6.0716243
5.4426146 2.0314252 1.582443 2.4955633 4.8785825 10.0284395 9.514989 4.6423597 -0.12444842 1.2613266 2.8348718 5.4710217 -0.3499749 1.4278936 1.8085409 6.6991796
5.429987 2.0405927 1.4535402 2.5001855 4.7833414 9.997265 9.596314 4.8096385 -0.13669643 1.2606103 2.777409 5.4921465 -0.3308482 1.4347293 1.8066161 6.656265
7.14255 2.703751 4.0423 2.5215359 5.7683544 8.750951 7.862301 5.7471275 0.33421013 1.307142 3.641479 4.929182 -0.7352967 1.4279543 1.8658539 7.1723704
7.194179 2.881489 4.518075 2.5283902 6.1196866 8.712823 7.239925 5.4056177 0.51237243 1.2903916 3.759491 4.7469907 -0.9245593 1.3858134 1.8765486 7.248157
6.8852606 3.6486053 4.9765487 2.5078654 7.036209 8.844392 5.559832 4.034914 1.3678422 1.1847562 3.948796 4.131341 -1.4559307 1.249702 1.8433957 7.282986
6.1681113 4.783382 5.3367257 2.5109463 8.37097 9.372077 3.3431017 3.0099525 2.6190648 1.0396532 4.2444077 3.1033714 -2.2569668 1.0467416 1.807306 7.120263
6.2584643 4.353362 4.0825744 2.2634306 6.9048595 9.290196 6.753066 1.766226 0.6656394 1.1421053 4.6615562 4.5658245 -0.8063898 1.2154422 1.6907617 7.5639653
2.9871025 3.596654 0.07859743 1.1208802 4.6861405 11.959054 7.063871 1.9410634 1.3255463 0.88743436 6.425103 2.7568393 1.573305 1.0809046 0.9787944 7.598523
2.6111398 2.3635378 0.27813977 0.71000063 3.2928843 12.394627 5.1834526 2.4497592 1.8996404 0.7359178 6.1106176 1.4685874 1.8431225 0.9913578 0.7673645 7.6815505
3.0058074 2.0335824 0.4855233 0.56024003 2.7201953 12.218372 4.676844 2.1029167 1.9606347 0.6663196 6.067757 1.2069882 1.8868148 0.9617088 0.69721985 7.48198
2.6254892 2.100085 0.35246474 0.603837 2.9655523 12.403689 4.794159 2.3644252 1.967881 0.6855984 6.1633873 1.286314 1.8215406 0.9664564 0.706661 7.770827
2.6133971 2.0382533 0.3587883 0.56279445 2.9136405 12.402165 4.721541 2.4954326 2.0671794 0.6811205 6.208584 1.1980847 1.8515766 0.9774556 0.67678475 7.9656286
2.114451 2.051814 0.19043225 0.5981989 3.153017 12.606071 4.8511577 2.6951056 2.0252318 0.67964244 6.516028 1.4315962 1.6340506 0.9739059 0.6646869 8.534287
2.4545074 1.565413 0.2622484 0.5281887 2.792482 12.366966 4.9895153 1.8675346 2.2416632 0.66004825 6.8630123 1.5648079 1.6482035 0.9939966 0.6311848 8.641199
2.2379532 -0.45582056 -0.011350393 0.4741125 2.2667637 12.132466 6.228826 -1.0023098 3.002678 0.6442704 8.695621 2.8196223 1.1934761 1.0851114 0.56205726 10.307431
3.3270068 1.0018091 0.55916256 0.3604381 2.0705075 11.876614 4.7735257 0.7072029 2.4333534 0.5997244 6.994937 1.4416256 1.7757281 0.9936291 0.56779516 8.281998
1.8194008 -0.591249 0.24231255 0.19333148 1.6024861 12.291904 4.701093 -1.5091496 2.1979842 0.36345255 9.057642 2.8071232 0.29081592 0.8635056 0.3563534 10.773447
1.5245414 -0.7791419 0.15699261 0.19660378 1.6166868 12.379348 4.737578 -1.7280293 2.1699681 0.34482527 9.320801 3.0065749 0.09970063 0.8506522 0.34090626 11.128534
1.7057214 -0.65860033 0.21418321 0.19010329 1.5991478 12.306556 4.688216 -1.5911374 2.1742759 0.3524835 9.157713 2.8771152 0.20767742 0.85561824 0.347288 10.912347
1.7832294 -0.82864857 0.033162415 0.30591917 1.9048185 12.182517 5.4013 -1.651866 2.5945146 0.47466373 9.305492 2.9879 0.53582764 0.9611056 0.42197514 10.972495
1.5480423 -0.8617768 0.07052904 0.24366784 1.757122 12.267365 4.977515 -1.7550325 2.3459082 0.398386 9.411123 3.0175567 0.24771234 0.89692616 0.3690809 11.174337
1.5666175 -0.87704134 0.047848046 0.25916886 1.7985029 12.218586 5.0202174 -1.7482853 2.3972278 0.41664565 9.413477 2.9930232 0.30892098 0.91164064 0.37916398 11.160467
1.4772487 -0.81290007 0.13736945 0.19574308 1.6252708 12.315634 4.7134256 -1.7618403 2.1654854 0.34306467 9.376254 3.0186048 0.075871676 0.84990454 0.33650076 11.195593
1.5543485 -0.76067924 0.16313761 0.193434 1.6151519 12.283484 4.7069387 -1.7051239 2.167381 0.34568214 9.301447 2.9734972 0.11786926 0.85152256 0.33987463 11.101959
1.6408701 -0.876966 0.016718924 0.29332685 1.875196 12.119233 5.1449947 -1.7106619 2.4983456 0.45498276 9.35103 2.944403 0.45268035 0.94070697 0.4059099 11.057506
1.4341674 -0.89029837 0.05250907 0.24579477 1.7395487 12.201646 4.7538824 -1.785594 2.2703986 0.39058876 9.385368 2.949705 0.21980757 0.8822516 0.36679137 11.163559
1.1560597 -0.72873545 0.17962855 0.17879152 1.4340205 12.396777 3.7549453 -1.7056627 1.7542678 0.27730072 9.040321 2.705538 -0.050650597 0.749007 0.33121264 10.752781
0
0
0
0
0
0
0
0
0
0
0
0
0
0
0
0
0
0
0
0
0
0
0
0
0
0
0
0
0
0
0
0
0
0
0
0
0
0
0
2
2
2
2
2
2
2
2
2
2
2
2
2
2
2
2
2
2
2
2
2
2
2
2
2
2
2
2
2
2
2
2
2
2
2
2
2
2
2
2
2
2
2
2
2
2
2
2
2
2
2
2
2
2
2
5
5
5
5
5
5
5
5
5
5
5
5
5
5
5
5
5
5
5
5
5
5
5
5
5
5
5
5
5
5
10
10
10
10
