84
1.8567192705851663 1.7955916802586016 3.142689930616764 -1 -3.1100000000000003 -0.72 0.0 0.0 -3.67 -1.55 0.0 0.0 0.21999999999999975 -2.9299999999999997 0.0 0.0 -0.33000000000000007 -3.76 0.0 0.0 2.7199999999999998 -4.59 0.0 0.0 2.17 -5.42 0.0 0.0
1.9561848855981903 1.7074539120371723 3.1315802549303235 -1 -3.1211203433446526 -0.6872565203690583 0.0035433162666072366 0.01365401889166413 -3.6098221337256784 -1.5939840255223499 0.03287348199998084 -0.018899623157890823 0.21777798064524934 -2.9320937674117173 -0.0036757514585497213 -0.005240021358523703 -0.3309035342770663 -3.765436405860976 0.0024623843363327617 0.0032127422437379346 2.70458787184322 -4.565792310990313 -0.0108916211160948 0.006585611855718269 2.1199327156532615 -5.410155324126884 -0.022448832598803394 0.014636048337034491
2.189026222711281 1.8118811975305606 3.0830962358085947 -1 -3.118049459711812 -0.6039721185390137 0.0023581186358710296 0.01079540344228427 -3.467572000414462 -1.5969844626602345 0.022572046682993313 0.017395331528953204 0.21067098073441315 -2.9157978223348637 -0.004809251233363094 0.0040332116699422355 -0.35514974947345657 -3.7701701610159275 -0.0068235391110460526 0.0038024500656212087 2.6509238597203337 -4.46706299609588 -0.017351641023937187 0.024258011570540906 1.9648698330501153 -5.3114889187671315 -0.0260106197455025 0.032172787330379995
2.350025685703793 1.991828900400489 3.0038985490702417 -1 -3.0942451371590955 -0.5588066885462084 0.0063672672553321315 6.970306824512912e-05 -3.4459000925594827 -1.5020834826712637 -0.004206339311801323 0.018315831817452638 0.18108671318445602 -2.8549077079550624 -0.011314149283109202 0.014513974712474821 -0.4195091348383606 -3.748842479297535 -0.014614874111623785 0.010888252250820869 2.5629171488237885 -4.295891225817404 -0.02190177686672328 0.03394750899291009 1.8637929337658896 -5.156737009604647 -0.0147700379176861 0.03404196126404266
2.3419284007574626 1.975418149119696 2.948131413995304 -1 -3.0650728354744254 -0.5421029381149899 0.005284011900220444 0.003211205118720851 -3.510289173312603 -1.4492529910463459 -0.010224362857706882 0.005194291823339272 0.10481269953312644 -2.759393149591914 -0.020561225613385692 0.020673975224993077 -0.5124949914012693 -3.6749264468264733 -0.02152454144972732 0.020733995693583487 2.459878453239334 -4.128234693032894 -0.02288076452060935 0.023147543510705297 1.7579113214945998 -5.006805569510589 -0.025918347060341382 0.030933880409705825
2.3195151364165496 1.9418120175209854 2.962663054509183 -1 -3.070001665119329 -0.48394630770942004 -6.376738336584097e-05 0.018727894235717624 -3.551675375489474 -1.431537133613575 0.002148982010668176 -0.0011863229967815979 -0.012520566184651472 -2.6391107561252793 -0.03730879635700261 0.029951642946074913 -0.6423147116471122 -3.5586074361904534 -0.03469983453028278 0.035459114990255725 2.353373524293601 -4.041902825393512 -0.0021348833223312214 -0.0013050298617915965 1.5915846003894023 -4.871364180226058 -0.01975834155315709 0.002332452286468327
2.353443953842448 1.9836395714977755 3.023402447221599 -1 -3.1084900623357985 -0.3604832614032456 -0.009562843008821275 0.04026773815845108 -3.5421006075829005 -1.413527651749432 -0.007165678831300808 0.0007751427246449442 -0.1315778803310197 -2.4982128137633763 -0.005741633941764952 0.020396549803544953 -0.7590786819305122 -3.4284683516285335 -0.0035156047775133405 0.01686452241165151 2.234238880729018 -4.001821397693975 -0.0363562121630658 -0.0014885568969499586 1.4262423255108576 -4.758228473160603 -0.02020103775446242 0.030929406165314983
2.3487517914750584 1.9842115438133505 3.06750492056925 -1 -3.134554299000506 -0.22779312127494522 0.006369267268588358 0.019284462864202292 -3.5308118782032847 -1.3682913783968385 0.011326388900828342 0.009797498873160823 -0.21142837622245825 -2.3304042516562036 -0.015760582522830434 0.04183284152729044 -0.8135126387400993 -3.288128959844106 -0.014101517085466968 0.03213911977146605 2.1214546391692037 -3.9370359842261213 -0.03280850683238262 -2.656445061962418e-05 1.3089730936354433 -4.6677129545200255 -0.00854916679394644 0.02624890445855524
2.330971132332976 1.97618648344677 3.090444233638299 -1 -3.1280166522816817 -0.13252836984027905 -0.0109451804253378 0.019296984330204735 -3.5314307095519126 -1.301823972521896 -0.016007028951394296 0.01926280627897593 -0.2150656813760552 -2.174641954977716 -0.011282707140026422 0.03792132661054679 -0.8246938385429976 -3.1415150340683224 -0.018284013234371253 0.03979552922417272 2.0429407948989375 -3.87448809648297 0.0026451612507680557 -0.011580397332300062 1.216017630017566 -4.599525724157414 0.0018822005741933427 -0.009830891276750865
2.3534849212585414 2.0022539381608393 3.1144191504789602 -1 -3.1280364505474667 -0.06805027766274463 0.007573027960864311 0.007570625498164115 -3.5005982071836907 -1.2408356695414653 0.023701083265787418 0.008315786913923467 -0.1634454931163658 -2.066345093425106 0.0034290012145453477 0.02432643128163165 -0.826603027235802 -3.01441135619067 -0.009065019779749635 0.028009144021629698 2.000244011090132 -3.857640072990281 -0.003734393161729032 -0.01130458649164608 1.130158542330558 -4.545017027361251 -0.006539764133873707 0.0043272589486457284
2.406558207683804 2.0272962995814905 3.1307278076139577 -1 -3.1742492980685073 -0.013580235760369264 -0.008609969845304544 -0.002138957109190826 -3.434874082991046 -1.1900375254397768 0.025358105284383273 0.014610462437747756 -0.09947973852486047 -1.9966033846213715 0.034663693200257556 0.0006389776369820459 -0.7963867855327478 -2.922717406647614 0.028869400663255416 -0.002182536462304499 1.9894288578413377 -3.870424856958292 -0.008884458171580133 0.009937244365930329 1.0677506728594377 -4.496523076515962 -0.01829490625324388 0.024946810778629005
2.47647102876319 2.08309752544967 3.128711469286571 -1 -3.2253161479468977 0.03404386965607631 0.00025216500748168925 0.003157200364720962 -3.3687129484576155 -1.1436782857160321 0.022607419089976984 0.011546616766908654 -0.03230678952860089 -1.9247960284273058 0.0005293816151631975 0.038539033865173544 -0.7256343651482551 -2.838391372594773 -0.008834406735749631 0.02762985967936274 2.013091308018131 -3.8984521631556492 0.025571145510759445 0.0008956109432166066 1.057807343343308 -4.474503714418992 -0.00775915156268801 -0.010482345916264131
2.5596314801858813 2.1662114732673627 3.123837491290696 -1 -3.2489702116868253 0.06947274806578263 -0.015452446654313428 0.009738579873081646 -3.3327825351478615 -1.0927816317588235 -0.013613489953057849 0.009014786644678401 0.06549306034637681 -1.850738324447812 0.014929014043632586 0.007017986336376318 -0.6379356420281317 -2.731777273154372 0.021834871430318953 0.031665172178607225 2.0502880521881828 -3.938368397581167 0.018912067196449375 -0.013644938348268434 1.0744935122284494 -4.466177048830848 0.003694227147528366 -0.011015338076989978
2.6387180583631147 2.2346195241998155 3.13485598329967 -1 -3.2541814785979324 0.09200395266961925 0.0069300628451555175 -0.0009162645727079904 -3.3075685441572524 -1.0460311312216601 0.01703313001490498 0.010714617771159063 0.18352002094869135 -1.7794606992279034 0.015792992269587372 0.02493075698090144 -0.5576410688330897 -2.606514686753492 0.004327831399347994 0.03230032527030875 2.0878365219303276 -4.0021961420142045 0.006030013121393974 -0.027227592025648978 1.0878883775008 -4.4581237502414925 0.010555638304141836 -0.008911478834247966
2.712818514797912 2.290337031433123 3.131552974022721 -1 -3.2691578304560815 0.10447971956147772 0.0019596532062761355 -0.01339329134652843 -3.2769426980123466 -1.010759962905585 0.015460517232097364 0.016364997986920097 0.2916407843246773 -1.7073077697948547 0.03029484470974769 -0.0038431449286468657 -0.47248415360178164 -2.4915828397031596 0.037760911152349204 0.008083729625922517 2.1044554271667764 -4.0648641048871195 0.0013428930880983268 -0.02886636757070328 1.0824505956458932 -4.440062148023326 0.006815555364294786 -0.013994002349092646
2.7703741896126175 2.345867632930713 3.098519271411569 -1 -3.290233874951935 0.11136930931546019 -0.009528124212613478 -0.0029918620629596293 -3.2434544522494733 -0.9889072189916089 -0.002067977561614382 0.0051015563782308366 0.37443405218844816 -1.627950221388875 0.023503851522154628 0.008519014950516116 -0.38104569836322977 -2.4054008714788795 0.026997357934064943 0.005278172424004702 2.09736609194998 -4.10624493860081 -0.017716546935712132 -0.01626806862509115 1.0654642601340738 -4.429630982810016 0.010223858147539094 0.0013175581469320168
2.799452225219723 2.371529670853543 3.0655589131674543 -1 -3.298550225481654 0.1102614475079684 -0.009451003582193909 0.0001212541164865447 -3.2227229262925254 -0.9786454011823387 -0.010390764422969618 -0.001825618247009064 0.4369099846511144 -1.549235814452222 -0.003529216360156318 0.02729915366929747 -0.3026733539361377 -2.3332062619006386 -0.0031040820174667565 0.03003281883972964 2.08414305904937 -4.119164098454398 -0.010068103772349093 0.01905766772417789 1.0404332267972674 -4.409013182334608 -0.011081768577513756 0.03141978895056635
2.80409101585896 2.37518563760176 3.02843740843665 -1 -3.2907822335276657 0.10241261745861063 0.011616807046553818 -0.0050206247362100855 -3.2218650960854567 -0.9796524710381727 0.010361834307278718 0.0030170630304663035 0.4895827457120143 -1.4899358952865789 -0.004926750044375428 0.021505250796409466 -0.25722621759754816 -2.2640952119183417 -0.008931874348961644 0.02840160617171214 2.062173017560731 -4.11414895281525 -0.012879909435215815 0.021698165956321826 1.0084895398794682 -4.357331303603006 -0.009706330085790225 0.03791657837318375
2.825453394145541 2.3910878450793245 3.0008770903776614 -1 -3.281417983145576 0.095976192165939 0.010863549536173826 -0.004386996890074268 -3.230434914487859 -0.98576012193374 0.010869957121282131 0.0028384003258702904 0.5156127011113698 -1.4386556715889085 -0.00916045628452243 0.010260306821829525 -0.2480181008271236 -2.2029353225397736 -0.0018821181778653755 0.020997935558180657 2.035159259852535 -4.097039562853423 -0.006072008067045622 0.028043276683069596 0.9676329745009582 -4.2889700920328035 -0.01494490591835848 0.038835139336607837
2.852631119602999 2.4212047250454782 2.986455367041513 -1 -3.2844947462883436 0.09731842322191775 0.004906627936517853 -0.0007160985568930316 -3.2347016184967528 -0.9912348012051909 0.008547856291426585 0.0015559487033562466 0.5081680987979285 -1.3874394597933917 -0.020108327694490384 0.006517600876269087 -0.2483241561487466 -2.1682315553617046 -0.0007189622042740526 0.019987684095447475 2.0071538985474806 -4.05467899597058 0.002707092073578239 0.005015777726477891 0.9341358962852198 -4.221579885347451 -0.009160114445153054 0.003559232402777456
2.8820259548302727 2.444256355147854 2.983245993754071 -1 -3.2970732033172343 0.10720096458554229 0.005665724897963811 0.0025944964476369995 -3.2337631024064857 -0.9929161596372621 0.010549521229432087 0.0017367519262392363 0.4726791590913155 -1.32806641526934 -0.001811776010423205 0.018869243733061945 -0.26058734704570075 -2.144734896418173 -0.008880843843535127 -0.0008841496624968255 1.9878454495918296 -4.0044427669118345 -0.009848667571326377 0.03515361439427378 0.9059474319839076 -4.160992524551334 -0.007440257716519778 0.043997532751737484
2.897435438032487 2.464649020548532 2.9729791528754035 -1 -3.3140140990917377 0.12814395890824715 -0.010434293982816022 0.003177692421367138 -3.2459537184655183 -0.9904774432197668 -0.013156182356349676 0.001452772708536899 0.43304160404991254 -1.2799106726479854 -0.022731104854504997 0.01843721225124869 -0.2871721314753115 -2.1164669845081594 -0.022352676645874682 0.022726281275635998 1.9710016968677637 -3.953111962656418 -0.006842333551654401 -0.016701581857467535 0.8855821046394494 -4.095111378720565 0.0056275371297473085 -0.017497975264858596
2.9103808737966594 2.470068310075109 2.9626832068500613 -1 -3.32244891575795 0.15600002295541682 0.0013930335945826731 0.007160146362497184 -3.2592624579931226 -0.9772768904490953 0.0018945890516813522 0.0032543767126423356 0.40268489727998524 -1.246744038890732 -0.0075405532577704736 0.015478533369663925 -0.3237676570419561 -2.0817279487141223 -0.016496228429116497 0.008823648286800405 1.9541834511572729 -3.9091504080542854 -0.0031777224554182942 0.0174294118381114 0.8668299078490245 -4.026703966887042 -0.007010885364099717 0.025093911458301296
2.9260561640604186 2.492230798215798 2.9656579881568104 -1 -3.3362261784353455 0.18685663147977194 -0.014074870588474214 0.0061578725257961445 -3.2643703020800485 -0.9550219313173262 -0.012462678719384085 0.003721637687709509 0.3721231092880082 -1.2120005746968867 -0.016139406444321353 0.012788221264185405 -0.35600987611003365 -2.049563205319084 -0.012609338144416102 0.016652205532550174 1.9327908600939807 -3.872943667130963 -0.0007267112826558134 -0.01827346449254093 0.8442894388829281 -3.9736220733665824 -0.0026913159397807295 -0.0250078387867968
2.930357748385736 2.5029708119217315 2.9713215248243956 -1 -3.362343361548622 0.21627361052435723 -0.008717878285232725 0.003325509626841755 -3.2552683283703905 -0.9256537097097399 -0.0010244358167765429 0.007240475564352001 0.3510023676002181 -1.1731995318609325 -0.023984711479394308 0.021210470279273374 -0.3659751910999889 -2.0195217057170893 -0.02009844577436097 0.027588525175341133 1.9112207044956042 -3.8350168549918453 -0.0076386429618791225 -0.008168538734210608 0.8220611580116284 -3.938334918310497 0.00040998060327723644 -0.011718247360787536
2.9342112339930333 2.5026754017868105 2.9795534743165404 -1 -3.3901726689078204 0.24201578707230076 -0.012000832692987885 0.002452872376644194 -3.240286768636567 -0.892788541743523 -0.007489483809836463 0.006075437742378387 0.3438317697092055 -1.1301469879093613 -0.0065326501671394924 0.01600207675328807 -0.3719605589709385 -1.978211565648506 -0.01099477847561388 0.016510669186512443 1.8898946803326941 -3.8105221319905405 -0.003533177031342185 -0.012411018524310046 0.7995256613056281 -3.903342522567167 -0.002662521662967563 -0.010594089534674564
2.9307360920010193 2.499044418525233 2.9856858000735773 -1 -3.4084566930942453 0.26618349332741675 -0.009244516223446679 0.007160394945746728 -3.2335629020301146 -0.8611503779783911 -0.007327923610989072 0.0022090661814800246 0.35460568075497356 -1.0929211412909903 0.01058910216830199 0.007851813161119128 -0.3766238432669642 -1.92501491832792 0.000937839147730761 0.0049001568548615645 1.8665659471815577 -3.795379925578162 -0.00692893769730456 0.019108835403022384 0.7769662245748545 -3.8704357609639075 -0.005702926682033476 0.026651933846008755
2.9289239132424103 2.4904063662803746 2.998841772206283 -1 -3.4200758824697557 0.2858859731134915 3.58912218697896e-05 -0.005658932241039704 -3.231886648201086 -0.832179142061426 0.0010700801917381628 0.0119180506129547 0.3712623460276614 -1.0553692148188132 -0.0047269836647575066 -0.004854326141967244 -0.37567093230251114 -1.8620041276416721 0.011500408859506608 0.019069847710862724 1.836913526709215 -3.7837627240417815 -0.008221992869593079 0.02609675530943157 0.748435960298111 -3.8437588920989736 -0.00798505747918209 0.03656574163904583
2.928711100881566 2.4968755923446997 3.015058755342838 -1 -3.436180970583541 0.29947032311058996 -0.01234963846015853 0.004278495695254184 -3.2223911111556287 -0.8083773987571512 -0.0068539814636493085 -0.0004794318866638749 0.3911130819566049 -1.0113559880853538 -0.009390151355093097 0.0208874775020141 -0.36667461260578094 -1.8088720769236657 -0.012612746085798616 0.02423527855578784 1.8036714227048103 -3.7713115967799227 -0.002401566579237317 -0.012935408872419311 0.7136584361290579 -3.824670391729812 -0.009131927107857455 -0.017397783260080926
2.919772165555316 2.488072233646858 3.0326116482742687 -1 -3.4545746237538806 0.3058628761327984 -0.012908872131117586 -0.0009905384476178187 -3.205171052055099 -0.7872037880725464 -0.009796202221414984 0.0005867671144300997 0.40563025306636735 -0.9672404274068935 0.0005661574020874999 -0.00029358586337549855 -0.355305625408457 -1.759395121894969 0.010387953201604171 0.010317381802665448 1.7686301815020844 -3.754363164710832 -0.0036013453890326045 -0.016095126738604755 0.6804670522679688 -3.8038190717430598 -0.006838875367199041 -0.020102451886217877
2.8959048479951095 2.460319989993615 3.0452430944834776 -1 -3.4669125240609677 0.31340613084402125 -0.006025862296412048 0.00430140852136293 -3.1991115772578924 -0.773195934626596 -0.00460873941665636 -0.0010816909321714318 0.41484712205009444 -0.9261045359640468 0.012047721233260828 -0.007213520883938108 -0.3516551726648727 -1.707758463116003 0.016635593034760494 -0.003313672860058816 1.7467132497558264 -3.7280687027429686 -0.012985121728717502 0.03026125734440952 0.6530420442794398 -3.7710348723074305 0.00033401587631948747 0.03938481919040105
2.8803402720256326 2.451273480231336 3.052946382972251 -1 -3.4725763535012617 0.32537130816668713 -0.00970343131930573 0.002161643594640584 -3.2046983860619163 -0.7609657998357238 -0.012028326838950457 -0.0015368660273017507 0.418941361242843 -0.8840018455365594 -0.006420503694647663 0.01385761157967241 -0.36164786549449524 -1.659927814994571 -0.008694765796618735 0.01648623504704405 1.717225324705364 -3.7057606013791875 0.003453597869357547 0.005885817443987324 0.6267780193674461 -3.737532117331079 -0.01445880700459228 0.008185437781521053
2.8813296291836203 2.459937192720162 3.058991877175906 -1 -3.48144389993498 0.33695332485363627 -0.00959096972561015 -0.000597156730870586 -3.209044510770898 -0.7492879361513556 -0.009593403990104735 0.00018913711598194174 0.41201084805259836 -0.8452709650372805 -0.012555748187977285 -0.004621112580007842 -0.3659679123324828 -1.6191826844895152 0.009178291360595487 0.014468452924263624 1.681389245582662 -3.6832142707598146 -0.011850925178048565 -0.003987015558640304 0.595282362049244 -3.7046894442072924 -0.0009026297075190736 -0.004453363772551108
2.876291250618226 2.449805026327506 3.0677484109917463 -1 -3.497351689044059 0.3470206431012557 0.007390733356035496 -0.011347135705003189 -3.204537905846034 -0.7373280823329491 0.00761784785738713 0.015896798586489083 0.4022105754016234 -0.8077285363369845 -0.021064023458819123 0.01891059578705069 -0.36953666133825 -1.5903627469590091 -0.01728390078892646 0.026404459998415 1.6629906456852472 -3.653331352231587 -0.018952200326719505 0.0036190457093739606 0.5755031248123492 -3.666510338036039 0.008939133674861186 0.006532489003837478
2.8731015727550706 2.4440735458181635 3.072762712497949 -1 -3.515342854618854 0.35940510139629644 -0.01327848953389464 0.0021261657567948405 -3.201681380961491 -0.7240412240856642 -0.012673586287936762 -0.002861838504013343 0.387951897907687 -0.7759604916317391 -0.007229723379631833 0.012534944192784812 -0.37774274121310825 -1.5636425766741961 -0.010291072119644161 0.011868207198211769 1.659721042393758 -3.6256274472343777 -0.0032663251358920897 -0.0052475988243025525 0.5580144186993117 -3.629113916742707 -0.0025917130594882327 -0.006576316539630436
2.887528132832361 2.4644947961834873 3.0677136850344295 -1 -3.525776467869604 0.37258633592594115 0.008064260184644267 -0.00815416585905086 -3.206817741253185 -0.7110365131065013 0.0036952349930777124 0.013382100168659023 0.3817780673598836 -0.7513273963580788 -0.01320665652723521 -0.005703035880032632 -0.3874599036261923 -1.5372974178854162 0.005461829018271783 0.014475377106594503 1.6366928940838008 -3.5953756622676876 -0.027651106420258434 -0.0003953720119986258 0.5452070154267146 -3.589316534319249 0.013067515533510814 0.0006886999782847424
2.898961089503136 2.473399860894812 3.0633041745716065 -1 -3.5326611442535887 0.38627700709652046 0.004993867415216416 0.003921309290831943 -3.213066479648535 -0.7006850192935695 0.008165232162218273 0.0050822936917785 0.3699213135567385 -0.7215617382776144 0.008236418761024928 -0.012145717767512079 -0.40060232999848644 -1.5106218564882314 0.018128426148982992 -0.00966053420139809 1.622068788167411 -3.5736085602645895 -0.011409858088885196 -0.017180558988320622 0.5320773957946052 -3.5568507701656076 0.004127761131526149 -0.020087954918617656
2.900423130189756 2.4698372095417422 3.0680819669900474 -1 -3.5456547154971543 0.3951753621662888 0.013753830539177702 -0.009840045889081342 -3.212616695750846 -0.6893031600132595 0.014422413983584256 0.018087887486311925 0.35957851256455786 -0.6951516591634521 0.014519562636030253 -0.000614460197755351 -0.40435773272949405 -1.4884739592842824 0.009769328681522287 -0.011986210024751818 1.6208073222443842 -3.5520195667267775 -0.00824300325816878 -0.01820420940202509 0.5238786969043794 -3.522215083209497 0.003012191765699639 -0.022514125961673175
2.9106734889839885 2.4875951245400993 3.0717529879336833 -1 -3.561957540296584 0.4017178006590245 -0.007527396691960881 0.004597294964849686 -3.204979152277944 -0.675607045471305 -0.0020395413000702835 -0.0014917432834068282 0.3582200529216042 -0.6654807759538823 0.012306446447552872 0.009387187800598815 -0.40766642920191476 -1.4618214139642742 -0.0006516629471604272 -0.004981200130919605 1.6127106630898114 -3.5310150985263413 -0.000816181137949127 -0.01006909971662356 0.5169744925620119 -3.49472287816822 -0.005021990569966895 -0.013289389037368293
2.921027109618451 2.498458552382048 3.065984974888576 -1 -3.5731110906428505 0.40897208510131255 -0.0029254691548420697 0.006180538431944455 -3.2040882623984617 -0.6630458279320123 0.00020138033242217673 -0.0010135924651342686 0.36104329691540915 -0.6361760289320935 0.010345808907942363 0.012457279024558758 -0.40826931555331036 -1.4312694310111411 -0.0037029209134215417 -0.0022188381252160527 1.5947285386722747 -3.5109848387005984 -0.0009871204789426596 -0.016681191477998875 0.5044310999218249 -3.468103646314567 -0.005932934750055224 -0.020024046837032655
2.922014797375298 2.494499961887215 3.0682339561203062 -1 -3.5762177008729914 0.4157275777072671 0.005207537558972373 -0.008278274831236464 -3.209136675844265 -0.6534066668427816 -0.00026566061252764755 0.009718651355331506 0.361364986187346 -0.61025118922244 -0.009152603590770024 -0.0034643491413108626 -0.40692343428580013 -1.40314087922733 0.006668494994285679 0.012177597421848669 1.5800032257559558 -3.495529928356677 -0.009581488777968257 0.005063699882343481 0.4952757666920613 -3.438982266114308 0.0035743688129965794 0.008496899231737388
2.9197829401581963 2.491443110531572 3.074199943877528 -1 -3.5802268014155714 0.4204493474773858 -0.0003492300905264178 0.002293985287675538 -3.2077754102444285 -0.6456440739721445 0.003046992070370501 0.0009214340458738347 0.3605841882539549 -0.5842460707268602 0.012641206972750755 -0.009377706949547943 -0.40360274065602475 -1.3739646161839556 0.018287333108311633 -0.008978307149026017 1.5764498727609872 -3.4823116875301388 -0.008257593565834854 0.005860591922427947 0.482511704635165 -3.4146426170180244 0.002339394269136182 0.0072947028567475255
2.9162714027062813 2.4885825874739127 3.0770435457550787 -1 -3.588152721479351 0.41900815613747544 0.007805858212274248 -0.010616708828862263 -3.2026352059293446 -0.63966988708299 0.004953830255121415 0.012234388656928118 0.36681075426312315 -0.561357066964433 -0.014538827785995698 -0.0026709178689307347 -0.3973875687825901 -1.3462644470418077 0.0034755191169503225 0.019375361772062193 1.5688347746896847 -3.461964321625569 -0.010469399512066461 0.005910024899431529 0.4660905135342146 -3.390764725334533 0.002112027029800359 0.006339507238180723
2.9108054343811878 2.4806741359919644 3.0768566873958956 -1 -3.5954867311557854 0.42178584281553033 -0.008547944972252437 0.005099640672344563 -3.1986854581499533 -0.6347851232168062 -0.005425711639761508 -0.005925451903273178 0.372292961896977 -0.5363181717770804 -0.01268181197188171 0.015932452221730155 -0.39713287923330665 -1.3215528810943713 -0.014888456852809795 0.02051179509052131 1.55529906685409 -3.440947976238735 0.0010494660344138266 -0.011934747308949313 0.44866278200772136 -3.3647990389647777 -0.008299155080520737 -0.01452307047030088
2.9120122733537412 2.487842029061199 3.075403476897025 -1 -3.5988926334211566 0.42654918242421647 0.0027840123353099367 -0.009654150883054137 -3.20155337200654 -0.6295932012017056 -0.004588482798108978 0.00794067804610104 0.3744845839385498 -0.5129573628928918 0.006289941670235381 -0.0009899221395056786 -0.3969018786987508 -1.2999407091643869 0.007856028210004825 -0.00320497229933318 1.5324961409489273 -3.4233705244347052 -0.00549163020240235 -0.01661170031206685 0.44024580267479685 -3.3378733639915863 -0.004542286139320699 -0.02166299835625208
2.7679020654065996 2.398148483221971 3.089360458286345 -1 -3.5010542735292782 0.43503754302120856 0.061805613982977126 -0.009232855542528548 -3.2267496470180514 -0.7110462789028009 0.00279594321912316 -0.022284396088066694 0.36848916532856 -0.4917230808194062 0.006148664432233768 -0.007089413128337883 -0.40624903521914035 -1.282205806369256 0.009817238019497573 -0.00893350716825721 1.518128429875632 -3.385954496850386 -0.01958910260236021 0.016393813327974037 0.4173846438413227 -3.3174221169017457 0.0027208239911775504 -0.0022270918561435003
2.3871997795327853 1.9846408487069238 3.111795457581111 -1 -3.3190435645670378 0.3016604249361101 0.006157981411007603 -0.04739868108163814 -3.258151177304473 -0.9104147644969965 -0.014210462928982062 -0.03441117185422821 0.3607830785413908 -0.46835783106217554 0.009875219446375686 -0.0036169364899557885 -0.42806569806836325 -1.2788380412582157 0.007534378643458126 -0.011502934631704227 1.451004445972739 -3.259181611088713 -0.03345249160535388 0.03970884771534329 0.3137348495909782 -3.3090864292131617 -0.0336481593811061 0.02538897503352391
1.9862431972107288 1.658045329395803 3.1855993235610236 -1 -3.3312284340964853 0.10490765843083749 -0.00016554076352259459 -0.030073800004554268 -3.2479739633677926 -1.0542620346799267 0.01584079122686199 -0.018041532294895274 0.37902975680231155 -0.4322550686856711 -0.007509511142858532 0.018968399661847803 -0.43994735957831654 -1.2718481017330463 -0.007413306785812982 0.018456422872803104 1.254282631401221 -3.225758124390648 -0.035236457349036535 -0.023099459060334674 0.12443685178990727 -3.321821093447598 -0.034207303750858994 -0.02594051274897347
1.7978558845774277 1.5118698511931563 3.3174382931796185 -1 -3.37645135864504 0.03259375736354353 0.008640313400836517 -0.005965517468791531 -3.2295487697512675 -1.1426124459086007 0.004168425038331516 -0.013073945436228309 0.40599602984765415 -0.3961651423288538 -0.01008507156605485 0.017545834767216353 -0.3929252294574468 -1.2200768546682914 -0.008378600155671425 0.03145955537220484 1.1197573917965107 -3.2608261050442464 -0.01374291930588754 -0.0325312567990321 -0.013137617750713204 -3.3883750207262384 -0.0062813192689811035 -0.042708020061438326
1.7127107192719502 1.4477818898372807 3.4379000682859298 -1 -3.3380211812531417 0.004551616186218466 -0.010199124055821327 -0.008455292397532774 -3.281485199418212 -1.203336452535633 -0.03378358463006842 -0.01057043059213562 0.4202633482561877 -0.3748193162616643 -0.008641406884013924 0.008993651695667298 -0.34725378683081853 -1.170738161585907 -0.010120560841465974 0.02178945469989642 1.0871597239236985 -3.2746967306834542 0.003062167290589975 -0.022142541827282546 -0.010248397082154526 -3.5000074192582074 0.02130028537822863 -0.042200983543593105
1.6146843782697853 1.3721602968203555 3.5035880521375895 -1 -3.280558174690026 -0.04471910769485776 0.020264780323364914 -0.013398389862946909 -3.340430436667458 -1.2590225012908436 0.002711565325254687 -0.009591597671056112 0.41999424166899857 -0.40175398802112827 -0.0010853335911467244 -0.023537251447194412 -0.3451921212943798 -1.1970239768562265 0.013701726194723957 -0.02468049371723736 1.1180040172122228 -3.265995490736862 0.004345190994373197 0.020155700191322446 0.07239142373058183 -3.618555098742618 0.009350305728202038 -0.005218327759053941
1.5364802220453362 1.306313587951951 3.497451790889605 -1 -3.274435728697772 -0.08605407619912242 -0.009580822733586538 0.0016432820874234008 -3.3568000252025674 -1.2949722694285029 -0.00410426234587505 -0.009631937494984805 0.4033178577435237 -0.5182929979598438 -0.022819100720288664 -0.04776517741441075 -0.39569518633547407 -1.301130434741791 0.0016202966017121977 -0.0204801411465763 1.1758724016007198 -3.287184309099136 -0.006707402692397233 0.022858917646885732 0.15624084270319205 -3.713053960077622 0.007268466412836641 0.015090990024165564
1.4990225773498354 1.2777987635884989 3.4430400881714682 -1 -3.288469874905843 -0.08624328994798858 -0.019824588364654613 0.006329961906530207 -3.3431560868916446 -1.2927798514234417 -0.010402046663806338 0.003291110074023277 0.37367930920501635 -0.6699395723299751 -0.016257674905054302 -0.023781208754687137 -0.45103284573235847 -1.4560972513850694 -0.017235812637802366 -0.019841856241115258 1.26094132326544 -3.3516789371388405 0.019945390102146826 -0.026066441255995224 0.23467187583640214 -3.801421671718558 0.029035026862745936 -0.026168282963789792
1.4846418790656686 1.2654694558929838 3.3899132565560612 -1 -3.2929285164961923 -0.0546307890852018 -0.003052075913125528 0.011990461670319546 -3.335549967275238 -1.265726584575307 -0.003045095407776229 0.0024912681409383387 0.33706479847743065 -0.8128211862097837 0.005528464818505342 -0.03585234376142126 -0.48929204768694934 -1.6181956148523127 0.006618931929710713 -0.04612423385816463 1.366240962791017 -3.4109523650980407 0.009809439055803136 0.011807122931842547 0.35285114861634614 -3.907594204910738 0.021116655365040565 -0.003934570648592181
1.4799928781081815 1.2647132537730148 3.3465494182938356 -1 -3.2754016276000373 -0.019999179085044227 0.013770839193080971 0.0058246218423589746 -3.3383117647414995 -1.2276077358511057 0.006727160381518537 0.005270987867019181 0.3171174801295198 -0.9368995570036963 -0.018195416404282492 -0.011589443743457144 -0.5103709261562259 -1.7567875620272622 -0.019676643537935603 -0.0049010416867242695 1.488100171027721 -3.45871602079348 0.034547367847563674 -0.01388630077042817 0.5214162527908579 -4.02769116344694 0.03332445497545459 -0.03272044341724597
1.4809390789451105 1.2629211410686227 3.2628932841901412 -1 -3.252492668787178 -0.0018181464044755291 -0.010214313483488549 0.004296617441877641 -3.344667923105035 -1.1995719278616248 -0.013814142396067085 0.0033811893529998895 0.3133258111110431 -1.0701159467873842 -0.010944214643949119 -0.04463583466306148 -0.5152040148467938 -1.8749099233277935 0.015143065796651842 -0.02024524108002141 1.606131942484537 -3.507315577344309 0.004993120417960807 0.01569211114100613 0.6926699229483724 -4.136108384509283 0.012128749075385078 0.002118067923113632
1.4688304964585905 1.2604135393456306 3.1872018739556074 -1 -3.23384032160775 -0.014779776966616698 0.015328981705354384 -0.01818863571666326 -3.3511417564164843 -1.1972448167569083 0.008569500097349705 0.006796299729551601 0.3087293873308772 -1.2244268558658802 0.006591529386405882 -0.044086517641761164 -0.510507105610106 -2.0199091173630395 0.015097965488350084 -0.04324771800468365 1.7193754110360242 -3.5763459158012822 0.03724655831235443 -0.03503312892004021 0.8415378352695653 -4.243103924836696 0.04400229027348299 -0.03961860030220225
1.4567381461996074 1.2532226910088509 3.093902374929105 -1 -3.211122486621666 -0.06353886036007927 -0.008733069811835883 -0.007854087743688598 -3.367499560970778 -1.2290026819886153 -0.018523063771663933 -0.009936466482713647 0.2945437914263467 -1.3810094181442243 -0.018104734032480575 -0.021675642625551505 -0.5070744190083993 -2.1845183295078106 -0.010425642386628256 -0.01749426123296782 1.818209545197636 -3.638380241033487 0.033873499667633186 -0.03057735700954295 0.9806955923556506 -4.356554543214715 0.045781342210425756 -0.0386428585197123
1.421708305673033 1.229500768941722 3.0027859306912448 -1 -3.1813793266074617 -0.14460028063154395 0.015817925515315193 -0.0240365418024496 -3.4048435433016992 -1.2885307744068535 -0.0011083011519046316 -0.012446214918420363 0.2881543339026953 -1.528960078474391 -0.011952371632661211 -0.019126971306864655 -0.4932172955088676 -2.3491593448724677 -0.008089491573785832 -0.020306669803902826 1.9043115256323002 -3.6843040246813286 0.03389417115138808 -0.02905570052194935 1.1269082763157918 -4.4712297045574285 0.04909735174310648 -0.035598799006827796
1.3574077541604581 1.1835619566310993 2.885158248523833 -1 -3.1469514937060508 -0.2457439439609892 0.016195384182308745 -0.025624656144932565 -3.461028298909181 -1.35933219768325 -0.0030894526998765655 -0.01606407860934915 0.2859068971763712 -1.6694316298987797 0.015903434864030976 -0.04060759309721847 -0.47706002848932183 -2.501131145610424 0.018988305246646343 -0.046014698549136444 1.985259091387202 -3.7323870573413154 0.040439511974121406 -0.04300745488311229 1.270032131414201 -4.5737900130511475 0.06396111478514183 -0.033197824854455805
1.295447924143801 1.1354527022773024 2.767004317294695 -1 -3.1274663523125827 -0.35018699965719036 -0.004652442104911546 -0.017029103612653633 -3.526002313297788 -1.4287900298407736 -0.01930059110880803 -0.011399098212456282 0.27986868603299 -1.81257647173749 0.005897323424547369 -0.03925045824684517 -0.4651892979737129 -2.6556364911753936 0.015090384094325305 -0.039917813325344574 2.0583623280741916 -3.7824078533526864 0.003897514830321664 -0.0019007896171324527 1.3958652608941335 -4.662851328941796 0.013688175866310708 -0.01159298113542595
1.2408759690569267 1.1009819010610942 2.6523712657406016 -1 -3.1203588930910855 -0.45332057336156706 -0.01586533238073237 -0.012279929199894011 -3.589356463332531 -1.4898046796463593 -0.026685031533858657 -0.0038777890172119866 0.2512422532459091 -1.9513125897686279 -0.009804820009329827 -0.03494944350971359 -0.4596542462509401 -2.8142305744016696 0.008400276706404072 -0.029832625271961705 2.1260640957351615 -3.828882440480644 0.02035841412246709 -0.0006392288579243968 1.5205562363028475 -4.747200568475762 0.019214962732150915 -0.026951225051870083
1.1850982774991894 1.064253438563427 2.5394461666269303 -1 -3.11788736454284 -0.5543497249514369 0.013274416016379497 -0.029218910750141203 -3.654599272345211 -1.544407247827977 -0.0018611789325156149 -0.015674837506979983 0.21266938303235605 -2.0866633281193026 -0.016220001517174083 -0.0157863799236588 -0.4517489649956321 -2.9806512458114147 -0.01307644854630887 -0.02821764716768342 2.180962598245677 -3.85333277873815 0.021995006271137152 -0.0006118550947182035 1.6476541449988167 -4.816319295963554 0.026026751988865702 -0.02245727161651112
1.1178406956184637 1.0204375770376433 2.4212276191978646 -1 -3.118761447723534 -0.6559146183770204 0.010582301247785662 -0.0289712400561872 -3.726633934869333 -1.5890889351949173 -0.004472990498771895 -0.013631018316483846 0.15949895678255732 -2.2270225901133376 -0.016431189773317922 -0.0384517385889922 -0.4578917619314442 -3.1411637034939965 0.003535686156992141 -0.024600266455566816 2.234712070771092 -3.8618963844591976 0.03659288929805293 -0.01392694638331708 1.7734479970941175 -4.858323800653981 0.0493558606114712 -0.012545421903091323
1.053384035876848 0.9772531484737491 2.3040945489422953 -1 -3.127197380977404 -0.7488935057300885 0.004214054111712027 -0.021908180627267446 -3.8011057226648846 -1.625789018711532 -0.009697703556402294 -0.012251559545885946 0.0971323886924873 -2.373402414380937 -0.028035969408002494 -0.0361193716955718 -0.4877547194411509 -3.2992385611253363 -0.00742457759128801 -0.015420887703636614 2.27844672336301 -3.8583475424970484 0.0031709145502633006 -0.01797096204418796 1.8814350973763876 -4.874572474517807 0.03371644096488209 0.018366622232380135
1.008725649687688 0.9526984934568651 2.193223041996725 -1 -3.145082639372991 -0.8305357275130499 0.005259481478623115 -0.021760230248691576 -3.867296038590173 -1.655480730601154 -0.00628414411584134 -0.013056195531852215 0.02360021771789178 -2.5124470694620458 -0.03493819522792513 -0.01852196902766801 -0.5272856266833421 -3.4521652315543254 -0.02515051336013302 -0.01710543532729354 2.301407752013996 -3.8481068204663376 0.024886745646385003 2.3485815807655977e-05 1.9677364926050975 -4.883045543857097 0.03246023750749453 -0.009637413621001938
0.9462692126640084 0.9148458988158729 2.078055481057109 -1 -3.164875957793461 -0.8995413139336201 0.002809975046271506 -0.02412096160772754 -3.924245337825407 -1.6778168276073515 -0.0010368282876604476 -0.007860378493303255 -0.05713181009609514 -2.640978130053445 -0.007956878120455691 -0.03191399100670737 -0.5656428300589091 -3.5959449643335875 0.00321482346328995 -0.029989734922101607 2.2972205029957724 -3.8189663157349796 0.0206173018427066 -0.0009058117479269464 2.037332607174542 -4.873040538984108 0.03435265416616591 0.0034357840624595487
0.8607103327979724 0.8591423550284331 1.9618562584768353 -1 -3.185673302166201 -0.9569135090106328 -0.006521954442066499 -0.02536271986355439 -3.9787782454442064 -1.6928829030802053 0.004240840552417532 0.003957685206138465 -0.14135676836886546 -2.751989283766193 -0.0050691468688759365 -0.023798583099765274 -0.6135273441561835 -3.721636677426121 -0.0015342250746958087 -0.03020339545723656 2.271923419104551 -3.7794491178993344 0.004664136199568314 -0.0016880690113325095 2.081232943781666 -4.848272775429942 0.01976747980204749 0.012152314695855752
0.7735198499687165 0.801633521764885 1.8634696079621451 -1 -3.2031476200241156 -1.009973085104427 -0.0010024553014569438 -0.005510213568732585 -4.030004091688174 -1.7045469069863461 -0.015295022240096956 -0.005572318552216359 -0.22294825778742577 -2.849214049390193 -0.0004328916360195256 -0.029051178159745204 -0.6734261016015477 -3.827174916683102 0.00491540748703758 -0.023360861797748652 2.21998206166736 -3.7467881115819552 0.008541739461785873 0.002050294797788607 2.0883543778849525 -4.819735934499278 0.017475327189176545 0.006348152013635318
0.6746127325713877 0.7343199272461166 1.7795147554955844 -1 -3.223482519503593 -1.0556952278043166 -0.010548068958580719 -0.002541483261629982 -4.076854794893604 -1.7111254144270425 -0.011278096059058636 0.00567753265304389 -0.3046195217600287 -2.9261688085024273 -0.005790105416382786 -0.021937237653954098 -0.7435305536188213 -3.9113881183805614 -0.000896244456293948 -0.01583300537241971 2.1479166375845784 -3.7138332494669224 -0.04509973347683535 0.00659191447056906 2.0678238741623973 -4.792491334987638 -0.03009677352365888 0.009115896541704745
0.5628045927125421 0.6549239883366671 1.720134320470309 -1 -3.2463649960303096 -1.0895644978994732 -0.005294412506366257 -0.0004173680652941429 -4.121460652308468 -1.7208456475965055 -0.013453345906748309 -0.0018897810550978023 -0.3962708466309257 -2.9799763397034695 -0.009418932650784542 -0.006121392728895482 -0.8243617110168526 -3.976183633787273 -0.013413488197079187 -0.021232137088643147 2.0649085435346466 -3.6815851513359537 0.0004983419768373673 0.003213235633559257 2.0358143306932392 -4.7648931766498475 0.00820046105001384 0.008679588189085078
0.45965293969385135 0.5765340874915686 1.6958905647909068 -1 -3.273924922688499 -1.107756310640105 -0.006874021267103509 0.004201781936003264 -4.169357927153465 -1.730141879109389 -0.015879981540388464 0.0002888653166612529 -0.4893962952082713 -3.020475469245132 -0.01268344606569747 -0.002795356123535599 -0.9086126657271958 -4.0254173598760286 -0.017138775179343944 -0.016294500755540064 1.963672808235823 -3.655836614840704 -0.010589182746192742 0.0007919080887278983 1.983631393796908 -4.737479490240851 -0.0024573492513240286 0.011017557987011897
0.35921097139344565 0.4958296964311192 1.7009096404699893 -1 -3.299851415429572 -1.125877411833627 -0.008989925526718285 -0.015512590301962432 -4.218822040259944 -1.735642808092412 0.0034752308931218978 0.0029666658378132314 -0.5778083996476737 -3.0517635126940603 -0.010468346298767667 -0.0017106410502197751 -0.9965335566232274 -4.060859064611012 -0.01645424663499869 -0.013411694371609535 1.858931967824403 -3.6334233891712953 -0.004091052430107385 0.0018177547259736358 1.9211875694260385 -4.7170632110553505 0.0006057701542955714 0.009652472471611141
0.2616625300486465 0.41349768381901214 1.7285173428877012 -1 -3.321579817425117 -1.1489024849633933 -0.00862582834549509 -0.015282999695229463 -4.271290510755261 -1.7359111376497611 0.0019665578602721095 0.003065586676716224 -0.6611408262411795 -3.0765507755936716 -0.022614197449711104 -0.003423435191832915 -1.0854618291351676 -4.086614604931244 -0.02238812439267862 -0.0018013477028275566 1.7533568735119642 -3.614384285585569 -0.011712758304678751 0.0064670144046685 1.85007657222555 -4.6992192039745095 -0.006864844269622174 0.001572105252982783
0.17594235914473677 0.3388845896245292 1.7761901369792539 -1 -3.3461175466799773 -1.1741377498299284 -0.011236787546578437 0.006258174733043956 -4.324184373796492 -1.7359970420818316 -0.015614716711149751 0.007694020278015267 -0.7405892292043394 -3.1005389843911026 -0.027943132983824955 -0.018683944974412014 -1.16922314158658 -4.115070780872112 -0.012614024159997 0.015263956254977399 1.6507962429231906 -3.598585757764514 -0.005800304549790802 0.004140200806006926 1.779238977323189 -4.682564008495433 -0.0019081857212830053 0.005879838564732566
0.10200450652103335 0.2678343938018134 1.8403169554173002 -1 -3.3755203164240624 -1.1977545224703876 -0.016145880063384646 0.01648524972191958 -4.371524148339088 -1.7387003017618423 -0.018065578887853043 0.014744284751608008 -0.8195347638615424 -3.123171364697407 -0.0032301963247863396 -0.007724428522726424 -1.2446405245327248 -4.14556928431873 -0.0048763122778573195 -0.013095453232253588 1.545747898090088 -3.585430687575928 -0.04616091778210264 0.0024917388209275415 1.7086460589291796 -4.665919726529345 -0.03399569686934186 -0.0059721551833906705
0.03151343950907586 0.2031431848125282 1.8756504243852021 1 -3.402080798039199 -1.2191165137692463 -0.013148735739631365 0.01232996621980427 -4.414915093448331 -1.7385688554962155 -0.014970729665817927 0.013180402229365323 -0.8997972004955614 -3.149615718233829 -0.014688121840518155 -0.02025289557171665 -1.3176773785498894 -4.177883599154849 -0.0033267250201697938 0.0051499719282225975 1.4584070855239606 -3.5754604660005094 -0.0023842917030496777 0.0037119717680793186 1.6493549615798475 -4.652364404043322 7.35143134706906e-05 0.005167230615646312
0.029418465839095593 0.1441415315085518 1.856053041643703 1 -3.4254761701831704 -1.2436691314768091 -0.00900044894675629 -0.015795802929655246 -4.456314602799147 -1.7320383885475357 0.005185691934400846 0.0020279984389062356 -0.9706563999402418 -3.1849186816647403 -0.042044523721980656 -0.0008142825502873543 -1.385899209565208 -4.217947350658903 -0.035694884996644034 0.005373574729124491 1.3801881675785932 -3.5683367292926547 0.003073256774364194 0.002854389043060483 1.5979962948358901 -4.641281672703521 0.0040710351323393346 0.008716848195011197
0.11651242866195631 0.060773681083617866 1.492263831915932 -1 -3.589310226170563 -1.3136460034900048 -0.04597955937296355 -0.02019444793747047 -4.592054051217828 -1.8014885497885977 -0.043979084420958645 -0.01507220966598548 -1.0619545678067501 -3.3365234563226442 -0.026505671349020217 -0.06222871513724415 -1.4649516934635334 -4.327813577280341 -0.009188858761533785 -0.01548298284635138 1.4703136637354621 -3.739223340374298 0.02494886576302116 -0.06254092021551476 1.6484890618377932 -4.711543587976631 0.025405811457522666 -0.012353037568709363
0.0976635320463331 0.1534356567437047 1.0631071401303318 -1 -3.8541912868369748 -1.502915808355278 -0.0525083357863604 -0.04108898111598606 -4.805635791509427 -1.7434600352878684 -0.0556527122415757 0.030324990316534517 -1.111443134148133 -3.630842472934952 0.0012450702482078024 -0.05481870772582781 -1.4698328314678482 -4.5361512573606575 0.008610576493512916 -0.05857158445596571 1.7690061260513188 -3.934547150648528 0.05221062166466307 0.0024136323410190175 2.056223142661655 -4.744259305631447 0.1177738716325749 -0.024309075500195017
0.06952482836115265 0.23898316304828615 0.7542707776751543 -1 -4.156685774866967 -1.6311684152522574 -0.060475643819111684 -0.02124266019541207 -5.018258647550214 -1.615763660715619 -0.02584397591169288 0.004268003897882438 -1.0580766931916363 -3.9668892386453893 0.00713298043262665 -0.05783892134275275 -1.3176196185938354 -4.782674065826988 0.028569395924978196 -0.04742008999237876 2.096671285664657 -3.9631170178742567 0.04684643528729759 0.038134031420553244 2.5335163141299635 -4.657863926133752 0.09800928389995799 -0.01594163175386082
0.08479172583962548 0.2796629973468349 0.4358588402511054 -1 -4.340351054532877 -1.6311100353038772 -0.012705051339966703 -0.0007719191502509864 -5.1410968772942915 -1.6491391955295798 -0.017048484063955795 -0.015489089134880823 -0.9220933846259487 -4.235418052783193 0.033539887400268566 -0.03463055481365197 -1.1071204046347058 -4.99637422543629 0.038586049317725815 -0.042044320793057643 2.385019342155446 -3.87228518706663 0.07343536311747759 -0.008753882069598871 2.8273842802345497 -4.557394585935134 0.021635699330247192 0.06214537367376225
0.05664155602043169 0.3710776081183712 0.2441175309452802 -1 -4.341335879544736 -1.6646503832219088 -0.006096038081173694 -0.014416336341175203 -5.091358858119822 -1.715148364864073 0.05883769451806927 -0.011351686639312757 -0.7860258513313592 -4.384435732034739 0.01531262601833125 -0.05689976912371902 -0.9328864358841273 -5.118713129359971 0.03957826461547721 0.026373384699434357 2.5512463861564596 -3.781944804732576 0.049267511115010876 -0.018486150289195997 3.030322212997852 -4.431855160249012 0.004386780480834816 0.06530531491586031
0.03663232656637646 0.4331954196202762 0.10405211189905571 -1 -4.182596967338056 -1.7063920934808192 0.01777070270313582 -0.009501307271141127 -4.906709372098717 -1.7542613481804523 0.0754972038928285 -0.009880702616093629 -0.6865889237274425 -4.436039410245146 0.010922143448994247 -0.043882466028201575 -0.8012612600243401 -5.185405504338549 0.030173971178461885 0.034594876706338124 2.6549916398233453 -3.7031783602973025 0.045418020257451217 -0.017087795273467363 3.141752409468749 -4.3391393249171415 -0.019137035653343983 0.05133860143206628
-0.8188729 4.773949 1.0056562 1.8791766 5.772077 10.226338 10.227651 0.59838533 0.56911445 1.2284292 6.610709 4.437971 1.0172752 1.3304074 1.3253323 7.543248
-1.1095529 4.5678315 0.96476924 2.165471 6.011643 10.5300865 11.869763 1.875184 0.15008569 1.2827226 6.724683 5.2249064 0.48685864 1.3847884 1.4949524 7.308451
-0.886148 5.046846 1.0286419 1.9675463 6.0188303 10.337069 10.693282 0.599339 0.32731092 1.2362356 6.7052984 4.750779 0.8074063 1.3295777 1.3775814 7.4802485
-0.29569292 2.9589932 0.8658672 1.4945388 4.341967 9.723626 8.3571825 1.1258278 1.7862525 1.2062902 6.06485 3.0255609 1.9974986 1.3688488 1.0904702 7.771471
-0.05197668 2.325944 0.8320961 1.3481965 3.77698 9.481233 7.568442 1.4341455 2.1668968 1.1862993 5.8378377 2.4749925 2.3326123 1.374959 0.9972486 7.7770057
0.18239307 1.9366837 0.8319185 1.2232962 3.316649 9.223129 6.789901 1.7547998 2.3629467 1.1527116 5.6443253 2.0077553 2.5541623 1.3650407 0.91313976 7.700563
0.219522 1.998157 0.8371608 1.2531824 3.4118896 9.2775955 7.0170126 1.6198266 2.3395777 1.1640174 5.680888 2.129738 2.5166535 1.3721526 0.9333947 7.71747
0.15615988 2.3638346 0.8565615 1.3629935 3.8080554 9.47546 7.7152233 1.2781186 2.1424627 1.1907436 5.8406286 2.5597496 2.3119833 1.3807416 1.0055012 7.754338
0.45637655 1.8718395 0.85679173 1.2033418 3.2167559 9.134993 6.7038054 1.7110887 2.3913023 1.1477417 5.5842876 1.9485891 2.6015234 1.3676438 0.8981187 7.6394587
-0.21127129 4.405279 1.0240031 1.8005166 5.4535065 10.070223 9.979649 0.41848302 0.81384325 1.2259467 6.4692016 4.230067 1.2217423 1.3483633 1.2734225 7.565674
-0.41086578 4.9443145 1.0603398 2.0444067 6.035865 10.37306 11.294912 0.65231013 0.22897455 1.254292 6.696758 5.052074 0.66580415 1.3573487 1.419791 7.4220567
0.061032295 4.0548334 1.0145072 1.7258056 5.1570315 9.931482 9.634298 0.4663372 1.0487533 1.2220323 6.3370323 3.9586391 1.4224341 1.3586315 1.2272348 7.572423
-0.454113 4.431643 0.7864349 2.0698128 5.524792 9.815107 10.789497 4.9658437 0.11685553 1.2735612 6.2095757 4.1998134 0.86718833 1.4121311 1.3907138 6.8794155
-0.69712114 2.916373 0.70896715 2.3778691 5.4035873 10.418023 13.397733 5.887753 0.27081466 1.3893775 6.3974314 5.300828 0.34726396 1.5534983 1.5958831 7.1812778
-1.2035499 3.1264367 0.70910466 2.5126343 5.8691206 10.748846 13.540288 7.783865 -0.24601953 1.4287453 6.0827637 4.9638834 0.12312415 1.5428156 1.6893051 7.1255527
-1.6918006 3.8542218 0.684718 2.5855222 6.556996 10.877479 13.503899 9.265626 -1.054174 1.4519706 5.677075 4.208032 -0.029843748 1.494177 1.7463721 6.7378755
-1.5230179 3.5819516 0.7994411 2.5893285 6.4533567 10.962501 13.571898 8.860401 -0.840006 1.457185 5.7495303 4.4382067 -0.057415426 1.5105041 1.7567419 6.9812984
-1.0599256 3.0666533 0.96355444 2.5561671 6.0527725 10.86204 13.546146 7.9551773 -0.3918666 1.4459759 5.836414 4.7641144 -0.013222873 1.5374331 1.7398806 7.1330914
-0.9049454 3.0003896 1.0032295 2.5518577 5.977271 10.821343 13.544666 7.8287315 -0.34948552 1.4447474 5.796886 4.7893825 -0.0052482486 1.5418317 1.7381243 7.137789
-1.2397118 3.6922514 0.9266784 2.6047616 6.4342136 10.898965 13.421202 9.044172 -1.0527903 1.452672 5.458723 4.2295322 -0.080077946 1.4933206 1.772451 6.762202
-0.23184395 2.4098985 1.1546462 2.5055408 5.3949003 10.672939 13.4123335 6.694026 0.07417303 1.4150516 5.7737465 5.069119 0.07161617 1.5539042 1.7105324 7.058492
-0.91229105 4.3925285 0.9180164 2.633901 6.142577 10.883466 11.95885 9.846281 -1.7012051 1.3525995 4.8828697 3.7741997 -0.016504973 1.3569446 1.7671273 5.5458417
-0.48820734 3.2716172 0.9984524 2.6070168 5.5860534 11.203865 12.454787 7.9553843 -0.8208534 1.355374 5.320819 4.733512 -0.046779662 1.4157126 1.7626374 6.367709
-0.5868788 5.014431 0.78920496 2.7347035 5.4253054 11.706121 9.317546 10.2738495 -2.5191116 1.143683 4.171261 3.6214879 -0.086030096 1.0759571 1.798409 3.7525253
-0.45654678 4.7621417 0.8194396 2.7429824 5.2783594 11.88332 9.348612 9.838895 -2.401293 1.1365217 4.192271 3.8269565 -0.12449595 1.0722312 1.8089998 3.8698063
-0.3282504 4.944564 0.86258143 2.7386851 5.28705 11.707504 9.201996 10.1155615 -2.5130124 1.1341907 4.0542355 3.6659503 -0.08821255 1.0694517 1.8026001 3.711544
-0.22754955 4.434633 1.0392692 2.6782465 5.5732055 11.1854515 10.815035 9.5978565 -1.8752702 1.2629523 4.4565916 3.951021 -0.04645273 1.2556555 1.7860873 5.0002055
-0.04437256 4.2296667 1.0460862 2.7298753 5.1095877 11.823349 9.860706 9.053469 -2.0707045 1.1696854 4.205644 4.1115007 -0.14706427 1.1317825 1.8197082 4.36537
0.040729046 4.978574 1.096358 2.6933138 5.446087 11.016634 9.880893 10.314245 -2.3593414 1.2074068 3.9762254 3.5050387 0.008762151 1.177007 1.7818161 4.1607428
0.15633059 5.0563636 1.1306111 2.7460938 5.159618 11.474395 8.905265 10.281041 -2.6944418 1.127876 3.6548586 3.467676 -0.070839465 1.0616721 1.8136562 3.4886894
0.267251 4.618391 1.3323941 2.6649613 5.53868 10.693783 10.757467 9.920646 -2.0089962 1.2816054 4.0820813 3.670265 0.017278641 1.2845459 1.7832332 4.9074936
0.38485813 4.736147 1.4135065 2.6505246 5.5957675 10.416479 10.872127 10.13779 -2.0461605 1.2999697 3.9860713 3.518354 0.05850604 1.3099065 1.7748164 4.9235573
0.53609896 5.037816 1.284594 2.7585988 4.9288096 11.4815035 8.480446 10.173803 -2.8091767 1.0989542 3.3706415 3.4306264 -0.071094066 1.0290735 1.8238858 3.213838
0.69634914 4.933301 1.2890108 2.7843342 4.63906 11.811224 7.876064 9.872754 -2.9393842 1.0414798 3.193889 3.487509 -0.11143646 0.9550853 1.839125 2.7770023
0.7878051 5.007448 1.3979175 2.7472131 4.8642654 11.287826 8.524451 10.128754 -2.7714808 1.108381 3.2641077 3.408755 -0.035367787 1.0503902 1.8187573 3.2637696
0.9827051 4.987952 1.3155346 2.822306 4.230305 12.177563 6.770754 9.741158 -3.2835715 0.9481468 2.7992086 3.3854387 -0.14345068 0.83118176 1.8574643 1.9035664
1.1098776 4.974782 1.3781054 2.8212929 4.172529 12.10993 6.723789 9.712873 -3.2984898 0.9472612 2.696735 3.3620126 -0.1311158 0.8336153 1.8579721 1.8714623
1.2625904 4.8869004 1.432747 2.8213482 4.045021 12.117059 6.600698 9.538849 -3.3019042 0.93573165 2.5963578 3.3741248 -0.12382761 0.8241366 1.8595006 1.7714286
1.345459 4.909341 1.5007428 2.808889 4.125868 11.908321 6.849989 9.634241 -3.2378867 0.9629179 2.6017914 3.353542 -0.09832537 0.8629056 1.8539636 1.9824929
1.4802217 4.8632236 1.560527 2.812144 4.019725 11.914042 6.702963 9.532835 -3.2709002 0.9515722 2.4842553 3.3439012 -0.09522414 0.8513416 1.8574479 1.8719645
1.6053467 4.787456 1.5994861 2.8147209 3.9108734 11.98601 6.5293417 9.375242 -3.2885323 0.9349512 2.4415095 3.3589919 -0.101000994 0.8315041 1.8609233 1.735362
1.7265182 4.7365627 1.6771504 2.8113234 3.8666873 11.89578 6.5747833 9.306617 -3.2689903 0.9413613 2.3544374 3.3560343 -0.08896315 0.8443613 1.8616558 1.780035
1.8388987 4.692746 1.7314663 2.8108685 3.8069363 11.889734 6.499949 9.227772 -3.2731068 0.9361546 2.3093405 3.3565688 -0.08603081 0.8396814 1.8634313 1.7307701
1.9400854 4.6875963 1.8167062 2.807008 3.8072062 11.751809 6.5968304 9.25041 -3.258497 0.94976985 2.2206275 3.3351 -0.071044594 0.86078227 1.8637525 1.8270121
2.1337018 4.5272474 1.9649282 2.8135407 3.6063242 11.714983 6.4779935 8.976853 -3.2773533 0.94168127 1.939254 3.3492177 -0.0648126 0.8592125 1.8733692 1.7558565
2.21101 4.4548287 1.9425637 2.8030572 3.5972571 11.755121 6.494199 8.850887 -3.2121875 0.93764246 2.0889573 3.3896315 -0.062108606 0.8553773 1.8675267 1.7409225
2.0687966 2.09464 1.2233846 2.7504275 3.6328335 11.85063 10.859185 5.4960413 -0.87220323 1.1849271 2.8383348 5.24011 -0.2148895 1.2808683 1.8477377 5.4432564
2.09156 1.9634047 0.96080524 2.817689 3.4848962 11.901877 10.732288 5.201418 -0.817369 1.1764796 1.7201595 5.166103 -0.28721127 1.3003833 1.8714582 5.4558105
2.1184745 1.6042738 0.9885414 2.8269193 3.3687425 11.926989 11.086531 5.0640345 -1.1068865 1.199939 1.3046117 5.178552 -0.15378365 1.3301234 1.8804423 5.423594
2.3878927 1.434545 1.336094 2.8225288 3.134203 11.670566 10.561341 4.9834385 -1.7823377 1.1747885 0.304389 4.567395 0.030377477 1.2939578 1.8895242 4.4398127
2.1885724 1.973356 0.9777144 2.8992205 3.2323895 12.199463 10.141941 5.296665 -1.0664092 1.1312695 1.0053558 5.091881 -0.43237916 1.2362499 1.9217105 5.0981646
2.2285995 2.023494 0.9533899 2.8667867 3.3368359 12.077823 10.312776 5.1859684 -0.9655045 1.1444072 1.2478833 5.1159654 -0.3802021 1.2561998 1.9003443 5.2335596
2.2801528 1.8992019 0.9856111 2.8337598 3.388177 11.82801 10.819272 5.2398005 -0.8926144 1.1845183 1.4291878 5.1787095 -0.2710323 1.3147795 1.8804116 5.501506
2.3847575 2.0657089 1.104301 2.77508 3.6018643 11.413551 11.108864 5.2375507 -0.565832 1.2190685 1.9042153 5.176062 -0.23454213 1.3687525 1.8475084 5.877953
2.7167196 1.9501863 2.2620676 2.5449383 4.5481 9.800085 12.92007 5.495706 0.42757583 1.4313613 3.9887984 5.212888 0.0072556734 1.6474457 1.7668582 7.6093316
2.78017 1.907877 2.575853 2.526027 4.6878257 9.646612 13.030723 5.5405188 0.4848584 1.4567384 4.235428 5.19011 0.0010674298 1.6709253 1.7739825 7.802042
2.825078 1.9287896 2.7881448 2.5170712 4.781173 9.601083 12.973993 5.4908 0.4978723 1.4641811 4.363392 5.1696057 -0.018014789 1.6724275 1.7813451 7.8846893
2.8485007 1.910742 2.8450916 2.5156827 4.801554 9.562857 13.0094795 5.5224466 0.51134336 1.4701078 4.3852634 5.1591883 -0.02238062 1.6789107 1.7838186 7.922987
2.8698783 2.0178297 2.8523214 2.507921 4.8574176 9.592295 12.846576 5.3319664 0.5375472 1.4598788 4.4186006 5.1427183 -0.036225826 1.6646105 1.7797996 7.9066854
2.8852978 2.022843 2.866237 2.5077887 4.8614798 9.592833 12.834888 5.3218737 0.5367489 1.4598272 4.416276 5.1408916 -0.03807223 1.664139 1.7804592 7.9108067
2.903512 2.1278641 2.8602803 2.4935248 4.965237 9.565552 12.740025 5.149946 0.6383617 1.4555787 4.5032616 5.0911446 -0.05982989 1.659789 1.7722881 7.9305773
2.9122229 2.369823 2.7756238 2.4558492 5.1149035 9.544436 12.649422 4.6787853 0.7238278 1.4459883 4.669595 5.057895 -0.03938073 1.6477047 1.7463175 7.9649506
2.9192705 2.2156658 2.814262 2.476089 5.0088067 9.5692005 12.752124 4.96169 0.64490163 1.4533688 4.5831304 5.099004 -0.03273809 1.6565325 1.7596736 7.950428
2.9138832 2.2172976 2.7348895 2.4679072 4.9603834 9.590421 12.877994 4.913679 0.5706569 1.4550506 4.603416 5.1572723 0.02376774 1.6586943 1.7499994 7.9544563
2.868053 2.4037247 2.318448 2.4150841 4.8889165 9.623517 13.227525 4.45586 0.4163823 1.4499261 4.7701445 5.3223987 0.22734457 1.6570749 1.6941414 7.95726
3.0174637 4.6544266 1.3924011 2.0705342 5.4138904 9.434389 11.8605585 0.51184034 0.26189762 1.3043513 5.3930197 5.070979 0.7997405 1.483805 1.4255086 7.552185
3.6488702 4.370052 1.4114771 1.7179487 4.5150104 8.653918 9.46009 0.20897865 0.77056015 1.2144765 4.9355984 3.678272 1.6670946 1.4209394 1.1966513 6.835809
4.3977356 1.4894142 1.2359886 1.1142488 2.1945858 7.8463907 6.4289603 1.013885 2.5420463 1.1447872 4.2032166 1.525382 3.0698636 1.452303 0.82526326 6.960102
4.431237 1.2898269 1.2305079 1.0509198 2.0085154 7.7925224 6.0994935 1.0810204 2.6239595 1.1224537 4.2169065 1.3749546 3.1053274 1.4417993 0.7836742 7.0237474
4.4580884 1.1626935 1.2351359 1.0001961 1.8724222 7.7287135 5.846856 1.1380391 2.6649125 1.1021793 4.242714 1.273131 3.1111045 1.4328703 0.74922436 7.082061
4.4034076 1.153728 1.2113564 0.9611659 1.8814044 7.736402 5.6694255 1.2883408 2.6737194 1.0868872 4.413804 1.2087469 3.08012 1.4202592 0.7224548 7.1854568
4.1612225 1.5398383 1.1537361 0.9182688 2.0325832 7.838502 5.146964 1.9513788 2.3845468 1.031324 4.763443 1.1253105 2.8526444 1.3576283 0.6808194 7.3254447
4.2851696 1.2419853 1.4092524 0.70800364 1.2534442 7.592408 4.0851064 1.1991932 1.9859506 0.8361019 4.9173307 1.3120754 2.2075946 1.2467651 0.5210972 7.775538
4.2789583 1.2357807 1.4827831 0.6360483 0.97216797 7.566205 3.683423 1.0817733 1.8008817 0.760533 5.0610924 1.4012702 1.9322798 1.1973194 0.46059716 8.015137
4.3291483 1.2800341 1.4585052 0.67420435 1.0126581 7.570605 3.9418316 1.182323 1.9355747 0.80133 5.0645905 1.3808132 2.0989375 1.2248334 0.48604202 7.92083
4.3670936 1.1600943 1.4831672 0.66615367 0.95467806 7.518878 3.9332745 0.9778962 1.9302886 0.79607594 4.902499 1.3983557 2.0735583 1.230115 0.4839791 7.9535832
4.404596 0.90898037 1.39411 0.7896079 1.137197 7.611923 4.9082007 0.72888947 2.3338244 0.92497087 4.485379 1.4926219 2.4345863 1.3376939 0.5830473 8.01713
4.4927607 1.04002 1.4457282 0.72366977 1.0193863 7.4770746 4.290668 0.8376715 2.072746 0.8514545 4.5078545 1.3967135 2.2502215 1.2825838 0.5291687 7.9070554
4.339772 0.66434145 1.3000695 0.88926244 1.27036 7.80707 5.760324 0.46768045 2.6264782 1.0200481 4.1655703 1.6918834 2.5978086 1.420218 0.6614623 8.348079
3.8452358 -0.19798422 0.9624023 1.0638685 1.8053508 8.986652 8.331941 -0.5074835 3.6679003 1.2283096 5.0930862 2.6785321 2.6841893 1.579476 0.81459457 9.863136
3.7182813 -0.36371803 0.9139093 1.0654129 2.0625648 9.092867 8.374996 -0.70172215 3.6630888 1.2340763 5.066637 2.7062101 2.6250517 1.5827571 0.8320579 9.920678
3.9744205 0.66253996 1.2432158 0.8508229 1.0290852 8.977681 3.537376 0.48182774 1.6551324 0.7578949 4.594733 1.6386989 1.8489127 1.0977325 0.6362504 7.3927584
3.4957645 0.55236864 1.1953001 0.84221363 0.21559763 10.439789 0.7285249 0.54528236 0.26878718 0.41308296 4.4529963 1.7030773 0.750134 0.7019867 0.60739195 6.6237135
3.3861322 0.51408863 1.1680589 0.85209954 0.05086088 10.850998 0.089845866 0.6179352 -0.03753841 0.3360008 4.491413 1.7145817 0.51813686 0.605072 0.6105344 6.3421645
0
0
0
0
0
0
0
0
0
0
0
0
0
0
0
0
0
0
0
0
0
0
0
0
0
0
0
0
0
0
0
0
0
0
0
0
0
0
0
0
0
0
0
0
5
5
5
5
5
5
5
5
5
5
5
5
5
5
5
5
5
5
5
5
5
5
5
5
5
5
5
5
5
5
5
5
5
10
10
10
10
10
10
10
